4001,'1',738,,8712,5,0,20 21 29 24,1,100,,8708,5,0,20 21 29 24,1,100,,8717,5,0,20 21 29 24,1,100,,8715,5,0,20 21 29 24,1,100,,8710,5,0,20 21 29 24,1,100,,8707,5,0,20 21 29 24,1,100,,8714,5,0,20 21 29 24,1,100,,8706,5,0,20 21 29 24,1,100,,8705,5,0,20 21 29 24,1,100,,8709,5,0,20 21 29 24,1,100,,8716,5,0,20 21 29 24,1,100,,8718,5,0,20 21 29 24,1,100,,8711,5,0,20 21 29 24,1,100,,8713,5,0,20 21 29 24,1,100,,8704,5,0,20 21 29 24,1,100,,8719,5,0,20 21 29 24,1
4001,'11',738,,8728,5,0,20 21 29 24,1,100,,8724,5,0,20 21 29 24,1,100,,8733,5,0,20 21 29 24,1,100,,8731,5,0,20 21 29 24,1,100,,8726,5,0,20 21 29 24,1,100,,8723,5,0,20 21 29 24,1,100,,8730,5,0,20 21 29 24,1,100,,8722,5,0,20 21 29 24,1,100,,8721,5,0,20 21 29 24,1,100,,8725,5,0,20 21 29 24,1,100,,8732,5,0,20 21 29 24,1,100,,8734,5,0,20 21 29 24,1,100,,8727,5,0,20 21 29 24,1,100,,8729,5,0,20 21 29 24,1,100,,8720,5,0,20 21 29 24,1,100,,8735,5,0,20 21 29 24,1
4001,'12',1838,,8817,5,0,20 21 29 24,1,100,,8811,5,0,20 21 29 24,1,100,,8795,5,0,20 21 29 24,1,100,,8802,5,0,20 21 29 24,1,100,,8775,5,0,20 21 29 24,1
4001,'13',1838,,8904,5,0,20 21 29 24,1,100,,8900,5,0,20 21 29 24,1,100,,8889,5,0,20 21 29 24,1,100,,8893,5,0,20 21 29 24,1,100,,8869,5,0,20 21 29 24,1
4001,'16',738,,8936,5,0,20 21 29 24,1,100,,8932,5,0,20 21 29 24,1,100,,8941,5,0,20 21 29 24,1,100,,8939,5,0,20 21 29 24,1,100,,8934,5,0,20 21 29 24,1,100,,8931,5,0,20 21 29 24,1,100,,8938,5,0,20 21 29 24,1,100,,8930,5,0,20 21 29 24,1,100,,8929,5,0,20 21 29 24,1,100,,8933,5,0,20 21 29 24,1,100,,8940,5,0,20 21 29 24,1,100,,8942,5,0,20 21 29 24,1,100,,8935,5,0,20 21 29 24,1,100,,8937,5,0,20 21 29 24,1,100,,8928,5,0,20 21 29 24,1,100,,8943,5,0,20 21 29 24,1
4001,'3',1838,,9003,5,0,20 21 29 24,1,100,,8998,5,0,20 21 29 24,1,100,,8987,5,0,20 21 29 24,1,100,,8991,5,0,20 21 29 24,1,100,,8969,5,0,20 21 29 24,1
4001,'6',1838,,9106,5,0,20 21 29 24,1,100,,9101,5,0,20 21 29 24,1,100,,9085,5,0,20 21 29 24,1,100,,9092,5,0,20 21 29 24,1,100,,9063,5,0,20 21 29 24,1
4501,'1',713,,9137,3,0,20 21 30 12,1,100,,9146,3,0,20 21 30 12,1,100,,9136,3,0,20 21 30 12,1,100,,9151,3,0,20 21 30 12,1,100,,9139,3,0,20 21 30 12,1,100,,9140,3,0,20 21 30 12,1,100,,9149,3,0,20 21 30 12,1,100,,9142,3,0,20 21 30 12,1,100,,9147,3,0,20 21 30 12,1,100,,9143,3,0,20 21 30 12,1,100,,9141,3,0,20 21 30 12,1,100,,9138,3,0,20 21 30 12,1,100,,9145,3,0,20 21 30 12,1,100,,9144,3,0,20 21 30 12,1,100,,9150,3,0,20 21 30 12,1,100,,9148,3,0,20 21 30 12,1
4501,'11',713,,9153,3,0,20 21 30 12,1,100,,9162,3,0,20 21 30 12,1,100,,9152,3,0,20 21 30 12,1,100,,9167,3,0,20 21 30 12,1,100,,9155,3,0,20 21 30 12,1,100,,9156,3,0,20 21 30 12,1,100,,9165,3,0,20 21 30 12,1,100,,9158,3,0,20 21 30 12,1,100,,9163,3,0,20 21 30 12,1,100,,9159,3,0,20 21 30 12,1,100,,9157,3,0,20 21 30 12,1,100,,9154,3,0,20 21 30 12,1,100,,9161,3,0,20 21 30 12,1,100,,9160,3,0,20 21 30 12,1,100,,9166,3,0,20 21 30 12,1,100,,9164,3,0,20 21 30 12,1
4501,'12',1813,,9194,3,0,20 21 30 12,1,100,,9193,3,0,20 21 30 12,1,100,,9227,3,0,20 21 30 12,1,100,,9215,3,0,20 21 30 12,1,100,,9224,3,0,20 21 30 12,1
4501,'13',1813,,9299,3,0,20 21 30 12,1,100,,9298,3,0,20 21 30 12,1,100,,9324,3,0,20 21 30 12,1,100,,9315,3,0,20 21 30 12,1,100,,9322,3,0,20 21 30 12,1
4501,'16',713,,9360,3,0,20 21 30 12,1,100,,9369,3,0,20 21 30 12,1,100,,9359,3,0,20 21 30 12,1,100,,9374,3,0,20 21 30 12,1,100,,9362,3,0,20 21 30 12,1,100,,9363,3,0,20 21 30 12,1,100,,9372,3,0,20 21 30 12,1,100,,9365,3,0,20 21 30 12,1,100,,9370,3,0,20 21 30 12,1,100,,9366,3,0,20 21 30 12,1,100,,9364,3,0,20 21 30 12,1,100,,9361,3,0,20 21 30 12,1,100,,9368,3,0,20 21 30 12,1,100,,9367,3,0,20 21 30 12,1,100,,9373,3,0,20 21 30 12,1,100,,9371,3,0,20 21 30 12,1
4501,'3',1813,,9398,3,0,20 21 30 12,1,100,,9397,3,0,20 21 30 12,1,100,,9423,3,0,20 21 30 12,1,100,,9414,3,0,20 21 30 12,1,100,,9421,3,0,20 21 30 12,1
4501,'6',1813,,9482,3,0,20 21 30 12,1,100,,9481,3,0,20 21 30 12,1,100,,9515,3,0,20 21 30 12,1,100,,9503,3,0,20 21 30 12,1,100,,9512,3,0,20 21 30 12,1
