2501,'1',650,,12446,21,4,,1,100,,12449,21,4,,1,100,,12461,21,4,,1,100,,12460,21,4,,1,100,,12453,21,4,,1,100,,12450,21,4,,1,100,,12459,21,4,,1,100,,12451,21,4,,1,100,,12454,21,4,,1,100,,12455,21,4,,1,100,,12448,21,4,,1,100,,12456,21,4,,1,100,,12458,21,4,,1,100,,12457,21,4,,1,100,,12452,21,4,,1,100,,12447,21,4,,1
2501,'10',1050,,12465,21,4,,1,100,,12469,21,4,,1,100,,12466,21,4,,1,100,,12462,21,4,,1,100,,12468,21,4,,1,100,,12467,21,4,,1,100,,12463,21,4,,1,100,,12464,21,4,,1
2501,'11',1050,,12477,21,4,,1,100,,12471,21,4,,1,100,,12475,21,4,,1,100,,12470,21,4,,1,100,,12476,21,4,,1,100,,12474,21,4,,1,100,,12473,21,4,,1,100,,12472,21,4,,1
2501,'2',650,,12487,21,4,,1,100,,12491,21,4,,1,100,,12492,21,4,,1,100,,12486,21,4,,1,100,,12490,21,4,,1,100,,12479,21,4,,1,100,,12481,21,4,,1,100,,12480,21,4,,1,100,,12493,21,4,,1,100,,12484,21,4,,1,100,,12483,21,4,,1,100,,12489,21,4,,1,100,,12488,21,4,,1,100,,12485,21,4,,1,100,,12482,21,4,,1,100,,12478,21,4,,1
2501,'3',650,,12502,21,4,,1,100,,12504,21,4,,1,100,,12495,21,4,,1,100,,12494,21,4,,1,100,,12500,21,4,,1,100,,12506,21,4,,1,100,,12503,21,4,,1,100,,12507,21,4,,1,100,,12499,21,4,,1,100,,12498,21,4,,1,100,,12496,21,4,,1,100,,12497,21,4,,1,100,,12501,21,4,,1,100,,12505,21,4,,1,100,,12508,21,4,,1,100,,12509,21,4,,1
2501,'4',650,,12519,21,4,,1,100,,12522,21,4,,1,100,,12523,21,4,,1,100,,12516,21,4,,1,100,,12512,21,4,,1,100,,12520,21,4,,1,100,,12518,21,4,,1,100,,12525,21,4,,1,100,,12515,21,4,,1,100,,12517,21,4,,1,100,,12524,21,4,,1,100,,12513,21,4,,1,100,,12511,21,4,,1,100,,12521,21,4,,1,100,,12510,21,4,,1,100,,12514,21,4,,1
2501,'5',650,,12533,21,4,,1,100,,12529,21,4,,1,100,,12534,21,4,,1,100,,12539,21,4,,1,100,,12528,21,4,,1,100,,12541,21,4,,1,100,,12537,21,4,,1,100,,12532,21,4,,1,100,,12530,21,4,,1,100,,12527,21,4,,1,100,,12526,21,4,,1,100,,12535,21,4,,1,100,,12538,21,4,,1,100,,12536,21,4,,1,100,,12540,21,4,,1,100,,12531,21,4,,1
2501,'6',1050,,12542,21,4,,1,100,,12549,21,4,,1,100,,12546,21,4,,1,100,,12544,21,4,,1,100,,12543,21,4,,1,100,,12545,21,4,,1,100,,12548,21,4,,1,100,,12547,21,4,,1
2501,'7',650,,12560,21,4,,1,100,,12558,21,4,,1,100,,12563,21,4,,1,100,,12551,21,4,,1,100,,12552,21,4,,1,100,,12557,21,4,,1,100,,12561,21,4,,1,100,,12562,21,4,,1,100,,12553,21,4,,1,100,,12564,21,4,,1,100,,12556,21,4,,1,100,,12554,21,4,,1,100,,12550,21,4,,1,100,,12565,21,4,,1,100,,12559,21,4,,1,100,,12555,21,4,,1
2501,'8',650,,12570,21,4,,1,100,,12566,21,4,,1,100,,12571,21,4,,1,100,,12581,21,4,,1,100,,12575,21,4,,1,100,,12573,21,4,,1,100,,12579,21,4,,1,100,,12578,21,4,,1,100,,12577,21,4,,1,100,,12568,21,4,,1,100,,12574,21,4,,1,100,,12567,21,4,,1,100,,12576,21,4,,1,100,,12580,21,4,,1,100,,12572,21,4,,1,100,,12569,21,4,,1
2501,'9',650,,12596,21,4,,1,100,,12597,21,4,,1,100,,12595,21,4,,1,100,,12590,21,4,,1,100,,12586,21,4,,1,100,,12584,21,4,,1,100,,12582,21,4,,1,100,,12589,21,4,,1,100,,12591,21,4,,1,100,,12585,21,4,,1,100,,12593,21,4,,1,100,,12587,21,4,,1,100,,12588,21,4,,1,100,,12592,21,4,,1,100,,12594,21,4,,1,100,,12583,21,4,,1
