2501,'1',633,,12446,7,0,26 27 28,1,100,,12449,7,0,26 27 28,1,100,,12461,7,0,26 27 28,1,100,,12460,7,0,26 27 28,1,100,,12453,7,0,26 27 28,1,100,,12450,7,0,26 27 28,1,100,,12459,7,0,26 27 28,1,100,,12451,7,0,26 27 28,1,100,,12454,7,0,26 27 28,1,100,,12455,7,0,26 27 28,1,100,,12448,7,0,26 27 28,1,100,,12456,7,0,26 27 28,1,100,,12458,7,0,26 27 28,1,100,,12457,7,0,26 27 28,1,100,,12452,7,0,26 27 28,1,100,,12447,7,0,26 27 28,1
2501,'10',1033,,12465,7,0,26 27 28,1,100,,12469,7,0,26 27 28,1,100,,12466,7,0,26 27 28,1,100,,12462,7,0,26 27 28,1,100,,12468,7,0,26 27 28,1,100,,12467,7,0,26 27 28,1,100,,12463,7,0,26 27 28,1,100,,12464,7,0,26 27 28,1
2501,'11',1033,,12477,7,0,26 27 28,1,100,,12471,7,0,26 27 28,1,100,,12475,7,0,26 27 28,1,100,,12470,7,0,26 27 28,1,100,,12476,7,0,26 27 28,1,100,,12474,7,0,26 27 28,1,100,,12473,7,0,26 27 28,1,100,,12472,7,0,26 27 28,1
2501,'2',633,,12487,7,0,26 27 28,1,100,,12491,7,0,26 27 28,1,100,,12492,7,0,26 27 28,1,100,,12486,7,0,26 27 28,1,100,,12490,7,0,26 27 28,1,100,,12479,7,0,26 27 28,1,100,,12481,7,0,26 27 28,1,100,,12480,7,0,26 27 28,1,100,,12493,7,0,26 27 28,1,100,,12484,7,0,26 27 28,1,100,,12483,7,0,26 27 28,1,100,,12489,7,0,26 27 28,1,100,,12488,7,0,26 27 28,1,100,,12485,7,0,26 27 28,1,100,,12482,7,0,26 27 28,1,100,,12478,7,0,26 27 28,1
2501,'3',633,,12502,7,0,26 27 28,1,100,,12504,7,0,26 27 28,1,100,,12495,7,0,26 27 28,1,100,,12494,7,0,26 27 28,1,100,,12500,7,0,26 27 28,1,100,,12506,7,0,26 27 28,1,100,,12503,7,0,26 27 28,1,100,,12507,7,0,26 27 28,1,100,,12499,7,0,26 27 28,1,100,,12498,7,0,26 27 28,1,100,,12496,7,0,26 27 28,1,100,,12497,7,0,26 27 28,1,100,,12501,7,0,26 27 28,1,100,,12505,7,0,26 27 28,1,100,,12508,7,0,26 27 28,1,100,,12509,7,0,26 27 28,1
2501,'4',633,,12519,7,0,26 27 28,1,100,,12522,7,0,26 27 28,1,100,,12523,7,0,26 27 28,1,100,,12516,7,0,26 27 28,1,100,,12512,7,0,26 27 28,1,100,,12520,7,0,26 27 28,1,100,,12518,7,0,26 27 28,1,100,,12525,7,0,26 27 28,1,100,,12515,7,0,26 27 28,1,100,,12517,7,0,26 27 28,1,100,,12524,7,0,26 27 28,1,100,,12513,7,0,26 27 28,1,100,,12511,7,0,26 27 28,1,100,,12521,7,0,26 27 28,1,100,,12510,7,0,26 27 28,1,100,,12514,7,0,26 27 28,1
2501,'5',633,,12533,7,0,26 27 28,1,100,,12529,7,0,26 27 28,1,100,,12534,7,0,26 27 28,1,100,,12539,7,0,26 27 28,1,100,,12528,7,0,26 27 28,1,100,,12541,7,0,26 27 28,1,100,,12537,7,0,26 27 28,1,100,,12532,7,0,26 27 28,1,100,,12530,7,0,26 27 28,1,100,,12527,7,0,26 27 28,1,100,,12526,7,0,26 27 28,1,100,,12535,7,0,26 27 28,1,100,,12538,7,0,26 27 28,1,100,,12536,7,0,26 27 28,1,100,,12540,7,0,26 27 28,1,100,,12531,7,0,26 27 28,1
2501,'6',1033,,12542,7,0,26 27 28,1,100,,12549,7,0,26 27 28,1,100,,12546,7,0,26 27 28,1,100,,12544,7,0,26 27 28,1,100,,12543,7,0,26 27 28,1,100,,12545,7,0,26 27 28,1,100,,12548,7,0,26 27 28,1,100,,12547,7,0,26 27 28,1
2501,'7',633,,12560,7,0,26 27 28,1,100,,12558,7,0,26 27 28,1,100,,12563,7,0,26 27 28,1,100,,12551,7,0,26 27 28,1,100,,12552,7,0,26 27 28,1,100,,12557,7,0,26 27 28,1,100,,12561,7,0,26 27 28,1,100,,12562,7,0,26 27 28,1,100,,12553,7,0,26 27 28,1,100,,12564,7,0,26 27 28,1,100,,12556,7,0,26 27 28,1,100,,12554,7,0,26 27 28,1,100,,12550,7,0,26 27 28,1,100,,12565,7,0,26 27 28,1,100,,12559,7,0,26 27 28,1,100,,12555,7,0,26 27 28,1
2501,'8',633,,12570,7,0,26 27 28,1,100,,12566,7,0,26 27 28,1,100,,12571,7,0,26 27 28,1,100,,12581,7,0,26 27 28,1,100,,12575,7,0,26 27 28,1,100,,12573,7,0,26 27 28,1,100,,12579,7,0,26 27 28,1,100,,12578,7,0,26 27 28,1,100,,12577,7,0,26 27 28,1,100,,12568,7,0,26 27 28,1,100,,12574,7,0,26 27 28,1,100,,12567,7,0,26 27 28,1,100,,12576,7,0,26 27 28,1,100,,12580,7,0,26 27 28,1,100,,12572,7,0,26 27 28,1,100,,12569,7,0,26 27 28,1
2501,'9',633,,12596,7,0,26 27 28,1,100,,12597,7,0,26 27 28,1,100,,12595,7,0,26 27 28,1,100,,12590,7,0,26 27 28,1,100,,12586,7,0,26 27 28,1,100,,12584,7,0,26 27 28,1,100,,12582,7,0,26 27 28,1,100,,12589,7,0,26 27 28,1,100,,12591,7,0,26 27 28,1,100,,12585,7,0,26 27 28,1,100,,12593,7,0,26 27 28,1,100,,12587,7,0,26 27 28,1,100,,12588,7,0,26 27 28,1,100,,12592,7,0,26 27 28,1,100,,12594,7,0,26 27 28,1,100,,12583,7,0,26 27 28,1
