6501,'1',720,,14827,4,0,20 21 5 12,1,100,,14824,4,0,20 21 5 12,1,100,,14831,4,0,20 21 5 12,1,100,,14830,4,0,20 21 5 12,1,100,,14832,4,0,20 21 5 12,1,100,,14835,4,0,20 21 5 12,1,100,,14828,4,0,20 21 5 12,1,100,,14836,4,0,20 21 5 12,1,100,,14822,4,0,20 21 5 12,1,100,,14833,4,0,20 21 5 12,1,100,,14826,4,0,20 21 5 12,1,100,,14825,4,0,20 21 5 12,1,100,,14821,4,0,20 21 5 12,1,100,,14823,4,0,20 21 5 12,1,100,,14829,4,0,20 21 5 12,1,100,,14834,4,0,20 21 5 12,1
6501,'10',1020,,14842,4,0,20 21 5 12,1,100,,14843,4,0,20 21 5 12,1,100,,14841,4,0,20 21 5 12,1,100,,14837,4,0,20 21 5 12,1,100,,14844,4,0,20 21 5 12,1,100,,14840,4,0,20 21 5 12,1,100,,14839,4,0,20 21 5 12,1,100,,14838,4,0,20 21 5 12,1
6501,'11',1020,,14848,4,0,20 21 5 12,1,100,,14846,4,0,20 21 5 12,1,100,,14847,4,0,20 21 5 12,1,100,,14849,4,0,20 21 5 12,1,100,,14845,4,0,20 21 5 12,1,100,,14852,4,0,20 21 5 12,1,100,,14850,4,0,20 21 5 12,1,100,,14851,4,0,20 21 5 12,1
6501,'2',720,,14881,4,0,11 2 5 12,1,30,,14865,4,0,11 2 5 12,1,70,,14892,4,0,11 2 5 12,1,30,,14873,4,0,11 2 5 12,1,70,,14886,4,0,11 2 5 12,1,30,,14857,4,0,11 2 5 12,1,70,,14906,4,0,11 2 5 12,1,30,,14867,4,0,11 2 5 12,1,70,,14907,4,0,11 2 5 12,1,30,,14894,4,0,11 2 5 12,1,70,,14870,4,0,11 2 5 12,1,30,,14882,4,0,11 2 5 12,1,70,,14869,4,0,11 2 5 12,1,30,,14858,4,0,11 2 5 12,1,70,,14891,4,0,11 2 5 12,1,30,,14884,4,0,11 2 5 12,1,70,,14905,4,0,11 2 5 12,1,30,,14877,4,0,11 2 5 12,1,70,,14874,4,0,11 2 5 12,1,30,,14868,4,0,11 2 5 12,1,70,,14853,4,0,20 21 5 12,1,30,,14903,4,0,20 21 5 12,1,70,,14896,4,0,20 21 5 12,1,30,,14861,4,0,20 21 5 12,1,70,,14885,4,0,20 21 5 12,1,30,,14883,4,0,20 21 5 12,1,70,,14871,4,0,20 21 5 12,1,30,,14859,4,0,20 21 5 12,1,70,,14862,4,0,20 21 5 12,1,30,,14890,4,0,20 21 5 12,1,70,,14901,4,0,20 21 5 12,1,30,,14900,4,0,20 21 5 12,1
6501,'3',720,,14954,4,0,11 2 5 12,1,30,,14950,4,0,11 2 5 12,1,70,,14960,4,0,11 2 5 12,1,30,,14956,4,0,11 2 5 12,1,70,,14935,4,0,11 2 5 12,1,30,,14952,4,0,11 2 5 12,1,70,,14923,4,0,11 2 5 12,1,30,,14926,4,0,11 2 5 12,1,70,,14929,4,0,11 2 5 12,1,30,,14931,4,0,11 2 5 12,1,70,,14908,4,0,11 2 5 12,1,30,,14941,4,0,11 2 5 12,1,70,,14927,4,0,11 2 5 12,1,30,,14921,4,0,11 2 5 12,1,70,,14937,4,0,11 2 5 12,1,30,,14943,4,0,11 2 5 12,1,70,,14924,4,0,11 2 5 12,1,30,,14945,4,0,11 2 5 12,1,70,,14953,4,0,11 2 5 12,1,30,,14916,4,0,11 2 5 12,1,70,,14949,4,0,20 21 5 12,1,30,,14942,4,0,20 21 5 12,1,70,,14934,4,0,20 21 5 12,1,30,,14917,4,0,20 21 5 12,1,70,,14938,4,0,20 21 5 12,1,30,,14920,4,0,20 21 5 12,1,70,,14911,4,0,20 21 5 12,1,30,,14913,4,0,20 21 5 12,1,70,,14928,4,0,20 21 5 12,1,30,,14918,4,0,20 21 5 12,1,70,,14914,4,0,20 21 5 12,1,30,,14912,4,0,20 21 5 12,1
6501,'4',720,,15016,4,0,11 2 5 12,1,30,,14989,4,0,11 2 5 12,1,70,,14986,4,0,11 2 5 12,1,30,,14974,4,0,11 2 5 12,1,70,,14988,4,0,11 2 5 12,1,30,,14987,4,0,11 2 5 12,1,70,,14963,4,0,11 2 5 12,1,30,,15007,4,0,11 2 5 12,1,70,,14990,4,0,11 2 5 12,1,30,,15013,4,0,11 2 5 12,1,70,,15003,4,0,11 2 5 12,1,30,,15001,4,0,11 2 5 12,1,70,,15015,4,0,11 2 5 12,1,30,,14981,4,0,11 2 5 12,1,70,,14966,4,0,11 2 5 12,1,30,,14971,4,0,11 2 5 12,1,70,,14970,4,0,11 2 5 12,1,30,,14975,4,0,11 2 5 12,1,70,,15017,4,0,11 2 5 12,1,30,,14977,4,0,11 2 5 12,1,70,,14999,4,0,20 21 5 12,1,30,,15010,4,0,20 21 5 12,1,70,,14979,4,0,20 21 5 12,1,30,,15004,4,0,20 21 5 12,1,70,,14992,4,0,20 21 5 12,1,30,,14997,4,0,20 21 5 12,1,70,,14972,4,0,20 21 5 12,1,30,,14998,4,0,20 21 5 12,1,70,,14969,4,0,20 21 5 12,1,30,,14967,4,0,20 21 5 12,1,70,,14982,4,0,20 21 5 12,1,30,,14991,4,0,20 21 5 12,1
6501,'5',720,,15031,4,0,20 21 5 12,1,100,,15020,4,0,20 21 5 12,1,100,,15027,4,0,20 21 5 12,1,100,,15033,4,0,20 21 5 12,1,100,,15032,4,0,20 21 5 12,1,100,,15024,4,0,20 21 5 12,1,100,,15021,4,0,20 21 5 12,1,100,,15022,4,0,20 21 5 12,1,100,,15026,4,0,20 21 5 12,1,100,,15023,4,0,20 21 5 12,1,100,,15028,4,0,20 21 5 12,1,100,,15018,4,0,20 21 5 12,1,100,,15030,4,0,20 21 5 12,1,100,,15025,4,0,20 21 5 12,1,100,,15029,4,0,20 21 5 12,1,100,,15019,4,0,20 21 5 12,1
6501,'6',1020,,15034,4,0,20 21 5 12,1,100,,15037,4,0,20 21 5 12,1,100,,15039,4,0,20 21 5 12,1,100,,15041,4,0,20 21 5 12,1,100,,15038,4,0,20 21 5 12,1,100,,15040,4,0,20 21 5 12,1,100,,15035,4,0,20 21 5 12,1,100,,15036,4,0,20 21 5 12,1
6501,'7',720,,15094,4,0,11 2 5 12,1,30,,15085,4,0,11 2 5 12,1,70,,15096,4,0,11 2 5 12,1,30,,15063,4,0,11 2 5 12,1,70,,15089,4,0,11 2 5 12,1,30,,15076,4,0,11 2 5 12,1,70,,15078,4,0,11 2 5 12,1,30,,15046,4,0,11 2 5 12,1,70,,15087,4,0,11 2 5 12,1,30,,15074,4,0,11 2 5 12,1,70,,15083,4,0,11 2 5 12,1,30,,15092,4,0,11 2 5 12,1,70,,15067,4,0,11 2 5 12,1,30,,15091,4,0,11 2 5 12,1,70,,15057,4,0,11 2 5 12,1,30,,15043,4,0,11 2 5 12,1,70,,15044,4,0,11 2 5 12,1,30,,15090,4,0,11 2 5 12,1,70,,15075,4,0,11 2 5 12,1,30,,15052,4,0,11 2 5 12,1,70,,15055,4,0,20 21 5 12,1,30,,15088,4,0,20 21 5 12,1,70,,15080,4,0,20 21 5 12,1,30,,15068,4,0,20 21 5 12,1,70,,15053,4,0,20 21 5 12,1,30,,15060,4,0,20 21 5 12,1,70,,15084,4,0,20 21 5 12,1,30,,15093,4,0,20 21 5 12,1,70,,15050,4,0,20 21 5 12,1,30,,15073,4,0,20 21 5 12,1,70,,15051,4,0,20 21 5 12,1,30,,15070,4,0,20 21 5 12,1
6501,'8',720,,15131,4,0,11 2 5 12,1,30,,15100,4,0,11 2 5 12,1,70,,15134,4,0,11 2 5 12,1,30,,15107,4,0,11 2 5 12,1,70,,15130,4,0,11 2 5 12,1,30,,15124,4,0,11 2 5 12,1,70,,15142,4,0,11 2 5 12,1,30,,15140,4,0,11 2 5 12,1,70,,15128,4,0,11 2 5 12,1,30,,15122,4,0,11 2 5 12,1,70,,15120,4,0,11 2 5 12,1,30,,15139,4,0,11 2 5 12,1,70,,15138,4,0,11 2 5 12,1,30,,15147,4,0,11 2 5 12,1,70,,15146,4,0,11 2 5 12,1,30,,15144,4,0,11 2 5 12,1,70,,15099,4,0,11 2 5 12,1,30,,15109,4,0,11 2 5 12,1,70,,15143,4,0,11 2 5 12,1,30,,15113,4,0,11 2 5 12,1,70,,15101,4,0,20 21 5 12,1,30,,15098,4,0,20 21 5 12,1,70,,15118,4,0,20 21 5 12,1,30,,15129,4,0,20 21 5 12,1,70,,15097,4,0,20 21 5 12,1,30,,15127,4,0,20 21 5 12,1,70,,15141,4,0,20 21 5 12,1,30,,15132,4,0,20 21 5 12,1,70,,15150,4,0,20 21 5 12,1,30,,15104,4,0,20 21 5 12,1,70,,15148,4,0,20 21 5 12,1,30,,15137,4,0,20 21 5 12,1
6501,'9',720,,15171,4,0,11 2 5 12,1,30,,15168,4,0,11 2 5 12,1,70,,15194,4,0,11 2 5 12,1,30,,15187,4,0,11 2 5 12,1,70,,15157,4,0,11 2 5 12,1,30,,15192,4,0,11 2 5 12,1,70,,15152,4,0,11 2 5 12,1,30,,15193,4,0,11 2 5 12,1,70,,15166,4,0,11 2 5 12,1,30,,15178,4,0,11 2 5 12,1,70,,15160,4,0,11 2 5 12,1,30,,15177,4,0,11 2 5 12,1,70,,15204,4,0,11 2 5 12,1,30,,15156,4,0,11 2 5 12,1,70,,15189,4,0,11 2 5 12,1,30,,15180,4,0,11 2 5 12,1,70,,15182,4,0,11 2 5 12,1,30,,15174,4,0,11 2 5 12,1,70,,15173,4,0,11 2 5 12,1,30,,15175,4,0,11 2 5 12,1,70,,15172,4,0,20 21 5 12,1,30,,15158,4,0,20 21 5 12,1,70,,15190,4,0,20 21 5 12,1,30,,15184,4,0,20 21 5 12,1,70,,15154,4,0,20 21 5 12,1,30,,15196,4,0,20 21 5 12,1,70,,15202,4,0,20 21 5 12,1,30,,15179,4,0,20 21 5 12,1,70,,15199,4,0,20 21 5 12,1,30,,15195,4,0,20 21 5 12,1,70,,15191,4,0,20 21 5 12,1,30,,15159,4,0,20 21 5 12,1
