5001,'1',712,,14153,3,0,20 21 23 24,1,100,,14157,3,0,20 21 23 24,1,100,,14156,3,0,20 21 23 24,1,100,,14148,3,0,20 21 23 24,1,100,,14152,3,0,20 21 23 24,1,100,,14150,3,0,20 21 23 24,1,100,,14158,3,0,20 21 23 24,1,100,,14146,3,0,20 21 23 24,1,100,,14159,3,0,20 21 23 24,1,100,,14160,3,0,20 21 23 24,1,100,,14149,3,0,20 21 23 24,1,100,,14151,3,0,20 21 23 24,1,100,,14147,3,0,20 21 23 24,1,100,,11661,3,0,20 21 23 24,1,100,,14154,3,0,20 21 23 24,1,100,,14155,3,0,20 21 23 24,1
5001,'10',1012,,14167,3,0,20 21 23 24,1,100,,14168,3,0,20 21 23 24,1,100,,14165,3,0,20 21 23 24,1,100,,14163,3,0,20 21 23 24,1,100,,14161,3,0,20 21 23 24,1,100,,14162,3,0,20 21 23 24,1,100,,14166,3,0,20 21 23 24,1,100,,14164,3,0,20 21 23 24,1
5001,'11',1012,,14170,3,0,20 21 23 24,1,100,,14175,3,0,20 21 23 24,1,100,,14173,3,0,20 21 23 24,1,100,,14176,3,0,20 21 23 24,1,100,,14169,3,0,20 21 23 24,1,100,,14172,3,0,20 21 23 24,1,100,,14174,3,0,20 21 23 24,1,100,,14171,3,0,20 21 23 24,1
5001,'2',712,,14191,3,0,11 2 23 24,1,100,,14181,3,0,11 2 23 24,1,100,,14177,3,0,11 2 23 24,1,100,,14188,3,0,11 2 23 24,1,100,,14178,3,0,11 2 23 24,1,100,,14184,3,0,11 2 23 24,1,100,,14192,3,0,11 2 23 24,1,100,,14186,3,0,11 2 23 24,1,100,,14189,3,0,11 2 23 24,1,100,,14187,3,0,11 2 23 24,1,100,,14190,3,0,20 21 23 24,1,100,,14179,3,0,20 21 23 24,1,100,,14185,3,0,20 21 23 24,1,100,,14183,3,0,20 21 23 24,1,100,,14182,3,0,20 21 23 24,1,100,,14180,3,0,20 21 23 24,1
5001,'3',712,,14204,3,0,11 2 23 24,1,100,,14196,3,0,11 2 23 24,1,100,,14208,3,0,11 2 23 24,1,100,,14205,3,0,11 2 23 24,1,100,,14200,3,0,11 2 23 24,1,100,,14201,3,0,11 2 23 24,1,100,,14206,3,0,11 2 23 24,1,100,,14197,3,0,11 2 23 24,1,100,,14194,3,0,11 2 23 24,1,100,,14202,3,0,11 2 23 24,1,100,,14198,3,0,20 21 23 24,1,100,,14193,3,0,20 21 23 24,1,100,,14203,3,0,20 21 23 24,1,100,,14199,3,0,20 21 23 24,1,100,,14195,3,0,20 21 23 24,1,100,,14207,3,0,20 21 23 24,1
5001,'4',712,,14212,3,0,11 2 23 24,1,100,,14223,3,0,11 2 23 24,1,100,,14219,3,0,11 2 23 24,1,100,,14217,3,0,11 2 23 24,1,100,,14222,3,0,11 2 23 24,1,100,,14221,3,0,11 2 23 24,1,100,,14209,3,0,11 2 23 24,1,100,,14224,3,0,11 2 23 24,1,100,,14210,3,0,11 2 23 24,1,100,,14211,3,0,11 2 23 24,1,100,,14213,3,0,20 21 23 24,1,100,,14218,3,0,20 21 23 24,1,100,,14220,3,0,20 21 23 24,1,100,,14214,3,0,20 21 23 24,1,100,,14216,3,0,20 21 23 24,1,100,,14215,3,0,20 21 23 24,1
5001,'5',712,,14237,3,0,20 21 23 24,1,100,,14233,3,0,20 21 23 24,1,100,,14229,3,0,20 21 23 24,1,100,,14225,3,0,20 21 23 24,1,100,,14230,3,0,20 21 23 24,1,100,,14239,3,0,20 21 23 24,1,100,,14231,3,0,20 21 23 24,1,100,,14235,3,0,20 21 23 24,1,100,,14232,3,0,20 21 23 24,1,100,,14240,3,0,20 21 23 24,1,100,,14228,3,0,20 21 23 24,1,100,,14227,3,0,20 21 23 24,1,100,,14226,3,0,20 21 23 24,1,100,,14238,3,0,20 21 23 24,1,100,,14234,3,0,20 21 23 24,1,100,,14236,3,0,20 21 23 24,1
5001,'6',1012,,14248,3,0,20 21 23 24,1,100,,14242,3,0,20 21 23 24,1,100,,14243,3,0,20 21 23 24,1,100,,14241,3,0,20 21 23 24,1,100,,14244,3,0,20 21 23 24,1,100,,14246,3,0,20 21 23 24,1,100,,14247,3,0,20 21 23 24,1,100,,14245,3,0,20 21 23 24,1
5001,'7',712,,14258,3,0,11 2 23 24,1,100,,14256,3,0,11 2 23 24,1,100,,14257,3,0,11 2 23 24,1,100,,14264,3,0,11 2 23 24,1,100,,14251,3,0,11 2 23 24,1,100,,14262,3,0,11 2 23 24,1,100,,14249,3,0,11 2 23 24,1,100,,14255,3,0,11 2 23 24,1,100,,14261,3,0,11 2 23 24,1,100,,14254,3,0,11 2 23 24,1,100,,14260,3,0,20 21 23 24,1,100,,14253,3,0,20 21 23 24,1,100,,14263,3,0,20 21 23 24,1,100,,14250,3,0,20 21 23 24,1,100,,14259,3,0,20 21 23 24,1,100,,14252,3,0,20 21 23 24,1
5001,'8',712,,14270,3,0,11 2 23 24,1,100,,14271,3,0,11 2 23 24,1,100,,14278,3,0,11 2 23 24,1,100,,14269,3,0,11 2 23 24,1,100,,14267,3,0,11 2 23 24,1,100,,14273,3,0,11 2 23 24,1,100,,14275,3,0,11 2 23 24,1,100,,14276,3,0,11 2 23 24,1,100,,14277,3,0,11 2 23 24,1,100,,14265,3,0,11 2 23 24,1,100,,14272,3,0,20 21 23 24,1,100,,14280,3,0,20 21 23 24,1,100,,14268,3,0,20 21 23 24,1,100,,14279,3,0,20 21 23 24,1,100,,14274,3,0,20 21 23 24,1,100,,14266,3,0,20 21 23 24,1
5001,'9',712,,14282,3,0,11 2 23 24,1,100,,14289,3,0,11 2 23 24,1,100,,14286,3,0,11 2 23 24,1,100,,14281,3,0,11 2 23 24,1,100,,14294,3,0,11 2 23 24,1,100,,14287,3,0,11 2 23 24,1,100,,14296,3,0,11 2 23 24,1,100,,14283,3,0,11 2 23 24,1,100,,14288,3,0,11 2 23 24,1,100,,14284,3,0,11 2 23 24,1,100,,14291,3,0,20 21 23 24,1,100,,14293,3,0,20 21 23 24,1,100,,14290,3,0,20 21 23 24,1,100,,14295,3,0,20 21 23 24,1,100,,14292,3,0,20 21 23 24,1,100,,14285,3,0,20 21 23 24,1
