3400,'2',734,,12601,3,0,5 6 7 8 2 9 8,1,170,,12603,3,0,5 6 7 8 2 9 8,1,130,,12606,3,0,5 6 7 8 2 9 8,1,170,,12602,3,0,5 6 7 8 2 9 8,1,130,,12599,3,0,5 6 7 8 2 9 8,1,170,,12607,3,0,5 6 7 8 2 9 8,1,130,,12600,3,0,5 6 7 8 2 9 8,1,170,,12598,3,0,5 6 7 8 2 9 8,1,130,,12604,3,0,5 6 7 8 2 9 8,1,170,,12605,3,0,5 6 7 8 2 9 8,1
3400,'3',734,,12609,3,0,5 6 7 8 2 9 8,1,170,,12616,3,0,5 6 7 8 2 9 8,1,130,,12610,3,0,5 6 7 8 2 9 8,1,170,,12615,3,0,5 6 7 8 2 9 8,1,130,,12617,3,0,5 6 7 8 2 9 8,1,170,,12614,3,0,5 6 7 8 2 9 8,1,130,,12612,3,0,5 6 7 8 2 9 8,1,170,,12608,3,0,5 6 7 8 2 9 8,1,130,,12613,3,0,5 6 7 8 2 9 8,1,170,,12611,3,0,5 6 7 8 2 9 8,1
3400,'4',734,,12626,3,0,5 6 7 8 2 9 8,1,170,,12621,3,0,5 6 7 8 2 9 8,1,130,,12620,3,0,5 6 7 8 2 9 8,1,170,,11852,3,0,5 6 7 8 2 9 8,1,130,,12619,3,0,5 6 7 8 2 9 8,1,170,,12622,3,0,5 6 7 8 2 9 8,1,130,,12624,3,0,5 6 7 8 2 9 8,1,170,,12623,3,0,5 6 7 8 2 9 8,1,130,,12618,3,0,5 6 7 8 2 9 8,1,170,,12625,3,0,5 6 7 8 2 9 8,1
3400,'7',734,,12635,3,0,5 6 7 8 2 9 8,1,170,,12627,3,0,5 6 7 8 2 9 8,1,130,,12628,3,0,5 6 7 8 2 9 8,1,170,,12630,3,0,5 6 7 8 2 9 8,1,130,,12631,3,0,5 6 7 8 2 9 8,1,170,,12634,3,0,5 6 7 8 2 9 8,1,130,,12629,3,0,5 6 7 8 2 9 8,1,170,,12632,3,0,5 6 7 8 2 9 8,1,130,,12633,3,0,5 6 7 8 2 9 8,1,170,,12636,3,0,5 6 7 8 2 9 8,1
3400,'8',734,,12640,3,0,5 6 7 8 2 9 8,1,170,,12637,3,0,5 6 7 8 2 9 8,1,130,,12646,3,0,5 6 7 8 2 9 8,1,170,,12644,3,0,5 6 7 8 2 9 8,1,130,,12641,3,0,5 6 7 8 2 9 8,1,170,,12643,3,0,5 6 7 8 2 9 8,1,130,,12642,3,0,5 6 7 8 2 9 8,1,170,,12638,3,0,5 6 7 8 2 9 8,1,130,,12645,3,0,5 6 7 8 2 9 8,1,170,,12639,3,0,5 6 7 8 2 9 8,1
3400,'9',734,,12647,3,0,5 6 7 8 2 9 8,1,170,,12649,3,0,5 6 7 8 2 9 8,1,130,,12651,3,0,5 6 7 8 2 9 8,1,170,,12656,3,0,5 6 7 8 2 9 8,1,130,,12648,3,0,5 6 7 8 2 9 8,1,170,,12652,3,0,5 6 7 8 2 9 8,1,130,,12650,3,0,5 6 7 8 2 9 8,1,170,,12655,3,0,5 6 7 8 2 9 8,1,130,,12653,3,0,5 6 7 8 2 9 8,1,170,,12654,3,0,5 6 7 8 2 9 8,1
3401,'2',748,,12665,2,0,5 6 7 8 2 7 10,1,170,,12657,2,0,5 6 7 8 2 7 10,1,130,,12661,2,0,5 6 7 8 2 7 10,1,170,,12659,2,0,5 6 7 8 2 7 10,1,130,,12662,2,0,5 6 7 8 2 7 10,1,170,,12660,2,0,5 6 7 8 2 7 10,1,130,,12664,2,0,5 6 7 8 2 7 10,1,170,,12666,2,0,5 6 7 8 2 7 10,1,130,,12663,2,0,5 6 7 8 2 7 10,1,170,,12658,2,0,5 6 7 8 2 7 10,1
3401,'3',748,,12673,2,0,5 6 7 8 2 7 10,1,170,,12674,2,0,5 6 7 8 2 7 10,1,130,,12668,2,0,5 6 7 8 2 7 10,1,170,,12675,2,0,5 6 7 8 2 7 10,1,130,,12667,2,0,5 6 7 8 2 7 10,1,170,,12676,2,0,5 6 7 8 2 7 10,1,130,,12671,2,0,5 6 7 8 2 7 10,1,170,,12669,2,0,5 6 7 8 2 7 10,1,130,,12670,2,0,5 6 7 8 2 7 10,1,170,,12672,2,0,5 6 7 8 2 7 10,1
3401,'4',748,,12683,2,0,5 6 7 8 2 7 10,1,170,,12679,2,0,5 6 7 8 2 7 10,1,130,,12678,2,0,5 6 7 8 2 7 10,1,170,,12684,2,0,5 6 7 8 2 7 10,1,130,,12686,2,0,5 6 7 8 2 7 10,1,170,,12682,2,0,5 6 7 8 2 7 10,1,130,,12680,2,0,5 6 7 8 2 7 10,1,170,,12677,2,0,5 6 7 8 2 7 10,1,130,,12685,2,0,5 6 7 8 2 7 10,1,170,,12681,2,0,5 6 7 8 2 7 10,1
3401,'7',748,,12690,2,0,5 6 7 8 2 7 10,1,170,,12694,2,0,5 6 7 8 2 7 10,1,130,,12692,2,0,5 6 7 8 2 7 10,1,170,,12696,2,0,5 6 7 8 2 7 10,1,130,,12689,2,0,5 6 7 8 2 7 10,1,170,,12691,2,0,5 6 7 8 2 7 10,1,130,,12693,2,0,5 6 7 8 2 7 10,1,170,,12695,2,0,5 6 7 8 2 7 10,1,130,,12687,2,0,5 6 7 8 2 7 10,1,170,,12688,2,0,5 6 7 8 2 7 10,1
3401,'8',748,,12700,2,0,5 6 7 8 2 7 10,1,170,,12698,2,0,5 6 7 8 2 7 10,1,130,,12701,2,0,5 6 7 8 2 7 10,1,170,,12704,2,0,5 6 7 8 2 7 10,1,130,,12703,2,0,5 6 7 8 2 7 10,1,170,,12697,2,0,5 6 7 8 2 7 10,1,130,,12699,2,0,5 6 7 8 2 7 10,1,170,,12702,2,0,5 6 7 8 2 7 10,1,130,,12705,2,0,5 6 7 8 2 7 10,1,170,,12706,2,0,5 6 7 8 2 7 10,1
3401,'9',748,,12715,2,0,5 6 7 8 2 7 10,1,170,,12716,2,0,5 6 7 8 2 7 10,1,130,,12710,2,0,5 6 7 8 2 7 10,1,170,,12711,2,0,5 6 7 8 2 7 10,1,130,,12707,2,0,5 6 7 8 2 7 10,1,170,,12712,2,0,5 6 7 8 2 7 10,1,130,,12708,2,0,5 6 7 8 2 7 10,1,170,,12709,2,0,5 6 7 8 2 7 10,1,130,,12713,2,0,5 6 7 8 2 7 10,1,170,,12714,2,0,5 6 7 8 2 7 10,1
