4001,'1',747,,8712,7,4,,1,100,,8708,7,4,,1,100,,8717,7,4,,1,100,,8715,7,4,,1,100,,8710,7,4,,1,100,,8707,7,4,,1,100,,8714,7,4,,1,100,,8706,7,4,,1,100,,8705,7,4,,1,100,,8709,7,4,,1,100,,8716,7,4,,1,100,,8718,7,4,,1,100,,8711,7,4,,1,100,,8713,7,4,,1,100,,8704,7,4,,1,100,,8719,7,4,,1
4001,'11',747,,8728,7,4,,1,100,,8724,7,4,,1,100,,8733,7,4,,1,100,,8731,7,4,,1,100,,8726,7,4,,1,100,,8723,7,4,,1,100,,8730,7,4,,1,100,,8722,7,4,,1,100,,8721,7,4,,1,100,,8725,7,4,,1,100,,8732,7,4,,1,100,,8734,7,4,,1,100,,8727,7,4,,1,100,,8729,7,4,,1,100,,8720,7,4,,1,100,,8735,7,4,,1
4001,'12',732,,8797,2,4,,1,15,,8812,5,4,,1,5,,8819,2,4,,1,60,,8790,2,4,,1,20,,8785,2,4,,1,15,,8787,5,4,,1,5,,8792,2,4,,1,60,,8800,2,4,,1,20,,8769,2,4,,1,15,,8815,5,4,,1,5,,8796,2,4,,1,60,,8820,2,4,,1,20,,8770,2,4,,1,15,,8813,5,4,,1,5,,8757,2,4,,1,60,,8799,2,4,,1,20,,8740,2,4,,1,15,,8844,5,4,,1,5,,8810,2,4,,1,60,,8807,2,4,,1,20,,8779,2,4,,1,15,,8741,5,4,,1,5,,8841,2,4,,1,60,,8843,2,4,,1,20,,8791,2,4,,1,15,,8816,5,4,,1,5,,8831,2,4,,1,61,,8746,2,4,,1,20,,8801,2,4,,1,14,,8762,5,4,,1,6,,8825,2,4,,1,60,,8805,2,4,,1,20,,8776,2,4,,1,14,,8778,5,4,,1,6,,8794,2,4,,1,60,,8789,2,4,,1,20,,8824,2,4,,1,14,,8782,5,4,,1,6,,8745,2,4,,1,60,,8827,2,4,,1,20,,8809,2,4,,1,14,,8845,5,4,,1,6,,8806,2,4,,1,60,,8759,2,4,,1,20,,8793,2,4,,1,14,,8817,7,4,,1,6,,8749,2,4,,1,59,,8753,2,4,,1,20,,8756,2,4,,1,15,,8811,7,4,,1,5,,8767,2,4,,1,60,,8814,2,4,,1,20,,8804,2,4,,1,15,,8795,7,4,,1,5,,8761,2,4,,1,60,,8822,2,4,,1,20,,8764,2,4,,1,15,,8802,7,4,,1,5,,8743,2,4,,1,60,,8830,2,4,,1,20,,8838,2,4,,1,15,,8775,7,4,,1,5,,8768,2,4,,1
4001,'13',732,,8890,2,4,,1,15,,8901,5,4,,1,5,,8906,2,4,,1,60,,8882,2,4,,1,20,,8878,2,4,,1,15,,8876,5,4,,1,5,,8884,2,4,,1,60,,7304,2,4,,1,20,,8865,2,4,,1,15,,8902,5,4,,1,5,,7794,2,4,,1,60,,8907,2,4,,1,20,,8866,2,4,,1,15,,8888,5,4,,1,5,,8860,2,4,,1,60,,8891,2,4,,1,20,,8849,2,4,,1,15,,8925,5,4,,1,5,,8899,2,4,,1,60,,8896,2,4,,1,20,,8873,2,4,,1,15,,8887,5,4,,1,5,,8922,2,4,,1,60,,8924,2,4,,1,20,,8883,2,4,,1,15,,8903,5,4,,1,5,,8916,2,4,,1,61,,8853,2,4,,1,20,,8892,2,4,,1,14,,8912,5,4,,1,6,,8911,2,4,,1,60,,8894,2,4,,1,20,,8870,2,4,,1,14,,8872,5,4,,1,6,,8886,2,4,,1,60,,8881,2,4,,1,20,,8910,2,4,,1,14,,8875,5,4,,1,6,,8852,2,4,,1,60,,8914,2,4,,1,20,,8898,2,4,,1,14,,8926,5,4,,1,6,,8895,2,4,,1,60,,8862,2,4,,1,20,,8885,2,4,,1,14,,8904,7,4,,1,100,,8900,7,4,,1,100,,8889,7,4,,1,100,,8893,7,4,,1,100,,8869,7,4,,1
4001,'16',747,,8936,7,4,,1,100,,8932,7,4,,1,100,,8941,7,4,,1,100,,8939,7,4,,1,100,,8934,7,4,,1,100,,8931,7,4,,1,100,,8938,7,4,,1,100,,8930,7,4,,1,100,,8929,7,4,,1,100,,8933,7,4,,1,100,,8940,7,4,,1,100,,8942,7,4,,1,100,,8935,7,4,,1,100,,8937,7,4,,1,100,,8928,7,4,,1,100,,8943,7,4,,1
4001,'3',732,,8988,2,4,,1,15,,8999,5,4,,1,5,,9005,2,4,,1,60,,8982,2,4,,1,20,,8977,2,4,,1,15,,8979,5,4,,1,5,,8984,2,4,,1,60,,7401,2,4,,1,20,,8965,2,4,,1,15,,9001,5,4,,1,5,,7860,2,4,,1,60,,9006,2,4,,1,20,,8966,2,4,,1,15,,9000,5,4,,1,5,,8959,2,4,,1,60,,8989,2,4,,1,20,,8947,2,4,,1,15,,9023,5,4,,1,5,,8997,2,4,,1,60,,8994,2,4,,1,20,,8973,2,4,,1,15,,8948,5,4,,1,5,,9020,2,4,,1,60,,9022,2,4,,1,20,,8983,2,4,,1,15,,9002,5,4,,1,5,,9014,2,4,,1,61,,8952,2,4,,1,20,,8990,2,4,,1,14,,8962,5,4,,1,6,,9010,2,4,,1,60,,8992,2,4,,1,20,,8970,2,4,,1,14,,8972,5,4,,1,6,,8986,2,4,,1,60,,8981,2,4,,1,20,,9009,2,4,,1,14,,8975,5,4,,1,6,,8951,2,4,,1,60,,9012,2,4,,1,20,,8996,2,4,,1,14,,9024,5,4,,1,6,,8993,2,4,,1,60,,8961,2,4,,1,20,,8985,2,4,,1,14,,9003,7,4,,1,100,,8998,7,4,,1,100,,8987,7,4,,1,100,,8991,7,4,,1,100,,8969,7,4,,1
4001,'6',732,,9087,2,4,,1,15,,9102,5,4,,1,5,,9108,2,4,,1,60,,9078,2,4,,1,20,,9074,2,4,,1,15,,9072,5,4,,1,5,,9080,2,4,,1,60,,9090,2,4,,1,20,,9057,2,4,,1,15,,9104,5,4,,1,5,,9086,2,4,,1,60,,9109,2,4,,1,20,,9058,2,4,,1,15,,9084,5,4,,1,5,,9046,2,4,,1,60,,9089,2,4,,1,20,,9030,2,4,,1,15,,9134,5,4,,1,5,,9100,2,4,,1,60,,9097,2,4,,1,20,,9067,2,4,,1,15,,9083,5,4,,1,5,,9131,2,4,,1,60,,9133,2,4,,1,20,,9079,2,4,,1,15,,9105,5,4,,1,5,,9121,2,4,,1,61,,9035,2,4,,1,20,,9091,2,4,,1,14,,9115,5,4,,1,6,,9114,2,4,,1,60,,9095,2,4,,1,20,,9064,2,4,,1,14,,9066,5,4,,1,6,,9082,2,4,,1,60,,9077,2,4,,1,20,,9113,2,4,,1,14,,9070,5,4,,1,6,,9034,2,4,,1,60,,9117,2,4,,1,20,,9099,2,4,,1,14,,9135,5,4,,1,6,,9096,2,4,,1,60,,9048,2,4,,1,20,,9081,2,4,,1,14,,9106,7,4,,1,6,,9038,2,4,,1,59,,9042,2,4,,1,20,,9045,2,4,,1,15,,9101,7,4,,1,5,,9055,2,4,,1,60,,9103,2,4,,1,20,,9094,2,4,,1,15,,9085,7,4,,1,5,,9050,2,4,,1,60,,9111,2,4,,1,20,,9052,2,4,,1,15,,9092,7,4,,1,5,,9032,2,4,,1,60,,9120,2,4,,1,20,,9128,2,4,,1,15,,9063,7,4,,1,5,,9056,2,4,,1
4501,'1',705,,9137,1,0,20 21 30 12,1,100,,9146,1,0,20 21 30 12,1,100,,9136,1,0,20 21 30 12,1,100,,9151,1,0,20 21 30 12,1,100,,9139,1,0,20 21 30 12,1,100,,9140,1,0,20 21 30 12,1,100,,9149,1,0,20 21 30 12,1,100,,9142,1,0,20 21 30 12,1,100,,9147,1,0,20 21 30 12,1,100,,9143,1,0,20 21 30 12,1,100,,9141,1,0,20 21 30 12,1,100,,9138,1,0,20 21 30 12,1,100,,9145,1,0,20 21 30 12,1,100,,9144,1,0,20 21 30 12,1,100,,9150,1,0,20 21 30 12,1,100,,9148,1,0,20 21 30 12,1
4501,'11',705,,9153,1,0,20 21 30 12,1,100,,9162,1,0,20 21 30 12,1,100,,9152,1,0,20 21 30 12,1,100,,9167,1,0,20 21 30 12,1,100,,9155,1,0,20 21 30 12,1,100,,9156,1,0,20 21 30 12,1,100,,9165,1,0,20 21 30 12,1,100,,9158,1,0,20 21 30 12,1,100,,9163,1,0,20 21 30 12,1,100,,9159,1,0,20 21 30 12,1,100,,9157,1,0,20 21 30 12,1,100,,9154,1,0,20 21 30 12,1,100,,9161,1,0,20 21 30 12,1,100,,9160,1,0,20 21 30 12,1,100,,9166,1,0,20 21 30 12,1,100,,9164,1,0,20 21 30 12,1
4501,'12',700,,9196,1,0,6,1,5,,9170,1,0,11 2 5 12,1,15,,9237,1,0,6,1,20,,9191,1,0,6,1,60,,9225,1,0,6,1,5,,9276,1,0,11 2 5 12,1,15,,9197,1,0,6,1,20,,9188,1,0,6,1,60,,9249,1,0,6,1,5,,9209,1,0,11 2 5 12,1,15,,9175,1,0,6,1,20,,9228,1,0,6,1,60,,9173,1,0,6,1,5,,9243,1,0,11 2 5 12,1,15,,9259,1,0,6,1,20,,9235,1,0,6,1,60,,9202,1,0,6,1,5,,9182,1,0,11 2 5 12,1,15,,9183,1,0,6,1,20,,9234,1,0,6,1,60,,9233,1,0,6,1,5,,9268,1,0,11 2 5 12,1,15,,9212,1,0,6,1,20,,9185,1,0,6,1,60,,9265,1,0,6,1,5,,9168,1,0,11 2 5 12,1,15,,9222,1,0,6,1,20,,9192,1,0,6,1,60,,9199,1,0,6,1,5,,9172,1,0,11 2 5 12,1,15,,9189,1,0,6,1,20,,9269,1,0,6,1,60,,9260,1,0,6,1,5,,9198,1,0,11 2 5 12,1,15,,9211,1,0,6,1,20,,9208,1,0,6,1,60,,9275,1,0,6,1,5,,9250,1,0,11 2 5 12,1,15,,9246,1,0,6,1,20,,9240,1,0,6,1,60,,9232,1,0,6,1,5,,9256,1,0,11 2 5 12,1,15,,9245,1,0,6,1,20,,9187,1,0,6,1,60,,9231,1,0,6,1,5,,9194,1,0,20 21 30 12,1,15,,9257,1,0,6,1,20,,9238,1,0,6,1,60,,9219,1,0,6,1,5,,9193,1,0,20 21 30 12,1,15,,9226,1,0,6,1,20,,9200,1,0,6,1,60,,9213,1,0,6,1,5,,9227,1,0,20 21 30 12,1,15,,9178,1,0,6,1,20,,9171,1,0,6,1,60,,9220,1,0,6,1,5,,9215,1,0,20 21 30 12,1,15,,9176,1,0,6,1,20,,9274,1,0,6,1,60,,9271,1,0,6,1,5,,9224,1,0,20 21 30 12,1,15,,9242,1,0,6,1
4501,'13',700,,9301,1,0,6,1,5,,9337,1,0,11 2 5 12,1,15,,9332,1,0,6,1,20,,9296,1,0,6,1,60,,9323,1,0,6,1,5,,9358,1,0,11 2 5 12,1,15,,9302,1,0,6,1,20,,9294,1,0,6,1,60,,7654,1,0,6,1,5,,9309,1,0,11 2 5 12,1,15,,9283,1,0,6,1,20,,9325,1,0,6,1,60,,9281,1,0,6,1,5,,9336,1,0,11 2 5 12,1,15,,9348,1,0,6,1,20,,9330,1,0,6,1,60,,9305,1,0,6,1,5,,9291,1,0,11 2 5 12,1,15,,9288,1,0,6,1,20,,9329,1,0,6,1,60,,9328,1,0,6,1,5,,9354,1,0,11 2 5 12,1,15,,9313,1,0,6,1,20,,9290,1,0,6,1,60,,9351,1,0,6,1,5,,7270,1,0,11 2 5 12,1,15,,9320,1,0,6,1,20,,9297,1,0,6,1,60,,9303,1,0,6,1,5,,9279,1,0,11 2 5 12,1,15,,9295,1,0,6,1,20,,9355,1,0,6,1,60,,9349,1,0,6,1,5,,8137,1,0,11 2 5 12,1,15,,9312,1,0,6,1,20,,9310,1,0,6,1,60,,9357,1,0,6,1,5,,9343,1,0,11 2 5 12,1,15,,9339,1,0,6,1,20,,9334,1,0,6,1,60,,9327,1,0,6,1,5,,9346,1,0,11 2 5 12,1,15,,9338,1,0,6,1,20,,9293,1,0,6,1,60,,9326,1,0,6,1,5,,9299,1,0,20 21 30 12,1,100,,9298,1,0,20 21 30 12,1,100,,9324,1,0,20 21 30 12,1,100,,9315,1,0,20 21 30 12,1,100,,9322,1,0,20 21 30 12,1
4501,'16',705,,9360,1,0,20 21 30 12,1,100,,9369,1,0,20 21 30 12,1,100,,9359,1,0,20 21 30 12,1,100,,9374,1,0,20 21 30 12,1,100,,9362,1,0,20 21 30 12,1,100,,9363,1,0,20 21 30 12,1,100,,9372,1,0,20 21 30 12,1,100,,9365,1,0,20 21 30 12,1,100,,9370,1,0,20 21 30 12,1,100,,9366,1,0,20 21 30 12,1,100,,9364,1,0,20 21 30 12,1,100,,9361,1,0,20 21 30 12,1,100,,9368,1,0,20 21 30 12,1,100,,9367,1,0,20 21 30 12,1,100,,9373,1,0,20 21 30 12,1,100,,9371,1,0,20 21 30 12,1
4501,'3',700,,9400,1,0,6,1,5,,9377,1,0,11 2 5 12,1,15,,9431,1,0,6,1,20,,9395,1,0,6,1,60,,9422,1,0,6,1,5,,9456,1,0,11 2 5 12,1,15,,9401,1,0,6,1,20,,9393,1,0,6,1,60,,7685,1,0,6,1,5,,9409,1,0,11 2 5 12,1,15,,9382,1,0,6,1,20,,9424,1,0,6,1,60,,9380,1,0,6,1,5,,9435,1,0,11 2 5 12,1,15,,9446,1,0,6,1,20,,9429,1,0,6,1,60,,9404,1,0,6,1,5,,9387,1,0,11 2 5 12,1,15,,9388,1,0,6,1,20,,9428,1,0,6,1,60,,9427,1,0,6,1,5,,9452,1,0,11 2 5 12,1,15,,9412,1,0,6,1,20,,9390,1,0,6,1,60,,9449,1,0,6,1,5,,9375,1,0,11 2 5 12,1,15,,9419,1,0,6,1,20,,9396,1,0,6,1,60,,9402,1,0,6,1,5,,9378,1,0,11 2 5 12,1,15,,9394,1,0,6,1,20,,9453,1,0,6,1,60,,9447,1,0,6,1,5,,8185,1,0,11 2 5 12,1,15,,9411,1,0,6,1,20,,9408,1,0,6,1,60,,9455,1,0,6,1,5,,9441,1,0,11 2 5 12,1,15,,9437,1,0,6,1,20,,9433,1,0,6,1,60,,9426,1,0,6,1,5,,9444,1,0,11 2 5 12,1,15,,9436,1,0,6,1,20,,9392,1,0,6,1,60,,9425,1,0,6,1,5,,9398,1,0,20 21 30 12,1,100,,9397,1,0,20 21 30 12,1,100,,9423,1,0,20 21 30 12,1,100,,9414,1,0,20 21 30 12,1,100,,9421,1,0,20 21 30 12,1
4501,'6',700,,9484,1,0,6,1,5,,9532,1,0,11 2 5 12,1,15,,9525,1,0,6,1,20,,9479,1,0,6,1,60,,9513,1,0,6,1,5,,9565,1,0,11 2 5 12,1,15,,9485,1,0,6,1,20,,9476,1,0,6,1,60,,9538,1,0,6,1,5,,9496,1,0,11 2 5 12,1,15,,9462,1,0,6,1,20,,9516,1,0,6,1,60,,9460,1,0,6,1,5,,9531,1,0,11 2 5 12,1,15,,9548,1,0,6,1,20,,9523,1,0,6,1,60,,9490,1,0,6,1,5,,9472,1,0,11 2 5 12,1,15,,9469,1,0,6,1,20,,9522,1,0,6,1,60,,9521,1,0,6,1,5,,9557,1,0,11 2 5 12,1,15,,9500,1,0,6,1,20,,9471,1,0,6,1,60,,9554,1,0,6,1,5,,9475,1,0,11 2 5 12,1,15,,9510,1,0,6,1,20,,9480,1,0,6,1,60,,9487,1,0,6,1,5,,9459,1,0,11 2 5 12,1,15,,9477,1,0,6,1,20,,9558,1,0,6,1,60,,9549,1,0,6,1,5,,9486,1,0,11 2 5 12,1,15,,9499,1,0,6,1,20,,9497,1,0,6,1,60,,9564,1,0,6,1,5,,9539,1,0,11 2 5 12,1,15,,9535,1,0,6,1,20,,9528,1,0,6,1,60,,9520,1,0,6,1,5,,9545,1,0,11 2 5 12,1,15,,9534,1,0,6,1,20,,9474,1,0,6,1,60,,9519,1,0,6,1,5,,9482,1,0,20 21 30 12,1,15,,9546,1,0,6,1,20,,9526,1,0,6,1,60,,9507,1,0,6,1,5,,9481,1,0,20 21 30 12,1,15,,9514,1,0,6,1,20,,9488,1,0,6,1,60,,9501,1,0,6,1,5,,9515,1,0,20 21 30 12,1,15,,9465,1,0,6,1,20,,9458,1,0,6,1,60,,9508,1,0,6,1,5,,9503,1,0,20 21 30 12,1,15,,9463,1,0,6,1,20,,9563,1,0,6,1,60,,9560,1,0,6,1,5,,9512,1,0,20 21 30 12,1,15,,9530,1,0,6,1
5001,'1',748,,9571,13,4,,1,100,,9580,13,4,,1,100,,9577,13,4,,1,100,,9572,13,4,,1,100,,7887,13,4,,1,100,,9567,13,4,,1,100,,9569,13,4,,1,100,,9568,13,4,,1,100,,9570,13,4,,1,100,,9578,13,4,,1,100,,9576,13,4,,1,100,,9581,13,4,,1,100,,9575,13,4,,1,100,,9573,13,4,,1,100,,9574,13,4,,1,100,,9579,13,4,,1
5001,'11',748,,9587,13,4,,1,100,,9596,13,4,,1,100,,9593,13,4,,1,100,,9588,13,4,,1,100,,9586,13,4,,1,100,,9582,13,4,,1,100,,9584,13,4,,1,100,,9583,13,4,,1,100,,9585,13,4,,1,100,,9594,13,4,,1,100,,9592,13,4,,1,100,,9597,13,4,,1,100,,9591,13,4,,1,100,,9589,13,4,,1,100,,9590,13,4,,1,100,,9595,13,4,,1
5001,'12',748,,9602,11,4,,1,100,,9613,11,4,,1,100,,9608,11,4,,1,100,,9610,11,4,,1,100,,9612,11,4,,1,100,,9604,11,4,,1,100,,9599,11,4,,1,100,,9603,11,4,,1,100,,9607,11,4,,1,100,,9598,11,4,,1,100,,9609,11,4,,1,100,,9601,13,4,,1,100,,9600,13,4,,1,100,,9605,13,4,,1,100,,9606,13,4,,1,100,,9611,13,4,,1
5001,'13',748,,9617,11,4,,1,100,,9628,11,4,,1,100,,9623,11,4,,1,100,,9625,11,4,,1,100,,9627,11,4,,1,100,,9619,11,4,,1,100,,9615,11,4,,1,100,,9618,11,4,,1,100,,9622,11,4,,1,100,,9614,11,4,,1,100,,9624,11,4,,1,100,,9616,13,4,,1,100,,7470,13,4,,1,100,,9620,13,4,,1,100,,9621,13,4,,1,100,,9626,13,4,,1
5001,'16',748,,9633,13,4,,1,100,,9642,13,4,,1,100,,9639,13,4,,1,100,,9634,13,4,,1,100,,7954,13,4,,1,100,,9629,13,4,,1,100,,9631,13,4,,1,100,,9630,13,4,,1,100,,9632,13,4,,1,100,,9640,13,4,,1,100,,9638,13,4,,1,100,,9643,13,4,,1,100,,9637,13,4,,1,100,,9635,13,4,,1,100,,9636,13,4,,1,100,,9641,13,4,,1
5001,'3',748,,9647,11,4,,1,100,,9658,11,4,,1,100,,9653,11,4,,1,100,,9655,11,4,,1,100,,9657,11,4,,1,100,,9649,11,4,,1,100,,9645,11,4,,1,100,,9648,11,4,,1,100,,9652,11,4,,1,100,,9644,11,4,,1,100,,9654,11,4,,1,100,,9646,13,4,,1,100,,7566,13,4,,1,100,,9650,13,4,,1,100,,9651,13,4,,1,100,,9656,13,4,,1
5001,'6',748,,9663,11,4,,1,100,,9674,11,4,,1,100,,9669,11,4,,1,100,,9671,11,4,,1,100,,9673,11,4,,1,100,,9665,11,4,,1,100,,9660,11,4,,1,100,,9664,11,4,,1,100,,9668,11,4,,1,100,,9659,11,4,,1,100,,9670,11,4,,1,100,,9662,13,4,,1,100,,9661,13,4,,1,100,,9666,13,4,,1,100,,9667,13,4,,1,100,,9672,13,4,,1
5501,'1',705,,9680,1,0,20 21 5 12,1,100,,9690,1,0,20 21 5 12,1,100,,9685,1,0,20 21 5 12,1,100,,9678,1,0,20 21 5 12,1,100,,9689,1,0,20 21 5 12,1,100,,9682,1,0,20 21 5 12,1,100,,9676,1,0,20 21 5 12,1,100,,9684,1,0,20 21 5 12,1,100,,9686,1,0,20 21 5 12,1,100,,9683,1,0,20 21 5 12,1,100,,9681,1,0,20 21 5 12,1,100,,9675,1,0,20 21 5 12,1,100,,9677,1,0,20 21 5 12,1,100,,9679,1,0,20 21 5 12,1,100,,9687,1,0,20 21 5 12,1,100,,9688,1,0,20 21 5 12,1
5501,'11',705,,9696,1,0,20 21 5 12,1,100,,9706,1,0,20 21 5 12,1,100,,9701,1,0,20 21 5 12,1,100,,9694,1,0,20 21 5 12,1,100,,9705,1,0,20 21 5 12,1,100,,9698,1,0,20 21 5 12,1,100,,9692,1,0,20 21 5 12,1,100,,9700,1,0,20 21 5 12,1,100,,9702,1,0,20 21 5 12,1,100,,9699,1,0,20 21 5 12,1,100,,9697,1,0,20 21 5 12,1,100,,9691,1,0,20 21 5 12,1,100,,9693,1,0,20 21 5 12,1,100,,9695,1,0,20 21 5 12,1,100,,9703,1,0,20 21 5 12,1,100,,9704,1,0,20 21 5 12,1
5501,'12',705,,9714,1,0,11 2 5 12,1,100,,9715,1,0,11 2 5 12,1,100,,9717,1,0,11 2 5 12,1,100,,9713,1,0,11 2 5 12,1,100,,9718,1,0,11 2 5 12,1,100,,9720,1,0,11 2 5 12,1,100,,9710,1,0,11 2 5 12,1,100,,9708,1,0,11 2 5 12,1,100,,9722,1,0,11 2 5 12,1,100,,9716,1,0,11 2 5 12,1,100,,9721,1,0,11 2 5 12,1,100,,9711,1,0,20 21 5 12,1,100,,9719,1,0,20 21 5 12,1,100,,9712,1,0,20 21 5 12,1,100,,9709,1,0,20 21 5 12,1,100,,9707,1,0,20 21 5 12,1
5501,'13',705,,9729,1,0,11 2 5 12,1,100,,9730,1,0,11 2 5 12,1,100,,9732,1,0,11 2 5 12,1,100,,9728,1,0,11 2 5 12,1,100,,9733,1,0,11 2 5 12,1,100,,9735,1,0,11 2 5 12,1,100,,9726,1,0,11 2 5 12,1,100,,9724,1,0,11 2 5 12,1,100,,9737,1,0,11 2 5 12,1,100,,9731,1,0,11 2 5 12,1,100,,9736,1,0,11 2 5 12,1,100,,7648,1,0,20 21 5 12,1,100,,9734,1,0,20 21 5 12,1,100,,9727,1,0,20 21 5 12,1,100,,9725,1,0,20 21 5 12,1,100,,9723,1,0,20 21 5 12,1
5501,'16',705,,9743,1,0,20 21 5 12,1,100,,9753,1,0,20 21 5 12,1,100,,9748,1,0,20 21 5 12,1,100,,9741,1,0,20 21 5 12,1,100,,9752,1,0,20 21 5 12,1,100,,9745,1,0,20 21 5 12,1,100,,9739,1,0,20 21 5 12,1,100,,9747,1,0,20 21 5 12,1,100,,9749,1,0,20 21 5 12,1,100,,9746,1,0,20 21 5 12,1,100,,9744,1,0,20 21 5 12,1,100,,9738,1,0,20 21 5 12,1,100,,9740,1,0,20 21 5 12,1,100,,9742,1,0,20 21 5 12,1,100,,9750,1,0,20 21 5 12,1,100,,9751,1,0,20 21 5 12,1
5501,'3',705,,9760,1,0,11 2 5 12,1,100,,9761,1,0,11 2 5 12,1,100,,9763,1,0,11 2 5 12,1,100,,9759,1,0,11 2 5 12,1,100,,9764,1,0,11 2 5 12,1,100,,9766,1,0,11 2 5 12,1,100,,9757,1,0,11 2 5 12,1,100,,9755,1,0,11 2 5 12,1,100,,9768,1,0,11 2 5 12,1,100,,9762,1,0,11 2 5 12,1,100,,9767,1,0,11 2 5 12,1,100,,7679,1,0,20 21 5 12,1,100,,9765,1,0,20 21 5 12,1,100,,9758,1,0,20 21 5 12,1,100,,9756,1,0,20 21 5 12,1,100,,9754,1,0,20 21 5 12,1
5501,'6',705,,9776,1,0,11 2 5 12,1,100,,9777,1,0,11 2 5 12,1,100,,9779,1,0,11 2 5 12,1,100,,9775,1,0,11 2 5 12,1,100,,9780,1,0,11 2 5 12,1,100,,9782,1,0,11 2 5 12,1,100,,9772,1,0,11 2 5 12,1,100,,9770,1,0,11 2 5 12,1,100,,9784,1,0,11 2 5 12,1,100,,9778,1,0,11 2 5 12,1,100,,9783,1,0,11 2 5 12,1,100,,9773,1,0,20 21 5 12,1,100,,9781,1,0,20 21 5 12,1,100,,9774,1,0,20 21 5 12,1,100,,9771,1,0,20 21 5 12,1,100,,9769,1,0,20 21 5 12,1
7001,'1',703,,10301,1,0,20 21 7,1,100,,10303,1,0,20 21 7,1,100,,10298,1,0,20 21 7,1,100,,10309,1,0,20 21 7,1,100,,10305,1,0,20 21 7,1,100,,10297,1,0,20 21 7,1,100,,10300,1,0,20 21 7,1,100,,10307,1,0,20 21 7,1,100,,10306,1,0,20 21 7,1,100,,10296,1,0,20 21 7,1,100,,10294,1,0,20 21 7,1,100,,10295,1,0,20 21 7,1,100,,10299,1,0,20 21 7,1,100,,10302,1,0,20 21 7,1,100,,10304,1,0,20 21 7,1,100,,10308,1,0,20 21 7,1
7001,'11',703,,10317,1,0,20 21 7,1,100,,10319,1,0,20 21 7,1,100,,10314,1,0,20 21 7,1,100,,10325,1,0,20 21 7,1,100,,10321,1,0,20 21 7,1,100,,10313,1,0,20 21 7,1,100,,10316,1,0,20 21 7,1,100,,10323,1,0,20 21 7,1,100,,10322,1,0,20 21 7,1,100,,10312,1,0,20 21 7,1,100,,10310,1,0,20 21 7,1,100,,10311,1,0,20 21 7,1,100,,10315,1,0,20 21 7,1,100,,10318,1,0,20 21 7,1,100,,10320,1,0,20 21 7,1,100,,10324,1,0,20 21 7,1
7001,'12',703,,10329,1,0,11 2 7,1,30,,10342,1,0,11 2 7,1,70,,10352,1,0,11 2 7,1,30,,10349,1,0,11 2 7,1,70,,10344,1,0,11 2 7,1,30,,10334,1,0,11 2 7,1,70,,10354,1,0,11 2 7,1,30,,10330,1,0,11 2 7,1,70,,10343,1,0,11 2 7,1,30,,10347,1,0,11 2 7,1,70,,10337,1,0,11 2 7,1,30,,10345,1,0,11 2 7,1,70,,10357,1,0,11 2 7,1,30,,10340,1,0,11 2 7,1,70,,10350,1,0,11 2 7,1,30,,10327,1,0,11 2 7,1,70,,10351,1,0,11 2 7,1,30,,10341,1,0,11 2 7,1,70,,10332,1,0,11 2 7,1,30,,10331,1,0,11 2 7,1,70,,10338,1,0,11 2 7,1,30,,10326,1,0,11 2 7,1,70,,10355,1,0,20 21 7,1,30,,10328,1,0,20 21 7,1,70,,10356,1,0,20 21 7,1,30,,10353,1,0,20 21 7,1,70,,10346,1,0,20 21 7,1,30,,10335,1,0,20 21 7,1,70,,10339,1,0,20 21 7,1,30,,10348,1,0,20 21 7,1,70,,10333,1,0,20 21 7,1,30,,10336,1,0,20 21 7,1
7001,'13',703,,10361,1,0,11 2 7,1,30,,10383,1,0,11 2 7,1,70,,10379,1,0,11 2 7,1,30,,10377,1,0,11 2 7,1,70,,10375,1,0,11 2 7,1,30,,10380,1,0,11 2 7,1,70,,10382,1,0,11 2 7,1,30,,10362,1,0,11 2 7,1,70,,10374,1,0,11 2 7,1,30,,10365,1,0,11 2 7,1,70,,10369,1,0,11 2 7,1,30,,7293,1,0,11 2 7,1,70,,10386,1,0,11 2 7,1,30,,10371,1,0,11 2 7,1,70,,7309,1,0,11 2 7,1,30,,10359,1,0,11 2 7,1,70,,10378,1,0,11 2 7,1,30,,10373,1,0,11 2 7,1,70,,10364,1,0,11 2 7,1,30,,10363,1,0,11 2 7,1,70,,10370,1,0,11 2 7,1,30,,10358,1,0,11 2 7,1,70,,10384,1,0,20 21 7,1,30,,10360,1,0,20 21 7,1,70,,10385,1,0,20 21 7,1,30,,10381,1,0,20 21 7,1,70,,10376,1,0,20 21 7,1,30,,10367,1,0,20 21 7,1,70,,10372,1,0,20 21 7,1,30,,7653,1,0,20 21 7,1,70,,10366,1,0,20 21 7,1,30,,10368,1,0,20 21 7,1
7001,'16',703,,10394,1,0,20 21 7,1,100,,10396,1,0,20 21 7,1,100,,10391,1,0,20 21 7,1,100,,10402,1,0,20 21 7,1,100,,10398,1,0,20 21 7,1,100,,10390,1,0,20 21 7,1,100,,10393,1,0,20 21 7,1,100,,10400,1,0,20 21 7,1,100,,10399,1,0,20 21 7,1,100,,10389,1,0,20 21 7,1,100,,10387,1,0,20 21 7,1,100,,10388,1,0,20 21 7,1,100,,10392,1,0,20 21 7,1,100,,10395,1,0,20 21 7,1,100,,10397,1,0,20 21 7,1,100,,10401,1,0,20 21 7,1
7001,'3',703,,10406,1,0,11 2 7,1,30,,10419,1,0,11 2 7,1,70,,10426,1,0,11 2 7,1,30,,10424,1,0,11 2 7,1,70,,10421,1,0,11 2 7,1,30,,10411,1,0,11 2 7,1,70,,10428,1,0,11 2 7,1,30,,10407,1,0,11 2 7,1,70,,10420,1,0,11 2 7,1,30,,10423,1,0,11 2 7,1,70,,10414,1,0,11 2 7,1,30,,7390,1,0,11 2 7,1,70,,10431,1,0,11 2 7,1,30,,10417,1,0,11 2 7,1,70,,7406,1,0,11 2 7,1,30,,10404,1,0,11 2 7,1,70,,10425,1,0,11 2 7,1,30,,10418,1,0,11 2 7,1,70,,10409,1,0,11 2 7,1,30,,10408,1,0,11 2 7,1,70,,10415,1,0,11 2 7,1,30,,10403,1,0,11 2 7,1,70,,10429,1,0,20 21 7,1,30,,10405,1,0,20 21 7,1,70,,10430,1,0,20 21 7,1,30,,10427,1,0,20 21 7,1,70,,10422,1,0,20 21 7,1,30,,10412,1,0,20 21 7,1,70,,10416,1,0,20 21 7,1,30,,7684,1,0,20 21 7,1,70,,10410,1,0,20 21 7,1,30,,10413,1,0,20 21 7,1
7001,'6',703,,10435,1,0,11 2 7,1,30,,10460,1,0,11 2 7,1,70,,10456,1,0,11 2 7,1,30,,10453,1,0,11 2 7,1,70,,10449,1,0,11 2 7,1,30,,10457,1,0,11 2 7,1,70,,10459,1,0,11 2 7,1,30,,10436,1,0,11 2 7,1,70,,10448,1,0,11 2 7,1,30,,10439,1,0,11 2 7,1,70,,10443,1,0,11 2 7,1,30,,10450,1,0,11 2 7,1,70,,10463,1,0,11 2 7,1,30,,10445,1,0,11 2 7,1,70,,10454,1,0,11 2 7,1,30,,10433,1,0,11 2 7,1,70,,10455,1,0,11 2 7,1,30,,10447,1,0,11 2 7,1,70,,10438,1,0,11 2 7,1,30,,10437,1,0,11 2 7,1,70,,10444,1,0,11 2 7,1,30,,10432,1,0,11 2 7,1,70,,10461,1,0,20 21 7,1,30,,10434,1,0,20 21 7,1,70,,10462,1,0,20 21 7,1,30,,10458,1,0,20 21 7,1,70,,10451,1,0,20 21 7,1,30,,10441,1,0,20 21 7,1,70,,10446,1,0,20 21 7,1,30,,10452,1,0,20 21 7,1,70,,10440,1,0,20 21 7,1,30,,10442,1,0,20 21 7,1
7501,'1',751,,10474,11,4,,1,100,,10465,11,4,,1,100,,10467,11,4,,1,100,,10478,11,4,,1,100,,7765,11,4,,1,100,,10477,11,4,,1,100,,10468,11,4,,1,100,,10472,11,4,,1,100,,10473,11,4,,1,100,,10466,11,4,,1,100,,10470,11,4,,1,100,,10471,11,4,,1,100,,10464,11,4,,1,100,,10469,11,4,,1,100,,10476,11,4,,1,100,,10475,11,4,,1
7501,'11',751,,10489,11,4,,1,100,,10480,11,4,,1,100,,10482,11,4,,1,100,,10494,11,4,,1,100,,10493,11,4,,1,100,,10492,11,4,,1,100,,10483,11,4,,1,100,,10487,11,4,,1,100,,10488,11,4,,1,100,,10481,11,4,,1,100,,10485,11,4,,1,100,,10486,11,4,,1,100,,10479,11,4,,1,100,,10484,11,4,,1,100,,10491,11,4,,1,100,,10490,11,4,,1
7501,'12',749,,10500,9,4,,1,70,,10522,9,4,,1,30,,10505,9,4,,1,70,,10502,9,4,,1,30,,10518,9,4,,1,70,,10497,9,4,,1,30,,10498,9,4,,1,70,,10513,9,4,,1,30,,10499,9,4,,1,70,,10521,9,4,,1,30,,10503,9,4,,1,70,,10517,9,4,,1,30,,10506,9,4,,1,70,,10509,9,4,,1,30,,10512,9,4,,1,70,,10524,9,4,,1,30,,10507,9,4,,1,70,,10514,9,4,,1,30,,10508,9,4,,1,70,,10504,9,4,,1,30,,10495,9,4,,1,70,,10501,9,4,,1,32,,10515,11,4,,1,70,,10523,11,4,,1,30,,10526,11,4,,1,70,,10525,11,4,,1,30,,10511,11,4,,1,70,,10516,11,4,,1,30,,10510,11,4,,1,70,,10519,11,4,,1,30,,10520,11,4,,1,70,,10496,11,4,,1
7501,'13',749,,10532,9,4,,1,70,,10553,9,4,,1,30,,10537,9,4,,1,70,,10548,9,4,,1,30,,10549,9,4,,1,70,,8039,9,4,,1,30,,10530,9,4,,1,70,,10555,9,4,,1,30,,10531,9,4,,1,70,,10552,9,4,,1,30,,10535,9,4,,1,70,,10527,9,4,,1,30,,10538,9,4,,1,70,,10541,9,4,,1,30,,10544,9,4,,1,70,,10533,9,4,,1,30,,10539,9,4,,1,70,,10545,9,4,,1,30,,10540,9,4,,1,70,,10536,9,4,,1,30,,10528,9,4,,1,70,,10534,9,4,,1,32,,10546,11,4,,1,70,,10554,11,4,,1,30,,10557,11,4,,1,70,,10556,11,4,,1,30,,10543,11,4,,1,70,,10547,11,4,,1,30,,10542,11,4,,1,70,,10550,11,4,,1,30,,10551,11,4,,1,70,,10529,11,4,,1
7501,'16',751,,10568,11,4,,1,100,,10559,11,4,,1,100,,10561,11,4,,1,100,,10572,11,4,,1,100,,7831,11,4,,1,100,,10571,11,4,,1,100,,10562,11,4,,1,100,,10566,11,4,,1,100,,10567,11,4,,1,100,,10560,11,4,,1,100,,10564,11,4,,1,100,,10565,11,4,,1,100,,10558,11,4,,1,100,,10563,11,4,,1,100,,10570,11,4,,1,100,,10569,11,4,,1
7501,'3',749,,10578,9,4,,1,70,,10600,9,4,,1,30,,10583,9,4,,1,70,,10580,9,4,,1,30,,10596,9,4,,1,70,,10575,9,4,,1,30,,10576,9,4,,1,70,,10591,9,4,,1,30,,10577,9,4,,1,70,,10599,9,4,,1,30,,10581,9,4,,1,70,,10595,9,4,,1,30,,10584,9,4,,1,70,,10587,9,4,,1,30,,10590,9,4,,1,70,,10602,9,4,,1,30,,10585,9,4,,1,70,,10592,9,4,,1,30,,10586,9,4,,1,70,,10582,9,4,,1,30,,10573,9,4,,1,70,,10579,9,4,,1,32,,10593,11,4,,1,70,,10601,11,4,,1,30,,10604,11,4,,1,70,,10603,11,4,,1,30,,10589,11,4,,1,70,,10594,11,4,,1,30,,10588,11,4,,1,70,,10597,11,4,,1,30,,10598,11,4,,1,70,,10574,11,4,,1
7501,'6',749,,10611,9,4,,1,70,,10632,9,4,,1,30,,10616,9,4,,1,70,,10627,9,4,,1,30,,10628,9,4,,1,70,,10608,9,4,,1,30,,10609,9,4,,1,70,,10634,9,4,,1,30,,10610,9,4,,1,70,,10631,9,4,,1,30,,10614,9,4,,1,70,,10605,9,4,,1,30,,10617,9,4,,1,70,,10620,9,4,,1,30,,10623,9,4,,1,70,,10612,9,4,,1,30,,10618,9,4,,1,70,,10624,9,4,,1,30,,10619,9,4,,1,70,,10615,9,4,,1,30,,10606,9,4,,1,70,,10613,9,4,,1,32,,10625,11,4,,1,70,,10633,11,4,,1,30,,10636,11,4,,1,70,,10635,11,4,,1,30,,10622,11,4,,1,70,,10626,11,4,,1,30,,10621,11,4,,1,70,,10629,11,4,,1,30,,10630,11,4,,1,70,,10607,11,4,,1
