2500,'1',724,,11794,21,0,26 27 28,1,100,,12296,21,0,26 27 28,1,100,,12297,21,0,26 27 28,1,100,,12302,21,0,26 27 28,1,100,,12301,21,0,26 27 28,1,100,,12310,21,0,26 27 28,1,100,,12308,21,0,26 27 28,1,100,,12306,21,0,26 27 28,1,100,,12299,21,0,26 27 28,1,100,,12309,21,0,26 27 28,1,100,,12307,21,0,26 27 28,1,100,,12300,21,0,26 27 28,1,100,,12298,21,0,26 27 28,1,100,,12305,21,0,26 27 28,1,100,,12303,21,0,26 27 28,1,100,,12304,21,0,26 27 28,1
2500,'10',1024,,12318,21,0,26 27 28,1,100,,12311,21,0,26 27 28,1,100,,12314,21,0,26 27 28,1,100,,12312,21,0,26 27 28,1,100,,12315,21,0,26 27 28,1,100,,12316,21,0,26 27 28,1,100,,12317,21,0,26 27 28,1,100,,12313,21,0,26 27 28,1
2500,'11',1024,,12324,21,0,26 27 28,1,100,,12325,21,0,26 27 28,1,100,,12322,21,0,26 27 28,1,100,,12323,21,0,26 27 28,1,100,,12319,21,0,26 27 28,1,100,,12320,21,0,26 27 28,1,100,,12321,21,0,26 27 28,1,100,,12326,21,0,26 27 28,1
2500,'2',724,,12330,21,0,26 27 28,1,100,,12329,21,0,26 27 28,1,100,,12334,21,0,26 27 28,1,100,,12335,21,0,26 27 28,1,100,,12337,21,0,26 27 28,1,100,,12333,21,0,26 27 28,1,100,,12341,21,0,26 27 28,1,100,,12328,21,0,26 27 28,1,100,,12339,21,0,26 27 28,1,100,,12331,21,0,26 27 28,1,100,,12338,21,0,26 27 28,1,100,,12340,21,0,26 27 28,1,100,,12332,21,0,26 27 28,1,100,,12327,21,0,26 27 28,1,100,,12342,21,0,26 27 28,1,100,,12336,21,0,26 27 28,1
2500,'3',724,,12351,21,0,26 27 28,1,100,,12356,21,0,26 27 28,1,100,,12353,21,0,26 27 28,1,100,,12350,21,0,26 27 28,1,100,,12355,21,0,26 27 28,1,100,,12354,21,0,26 27 28,1,100,,12348,21,0,26 27 28,1,100,,12352,21,0,26 27 28,1,100,,12344,21,0,26 27 28,1,100,,12345,21,0,26 27 28,1,100,,12357,21,0,26 27 28,1,100,,12358,21,0,26 27 28,1,100,,12346,21,0,26 27 28,1,100,,12343,21,0,26 27 28,1,100,,12349,21,0,26 27 28,1,100,,12347,21,0,26 27 28,1
2500,'4',724,,12367,21,0,26 27 28,1,100,,12373,21,0,26 27 28,1,100,,12359,21,0,26 27 28,1,100,,12370,21,0,26 27 28,1,100,,12364,21,0,26 27 28,1,100,,12372,21,0,26 27 28,1,100,,12362,21,0,26 27 28,1,100,,12371,21,0,26 27 28,1,100,,11778,21,0,26 27 28,1,100,,12363,21,0,26 27 28,1,100,,12360,21,0,26 27 28,1,100,,12368,21,0,26 27 28,1,100,,12369,21,0,26 27 28,1,100,,12361,21,0,26 27 28,1,100,,12366,21,0,26 27 28,1,100,,12365,21,0,26 27 28,1
2500,'5',724,,12376,21,0,26 27 28,1,100,,12383,21,0,26 27 28,1,100,,12377,21,0,26 27 28,1,100,,12380,21,0,26 27 28,1,100,,12386,21,0,26 27 28,1,100,,12375,21,0,26 27 28,1,100,,12381,21,0,26 27 28,1,100,,12382,21,0,26 27 28,1,100,,12384,21,0,26 27 28,1,100,,12389,21,0,26 27 28,1,100,,12379,21,0,26 27 28,1,100,,12387,21,0,26 27 28,1,100,,12378,21,0,26 27 28,1,100,,12374,21,0,26 27 28,1,100,,12385,21,0,26 27 28,1,100,,12388,21,0,26 27 28,1
2500,'6',1024,,12391,21,0,26 27 28,1,100,,12397,21,0,26 27 28,1,100,,12395,21,0,26 27 28,1,100,,12394,21,0,26 27 28,1,100,,12396,21,0,26 27 28,1,100,,12390,21,0,26 27 28,1,100,,12393,21,0,26 27 28,1,100,,12392,21,0,26 27 28,1
2500,'7',724,,12412,21,0,26 27 28,1,100,,12400,21,0,26 27 28,1,100,,12402,21,0,26 27 28,1,100,,12408,21,0,26 27 28,1,100,,12413,21,0,26 27 28,1,100,,12409,21,0,26 27 28,1,100,,12404,21,0,26 27 28,1,100,,12401,21,0,26 27 28,1,100,,12410,21,0,26 27 28,1,100,,12398,21,0,26 27 28,1,100,,12399,21,0,26 27 28,1,100,,12407,21,0,26 27 28,1,100,,12405,21,0,26 27 28,1,100,,12406,21,0,26 27 28,1,100,,12403,21,0,26 27 28,1,100,,12411,21,0,26 27 28,1
2500,'8',724,,12417,21,0,26 27 28,1,100,,12424,21,0,26 27 28,1,100,,12414,21,0,26 27 28,1,100,,12423,21,0,26 27 28,1,100,,12422,21,0,26 27 28,1,100,,12426,21,0,26 27 28,1,100,,12420,21,0,26 27 28,1,100,,12416,21,0,26 27 28,1,100,,12428,21,0,26 27 28,1,100,,12419,21,0,26 27 28,1,100,,12421,21,0,26 27 28,1,100,,12425,21,0,26 27 28,1,100,,12415,21,0,26 27 28,1,100,,12427,21,0,26 27 28,1,100,,12429,21,0,26 27 28,1,100,,12418,21,0,26 27 28,1
2500,'9',724,,12438,21,0,26 27 28,1,100,,12433,21,0,26 27 28,1,100,,12432,21,0,26 27 28,1,100,,12440,21,0,26 27 28,1,100,,12445,21,0,26 27 28,1,100,,12430,21,0,26 27 28,1,100,,12431,21,0,26 27 28,1,100,,12441,21,0,26 27 28,1,100,,12434,21,0,26 27 28,1,100,,12442,21,0,26 27 28,1,100,,12439,21,0,26 27 28,1,100,,12437,21,0,26 27 28,1,100,,12436,21,0,26 27 28,1,100,,12435,21,0,26 27 28,1,100,,12443,21,0,26 27 28,1,100,,12444,21,0,26 27 28,1
