2501,'1',646,,12446,13,0,26 27 28,1,100,,12449,13,0,26 27 28,1,100,,12461,13,0,26 27 28,1,100,,12460,13,0,26 27 28,1,100,,12453,13,0,26 27 28,1,100,,12450,13,0,26 27 28,1,100,,12459,13,0,26 27 28,1,100,,12451,13,0,26 27 28,1,100,,12454,13,0,26 27 28,1,100,,12455,13,0,26 27 28,1,100,,12448,13,0,26 27 28,1,100,,12456,13,0,26 27 28,1,100,,12458,13,0,26 27 28,1,100,,12457,13,0,26 27 28,1,100,,12452,13,0,26 27 28,1,100,,12447,13,0,26 27 28,1
2501,'10',1046,,12465,13,0,26 27 28,1,100,,12469,13,0,26 27 28,1,100,,12466,13,0,26 27 28,1,100,,12462,13,0,26 27 28,1,100,,12468,13,0,26 27 28,1,100,,12467,13,0,26 27 28,1,100,,12463,13,0,26 27 28,1,100,,12464,13,0,26 27 28,1
2501,'11',1046,,12477,13,0,26 27 28,1,100,,12471,13,0,26 27 28,1,100,,12475,13,0,26 27 28,1,100,,12470,13,0,26 27 28,1,100,,12476,13,0,26 27 28,1,100,,12474,13,0,26 27 28,1,100,,12473,13,0,26 27 28,1,100,,12472,13,0,26 27 28,1
2501,'2',646,,12487,13,0,26 27 28,1,100,,12491,13,0,26 27 28,1,100,,12492,13,0,26 27 28,1,100,,12486,13,0,26 27 28,1,100,,12490,13,0,26 27 28,1,100,,12479,13,0,26 27 28,1,100,,12481,13,0,26 27 28,1,100,,12480,13,0,26 27 28,1,100,,12493,13,0,26 27 28,1,100,,12484,13,0,26 27 28,1,100,,12483,13,0,26 27 28,1,100,,12489,13,0,26 27 28,1,100,,12488,13,0,26 27 28,1,100,,12485,13,0,26 27 28,1,100,,12482,13,0,26 27 28,1,100,,12478,13,0,26 27 28,1
2501,'3',646,,12502,13,0,26 27 28,1,100,,12504,13,0,26 27 28,1,100,,12495,13,0,26 27 28,1,100,,12494,13,0,26 27 28,1,100,,12500,13,0,26 27 28,1,100,,12506,13,0,26 27 28,1,100,,12503,13,0,26 27 28,1,100,,12507,13,0,26 27 28,1,100,,12499,13,0,26 27 28,1,100,,12498,13,0,26 27 28,1,100,,12496,13,0,26 27 28,1,100,,12497,13,0,26 27 28,1,100,,12501,13,0,26 27 28,1,100,,12505,13,0,26 27 28,1,100,,12508,13,0,26 27 28,1,100,,12509,13,0,26 27 28,1
2501,'4',646,,12519,13,0,26 27 28,1,100,,12522,13,0,26 27 28,1,100,,12523,13,0,26 27 28,1,100,,12516,13,0,26 27 28,1,100,,12512,13,0,26 27 28,1,100,,12520,13,0,26 27 28,1,100,,12518,13,0,26 27 28,1,100,,12525,13,0,26 27 28,1,100,,12515,13,0,26 27 28,1,100,,12517,13,0,26 27 28,1,100,,12524,13,0,26 27 28,1,100,,12513,13,0,26 27 28,1,100,,12511,13,0,26 27 28,1,100,,12521,13,0,26 27 28,1,100,,12510,13,0,26 27 28,1,100,,12514,13,0,26 27 28,1
2501,'5',646,,12533,13,0,26 27 28,1,100,,12529,13,0,26 27 28,1,100,,12534,13,0,26 27 28,1,100,,12539,13,0,26 27 28,1,100,,12528,13,0,26 27 28,1,100,,12541,13,0,26 27 28,1,100,,12537,13,0,26 27 28,1,100,,12532,13,0,26 27 28,1,100,,12530,13,0,26 27 28,1,100,,12527,13,0,26 27 28,1,100,,12526,13,0,26 27 28,1,100,,12535,13,0,26 27 28,1,100,,12538,13,0,26 27 28,1,100,,12536,13,0,26 27 28,1,100,,12540,13,0,26 27 28,1,100,,12531,13,0,26 27 28,1
2501,'6',1046,,12542,13,0,26 27 28,1,100,,12549,13,0,26 27 28,1,100,,12546,13,0,26 27 28,1,100,,12544,13,0,26 27 28,1,100,,12543,13,0,26 27 28,1,100,,12545,13,0,26 27 28,1,100,,12548,13,0,26 27 28,1,100,,12547,13,0,26 27 28,1
2501,'7',646,,12560,13,0,26 27 28,1,100,,12558,13,0,26 27 28,1,100,,12563,13,0,26 27 28,1,100,,12551,13,0,26 27 28,1,100,,12552,13,0,26 27 28,1,100,,12557,13,0,26 27 28,1,100,,12561,13,0,26 27 28,1,100,,12562,13,0,26 27 28,1,100,,12553,13,0,26 27 28,1,100,,12564,13,0,26 27 28,1,100,,12556,13,0,26 27 28,1,100,,12554,13,0,26 27 28,1,100,,12550,13,0,26 27 28,1,100,,12565,13,0,26 27 28,1,100,,12559,13,0,26 27 28,1,100,,12555,13,0,26 27 28,1
2501,'8',646,,12570,13,0,26 27 28,1,100,,12566,13,0,26 27 28,1,100,,12571,13,0,26 27 28,1,100,,12581,13,0,26 27 28,1,100,,12575,13,0,26 27 28,1,100,,12573,13,0,26 27 28,1,100,,12579,13,0,26 27 28,1,100,,12578,13,0,26 27 28,1,100,,12577,13,0,26 27 28,1,100,,12568,13,0,26 27 28,1,100,,12574,13,0,26 27 28,1,100,,12567,13,0,26 27 28,1,100,,12576,13,0,26 27 28,1,100,,12580,13,0,26 27 28,1,100,,12572,13,0,26 27 28,1,100,,12569,13,0,26 27 28,1
2501,'9',646,,12596,13,0,26 27 28,1,100,,12597,13,0,26 27 28,1,100,,12595,13,0,26 27 28,1,100,,12590,13,0,26 27 28,1,100,,12586,13,0,26 27 28,1,100,,12584,13,0,26 27 28,1,100,,12582,13,0,26 27 28,1,100,,12589,13,0,26 27 28,1,100,,12591,13,0,26 27 28,1,100,,12585,13,0,26 27 28,1,100,,12593,13,0,26 27 28,1,100,,12587,13,0,26 27 28,1,100,,12588,13,0,26 27 28,1,100,,12592,13,0,26 27 28,1,100,,12594,13,0,26 27 28,1,100,,12583,13,0,26 27 28,1
