22,2200,'1',11975,11976,11977,11978,11979,11980,11981,11982,11983,11984,11985,11986,11987,11988,11989,11990,11991
22,2200,'10',11992,11993,11994,11995,11996,11997,11998,11999
22,2200,'11',12000,12001,12002,12003,12004,12005,12006,12007
22,2200,'2',12008,12009,12010,12011,12012,12013,12014,12015,12016,12017,12018,12019,12020,12021,12022,12023,12024
22,2200,'3',12025,12026,12027,12028,12029,12030,12031,12032,12033,12034,12035,12036,12037,12038,12039,12040,12041
22,2200,'4',12042,12043,12044,12045,12046,12047,12048,12049,12050,12051,12052,12053,8385,12054,12055,12056,12057
22,2200,'5',12058,12059,12060,12061,12062,12063,12064,12065,12066,12067,12068,12069,12070,12071,12072,12073,12074
22,2200,'6',12075,12076,12077,12078,12079,12080,12081,12082
22,2200,'7',12083,12084,12085,12086,12087,12088,12089,12090,12091,12092,12093,12094,12095,12096,12097,12098,12099
22,2200,'8',12100,12101,12102,12103,12104,12105,12106,12107,12108,12109,12110,12111,12112,12113,12114,12115,12116
22,2200,'9',12117,12118,12119,12120,12121,12122,12123,12124,12125,12126,12127,12128,12129,12130,12131,12132,12133
22,2201,'1',12134,12135,12136,12137,12138,12139,12140,12141,12142,12143,12144,12145,12146,12147,12148,12149,12150
22,2201,'10',12151,12152,12153,12154,12155,12156,12157,12158,12159
22,2201,'11',12160,12161,12162,12163,12164,12165,12166,12167,12168
22,2201,'2',12169,12170,12171,12172,12173,12174,12175,12176,12177,12178,12179,12180,12181,12182,12183,12184,12185
22,2201,'3',12186,12187,12188,12189,12190,12191,12192,12193,12194,12195,12196,12197,12198,12199,12200,12201,12202
22,2201,'4',12203,12204,12205,12206,12207,12208,12209,12210,12211,12212,12213,12214,10747,12215,12216,12217,12218
22,2201,'5',12219,12220,12221,12222,12223,12224,12225,12226,12227,12228,12229,12230,12231,12232,12233,12234,12235
22,2201,'6',12236,12237,12238,12239,12240,12241,12242,12243,12244
22,2201,'7',12245,12246,12247,12248,12249,12250,12251,12252,12253,12254,12255,12256,12257,12258,12259,12260,12261
22,2201,'8',12262,12263,12264,12265,12266,12267,12268,12269,12270,12271,12272,12273,12274,12275,12276,12277,12278
22,2201,'9',12279,12280,12281,12282,12283,12284,12285,12286,12287,12288,12289,12290,12291,12292,12293,12294,12295
25,2500,'1',12296,12297,12298,12299,12300,12301,12302,12303,11794,12304,12305,12306,12307,12308,12309,12310
25,2500,'10',12311,12312,12313,12314,12315,12316,12317,12318
25,2500,'11',12319,12320,12321,12322,12323,12324,12325,12326
25,2500,'2',12327,12328,12329,12330,12331,12332,12333,12334,12335,12336,12337,12338,12339,12340,12341,12342
25,2500,'3',12343,12344,12345,12346,12347,12348,12349,12350,12351,12352,12353,12354,12355,12356,12357,12358
25,2500,'4',12359,12360,12361,12362,12363,12364,12365,12366,12367,12368,12369,12370,12371,12372,12373,11778
25,2500,'5',12374,12375,12376,12377,12378,12379,12380,12381,12382,12383,12384,12385,12386,12387,12388,12389
25,2500,'6',12390,12391,12392,12393,12394,12395,12396,12397
25,2500,'7',12398,12399,12400,12401,12402,12403,12404,12405,12406,12407,12408,12409,12410,12411,12412,12413
25,2500,'8',12414,12415,12416,12417,12418,12419,12420,12421,12422,12423,12424,12425,12426,12427,12428,12429
25,2500,'9',12430,12431,12432,12433,12434,12435,12436,12437,12438,12439,12440,12441,12442,12443,12444,12445
25,2501,'1',12446,12447,12448,12449,12450,12451,12452,12453,12454,12455,12456,12457,12458,12459,12460,12461
25,2501,'10',12462,12463,12464,12465,12466,12467,12468,12469
25,2501,'11',12470,12471,12472,12473,12474,12475,12476,12477
25,2501,'2',12478,12479,12480,12481,12482,12483,12484,12485,12486,12487,12488,12489,12490,12491,12492,12493
25,2501,'3',12494,12495,12496,12497,12498,12499,12500,12501,12502,12503,12504,12505,12506,12507,12508,12509
25,2501,'4',12510,12511,12512,12513,12514,12515,12516,12517,12518,12519,12520,12521,12522,12523,12524,12525
25,2501,'5',12526,12527,12528,12529,12530,12531,12532,12533,12534,12535,12536,12537,12538,12539,12540,12541
25,2501,'6',12542,12543,12544,12545,12546,12547,12548,12549
25,2501,'7',12550,12551,12552,12553,12554,12555,12556,12557,12558,12559,12560,12561,12562,12563,12564,12565
25,2501,'8',12566,12567,12568,12569,12570,12571,12572,12573,12574,12575,12576,12577,12578,12579,12580,12581
25,2501,'9',12582,12583,12584,12585,12586,12587,12588,12589,12590,12591,12592,12593,12594,12595,12596,12597
34,3400,'2',12598,12599,12600,12601,12602,12603,12604,12605,12606,12607
34,3400,'3',12608,12609,12610,12611,12612,12613,12614,12615,12616,12617
34,3400,'4',12618,12619,12620,12621,12622,11852,12623,12624,12625,12626
34,3400,'7',12627,12628,12629,12630,12631,12632,12633,12634,12635,12636
34,3400,'8',12637,12638,12639,12640,12641,12642,12643,12644,12645,12646
34,3400,'9',12647,12648,12649,12650,12651,12652,12653,12654,12655,12656
34,3401,'2',12657,12658,12659,12660,12661,12662,12663,12664,12665,12666
34,3401,'3',12667,12668,12669,12670,12671,12672,12673,12674,12675,12676
34,3401,'4',12677,12678,12679,12680,12681,12682,12683,12684,12685,12686
34,3401,'7',12687,12688,12689,12690,12691,12692,12693,12694,12695,12696
34,3401,'8',12697,12698,12699,12700,12701,12702,12703,12704,12705,12706
34,3401,'9',12707,12708,12709,12710,12711,12712,12713,12714,12715,12716
40,4001,'1',12717,12718,12719,12720,12721,12722,12723,12724,12725,12726,12727,12728,12729,12730,12731,12732
40,4001,'10',12733,12734,12735,12736,12737,12738,12739,12740
40,4001,'11',12741,12742,12743,12744,12745,12746,12747,12748
40,4001,'2',12749,12750,12751,12752,12753,12754,12755,12756,12757,12758,12759,12760,12761,12762,12763,12764,12765,12766,12767,12768,12769,12770,12771,12772,12773,12774,12775,12776,12777,12778,12779,12780,12781,12782,12783,12784,12785,12786,12787,12788,12789,12790,12791,12792,12793,12794,12795,12796,12797,12798,12799,12800,12801,12802,12803,12804,12805,12806,12807,12808,12809,12810,12811,12812,12813,12814,12815,12816,12817,12818,12819,12820,12821,12822,12823,12824,12825,12826,12827,12828,12829,12830,12831,12832,12833,12834,12835,12836,12837,12838,12839,12840,12841,12842,12843,12844,12845,12846,12847,11710,12848,12849,12850,12851,12852,12853,12854,12855,12856,12857
40,4001,'3',12858,12859,12860,12861,12862,12863,12864,12865,12866,12867,12868,12869,12870,12871,12872,12873,12874,12875,12876,12877,12878,12879,12880,12881,12882,12883,12884,12885,12886,12887,12888,12889,12890,12891,12892,12893,12894,12895,12896,12897,12898,12899,12900,12901,12902,12903,12904,12905,12906,12907,12908,12909,12910,12911,12912,12913,12914,12915,12916,12917,12918,12919,12920,12921,12922,12923,12924,12925,12926,12927,12928,12929,12930,12931,12932,12933,12934,12935,12936,12937,12938,12939,12940,12941,12942,12943,12944,12945,12946,12947,12948,12949,12950,12951,12952,12953,12954,12955,12956,12957,12958,12959,12960,12961,12962,12963,12964,12965,12966,12967
40,4001,'4',10870,12968,12969,12970,12971,12972,12973,12974,12975,12976,12977,12978,12979,12980,12981,12982,12983,12984,12985,12986,12987,12988,12989,12990,12991,12992,12993,12994,12995,12996,12997,12998,12999,13000,13001,13002,13003,13004,13005,13006,13007,13008,13009,13010,13011,13012,13013,13014,13015,13016,13017,13018,13019,13020,13021,13022,13023,13024,13025,13026,13027,13028,13029,13030,13031,13032,13033,13034,13035,13036,13037,13038,13039,13040,13041,13042,13043,13044,13045,13046,13047,13048,13049,13050,13051,13052,13053,13054,13055,13056,13057,13058,13059,13060,13061,13062,13063,13064,13065,13066,13067,13068,13069,13070,13071,13072,13073,13074,13075,13076
40,4001,'5',13077,13078,13079,13080,13081,13082,13083,13084,13085,13086,13087,13088,13089,13090,13091,13092
40,4001,'6',13093,13094,13095,13096,13097,13098,13099,13100
40,4001,'7',13101,13102,13103,13104,13105,13106,13107,13108,13109,13110,13111,13112,13113,13114,13115,13116,13117,13118,13119,13120,13121,13122,13123,13124,13125,13126,13127,13128,13129,13130,13131,13132,13133,13134,13135,13136,13137,13138,13139,13140,13141,13142,13143,13144,13145,13146,13147,13148,13149,13150,13151,13152,13153,13154,13155,13156,13157,13158,13159,13160,13161,13162,13163,13164,13165,13166,13167,13168,13169,13170,13171,13172,13173,13174,13175,13176,13177,13178,13179,13180,13181,13182,13183,13184,13185,13186,13187,13188,13189,13190,13191,13192,13193,13194,13195,13196,13197,13198,13199,13200,13201,13202,13203,13204,13205,13206,13207,13208,13209,13210
40,4001,'8',13211,13212,13213,13214,13215,13216,13217,13218,13219,13220,13221,13222,13223,13224,13225,13226,13227,13228,13229,13230,13231,13232,13233,13234,13235,13236,13237,13238,13239,13240,13241,13242,13243,13244,13245,13246,13247,13248,13249,13250,13251,13252,13253,13254,13255,13256,13257,13258,13259,13260,13261,13262,13263,13264,13265,13266,13267,13268,13269,13270,13271,13272,13273,13274,13275,13276,13277,13278,13279,13280,13281,13282,13283,13284,13285,13286,13287,13288,13289,13290,13291,13292,13293,13294,13295,13296,13297,13298,13299,13300,13301,13302,13303,13304,13305,13306,13307,13308,13309,13310,13311,13312,13313,13314,13315,13316,13317,13318,13319,13320
40,4001,'9',13321,13322,13323,13324,13325,13326,13327,13328,13329,13330,13331,13332,13333,13334,13335,13336,13337,13338,13339,13340,13341,13342,13343,13344,13345,13346,13347,13348,13349,13350,13351,13352,13353,13354,13355,13356,13357,13358,13359,13360,13361,13362,13363,13364,13365,13366,13367,13368,13369,13370,13371,13372,13373,13374,13375,13376,13377,13378,13379,13380,13381,13382,13383,13384,13385,13386,13387,13388,13389,13390,13391,13392,13393,13394,13395,13396,13397,13398,13399,13400,13401,13402,13403,13404,13405,13406,13407,13408,13409,13410,13411,13412,13413,13414,13415,13416,13417,13418,13419,13420,13421,13422,13423,13424,13425,13426,13427,13428,13429,13430
45,4501,'1',13431,13432,13433,13434,13435,13436,13437,13438,13439,13440,13441,13442,13443,13444,13445,13446
45,4501,'10',13447,13448,13449,13450,13451,13452,13453,13454
45,4501,'11',13455,13456,13457,13458,13459,13460,13461,13462
45,4501,'2',13463,13464,13465,13466,13467,13468,13469,13470,13471,13472,13473,13474,13475,13476,13477,13478,13479,13480,13481,13482,13483,13484,13485,13486,13487,13488,13489,13490,13491,13492,13493,13494,13495,13496,13497,13498,13499,13500,13501,13502,13503,13504,13505,13506,13507,13508,13509,13510,13511,13512,13513,13514,13515,13516,13517,13518,13519,13520,13521,13522,13523,13524,13525,13526,13527,13528,13529,13530,13531,13532,13533,13534,13535,13536,13537,13538,13539,13540,13541,13542,13543,13544,13545,13546,13547,13548,13549,13550,13551,13552,13553,13554,13555,13556,13557,13558,13559,13560,13561,13562,13563,13564,13565,13566,13567,13568,13569,13570,13571,13572
45,4501,'3',13573,13574,13575,13576,13577,13578,13579,13580,13581,13582,13583,13584,13585,13586,13587,13588,13589,13590,13591,13592,13593,13594,13595,13596,13597,13598,13599,13600,13601,13602,13603,13604,13605,13606,13607,13608,13609,13610,13611,13612,13613,13614,13615,13616,13617,13618,13619,13620,13621,13622,13623,13624,13625,13626,13627,13628,13629,13630,13631,13632,13633,13634,13635,13636,13637,13638,13639,13640,13641,13642,13643,13644,13645,13646,13647,13648,13649,13650,13651,13652,13653,13654,13655,13656,13657,13658,13659,13660,13661,13662,13663,13664,13665,13666,13667,13668,13669,13670,13671,13672,13673,13674,13675,13676,13677,13678,13679,13680,13681,13682
45,4501,'4',13683,13684,13685,13686,13687,13688,13689,13690,13691,13692,13693,13694,13695,13696,13697,13698,13699,13700,13701,13702,13703,13704,13705,13706,13707,13708,13709,13710,13711,13712,10920,13713,13714,13715,13716,13717,13718,13719,13720,13721,13722,13723,13724,13725,13726,13727,13728,13729,13730,13731,13732,13733,13734,13735,13736,13737,13738,13739,13740,13741,13742,13743,13744,13745,13746,13747,13748,13749,13750,13751,13752,13753,13754,13755,13756,13757,13758,13759,13760,13761,13762,13763,13764,13765,13766,13767,13768,13769,13770,13771,13772,13773,13774,13775,13776,13777,13778,13779,13780,13781,13782,13783,13784,13785,13786,13787,13788,13789,13790,13791
45,4501,'5',13792,13793,13794,13795,13796,13797,13798,13799,13800,13801,13802,13803,13804,13805,13806,13807
45,4501,'6',13808,13809,13810,13811,13812,13813,13814,13815
45,4501,'7',13816,13817,13818,13819,13820,13821,13822,13823,13824,13825,13826,13827,13828,13829,13830,13831,13832,13833,13834,13835,13836,13837,13838,13839,13840,13841,13842,13843,13844,13845,13846,13847,13848,13849,13850,13851,13852,13853,13854,13855,13856,13857,13858,13859,13860,13861,13862,13863,13864,13865,13866,13867,13868,13869,13870,13871,13872,13873,13874,13875,13876,13877,13878,13879,13880,13881,13882,13883,13884,13885,13886,13887,13888,13889,13890,13891,13892,13893,13894,13895,13896,13897,13898,13899,13900,13901,13902,13903,13904,13905,13906,13907,13908,13909,13910,13911,13912,13913,13914,13915,13916,13917,13918,13919,13920,13921,13922,13923,13924,13925
45,4501,'8',13926,13927,13928,13929,13930,13931,13932,13933,13934,13935,13936,13937,13938,13939,13940,13941,13942,13943,13944,13945,13946,13947,13948,13949,13950,13951,13952,13953,13954,13955,13956,13957,13958,13959,13960,13961,13962,13963,13964,13965,13966,13967,13968,13969,13970,13971,13972,13973,13974,13975,13976,13977,13978,13979,13980,13981,13982,13983,13984,13985,13986,13987,13988,13989,13990,13991,13992,13993,13994,13995,13996,13997,13998,13999,14000,14001,14002,14003,14004,14005,14006,14007,14008,14009,14010,14011,14012,14013,14014,14015,14016,14017,14018,14019,14020,14021,14022,14023,14024,14025,14026,14027,14028,14029,14030,14031,14032,14033,14034,14035
45,4501,'9',14036,14037,14038,14039,14040,14041,14042,14043,14044,14045,14046,14047,14048,14049,14050,14051,14052,14053,14054,14055,14056,14057,14058,14059,14060,14061,14062,14063,14064,14065,14066,14067,14068,14069,14070,14071,14072,14073,14074,14075,14076,14077,14078,14079,14080,14081,14082,14083,14084,14085,14086,14087,14088,14089,14090,14091,14092,14093,14094,14095,14096,14097,14098,14099,14100,14101,14102,14103,14104,14105,14106,14107,14108,14109,14110,14111,14112,14113,14114,14115,14116,14117,14118,14119,14120,14121,14122,14123,14124,14125,14126,14127,14128,14129,14130,14131,14132,14133,14134,14135,14136,14137,14138,14139,14140,14141,14142,14143,14144,14145
50,5001,'1',14146,14147,14148,14149,14150,14151,14152,14153,14154,14155,14156,14157,14158,14159,14160,11661
50,5001,'10',14161,14162,14163,14164,14165,14166,14167,14168
50,5001,'11',14169,14170,14171,14172,14173,14174,14175,14176
50,5001,'2',14177,14178,14179,14180,14181,14182,14183,14184,14185,14186,14187,14188,14189,14190,14191,14192
50,5001,'3',14193,14194,14195,14196,14197,14198,14199,14200,14201,14202,14203,14204,14205,14206,14207,14208
50,5001,'4',14209,14210,14211,14212,14213,14214,14215,14216,14217,14218,14219,14220,14221,14222,14223,14224
50,5001,'5',14225,14226,14227,14228,14229,14230,14231,14232,14233,14234,14235,14236,14237,14238,14239,14240
50,5001,'6',14241,14242,14243,14244,14245,14246,14247,14248
50,5001,'7',14249,14250,14251,14252,14253,14254,14255,14256,14257,14258,14259,14260,14261,14262,14263,14264
50,5001,'8',14265,14266,14267,14268,14269,14270,14271,14272,14273,14274,14275,14276,14277,14278,14279,14280
50,5001,'9',14281,14282,14283,14284,14285,14286,14287,14288,14289,14290,14291,14292,14293,14294,14295,14296
55,5501,'1',14297,14298,14299,14300,14301,14302,14303,14304,14305,14306,14307,14308,14309,14310,14311,14312
55,5501,'10',14313,14314,14315,14316,14317,14318,14319,14320
55,5501,'11',14321,14322,14323,14324,14325,14326,14327,14328
55,5501,'2',14329,14330,14331,14332,14333,14334,14335,14336,14337,14338,14339,14340,14341,14342,14343,14344
55,5501,'3',14345,14346,14347,14348,14349,14350,14351,14352,14353,14354,14355,14356,14357,14358,14359,14360
55,5501,'4',14361,14362,14363,14364,14365,14366,14367,14368,14369,14370,14371,14372,14373,14374,14375,14376
55,5501,'5',14377,14378,14379,14380,14381,14382,14383,14384,14385,14386,14387,14388,14389,14390,14391,14392
55,5501,'6',14393,14394,14395,14396,14397,14398,14399,14400
55,5501,'7',14401,14402,14403,14404,14405,14406,14407,14408,14409,14410,14411,14412,14413,14414,14415,14416
55,5501,'8',14417,14418,14419,14420,14421,14422,14423,14424,14425,14426,14427,14428,14429,14430,14431,14432
55,5501,'9',14433,14434,14435,14436,14437,14438,14439,14440,14441,14442,14443,14444,14445,14446,14447,14448
60,6001,'1',14449,14450,14451,14452,14453,14454,14455,14456,14457,14458,14459,14460,14461,14462,14463,14464
60,6001,'10',14465,14466,14467,14468,14469,14470,14471,14472
60,6001,'11',14473,14474,14475,14476,14477,14478,14479,14480
60,6001,'2',14481,14482,14483,14484,14485,14486,14487,14488,14489,14490,14491,14492,14493,14494,14495,14496,14497,14498,14499,14500,14501,14502,14503,14504,14505,14506,14507,14508,14509,14510,14511,14512,14513,14514,14515,14516,14517,14518,14519,14520,14521,14522,9425,14523,14524,14525,14526,14527,14528,14529,14530,14531,14532
60,6001,'3',14533,14534,14535,14536,14537,14538,14539,14540,14541,14542,14543,14544,14545,14546,14547,14548,14549,14550,14551,14552,14553,14554,14555,14556,14557,14558,14559,14560,14561,14562,14563,14564,14565,14566,14567,14568,14569,14570,14571,14572,14573,14574,14575,14576,14577,14578,14579,14580,14581,14582,14583,14584,14585
60,6001,'4',14586,14587,14588,14589,14590,14591,14592,14593,14594,14595,14596,14597,14598,14599,14600,14601,14602,14603,14604,14605,14606,14607,14608,14609,14610,14611,14612,14613,14614,14615,14616,14617,14618,14619,14620,14621,14622,14623,14624,14625,14626,14627,14628,14629,14630,14631,11120,14632,14633,14634,14635,14636,14637
60,6001,'5',14638,14639,14640,14641,14642,14643,14644,14645,14646,14647,14648,14649,14650,14651,14652,14653
60,6001,'6',14654,14655,14656,14657,14658,14659,14660,14661
60,6001,'7',14662,14663,14664,14665,14666,14667,14668,14669,14670,14671,14672,14673,14674,14675,14676,14677,14678,14679,14680,14681,14682,14683,14684,14685,14686,14687,14688,14689,14690,14691,14692,14693,14694,14695,14696,14697,14698,14699,14700,14701,14702,14703,14704,14705,14706,14707,14708,14709,14710,14711,14712,14713,14714
60,6001,'8',14715,14716,14717,14718,14719,14720,14721,14722,14723,14724,14725,14726,14727,14728,14729,14730,14731,14732,14733,14734,14735,14736,14737,14738,14739,14740,14741,14742,14743,14744,14745,14746,14747,14748,14749,14750,14751,14752,14753,14754,14755,14756,14757,14758,14759,14760,14761,14762,14763,14764,14765,14766,14767
60,6001,'9',14768,14769,14770,14771,14772,14773,14774,14775,14776,14777,14778,14779,14780,14781,14782,14783,14784,14785,14786,14787,14788,14789,14790,14791,14792,14793,14794,14795,14796,14797,14798,14799,14800,14801,14802,14803,14804,14805,14806,14807,14808,14809,14810,14811,14812,14813,14814,14815,14816,14817,14818,14819,14820
65,6501,'1',14821,14822,14823,14824,14825,14826,14827,14828,14829,14830,14831,14832,14833,14834,14835,14836
65,6501,'10',14837,14838,14839,14840,14841,14842,14843,14844
65,6501,'11',14845,14846,14847,14848,14849,14850,14851,14852
65,6501,'2',14853,14854,14855,14856,14857,14858,14859,14860,14861,14862,14863,14864,14865,14866,14867,14868,14869,14870,14871,14872,14873,14874,14875,14876,14877,14878,14879,14880,14881,14882,14883,14884,14885,14886,14887,14888,14889,14890,14891,14892,14893,14894,14895,14896,14897,14898,14899,14900,14901,14902,14903,14904,14905,14906,14907
65,6501,'3',14908,14909,14910,14911,14912,14913,14914,14915,14916,14917,14918,14919,14920,14921,14922,14923,14924,14925,14926,14927,14928,14929,14930,14931,14932,14933,14934,14935,14936,14937,14938,14939,14940,14941,14942,14943,14944,14945,14946,14947,14948,14949,14950,14951,14952,14953,14954,14955,14956,14957,14958,14959,14960,14961,14962
65,6501,'4',14963,14964,14965,14966,14967,14968,14969,14970,14971,14972,14973,14974,14975,14976,14977,14978,14979,14980,14981,14982,14983,14984,14985,14986,14987,14988,14989,14990,14991,14992,14993,14994,14995,14996,14997,14998,14999,15000,15001,15002,15003,15004,15005,15006,15007,15008,15009,15010,15011,15012,15013,15014,15015,15016,15017
65,6501,'5',15018,15019,15020,15021,15022,15023,15024,15025,15026,15027,15028,15029,15030,15031,15032,15033
65,6501,'6',15034,15035,15036,15037,15038,15039,15040,15041
65,6501,'7',15042,15043,15044,15045,15046,15047,15048,15049,15050,15051,15052,15053,15054,15055,15056,15057,15058,15059,15060,15061,15062,15063,15064,15065,15066,15067,15068,15069,15070,15071,15072,15073,15074,15075,15076,15077,15078,15079,15080,15081,15082,15083,15084,15085,15086,15087,15088,15089,15090,15091,15092,15093,15094,15095,15096
65,6501,'8',15097,15098,15099,15100,15101,15102,15103,15104,15105,15106,15107,15108,15109,15110,15111,15112,15113,15114,15115,15116,15117,15118,15119,15120,15121,15122,15123,15124,15125,15126,15127,15128,15129,15130,15131,15132,15133,15134,15135,15136,15137,15138,15139,15140,15141,15142,15143,15144,15145,15146,15147,15148,15149,15150,15151
65,6501,'9',15152,15153,15154,15155,15156,15157,15158,15159,15160,15161,15162,15163,15164,15165,15166,15167,15168,15169,15170,15171,15172,15173,15174,15175,15176,15177,15178,15179,15180,15181,15182,15183,15184,15185,15186,15187,15188,15189,15190,15191,15192,15193,15194,15195,15196,15197,15198,15199,15200,15201,15202,15203,15204,15205,15206
70,7001,'1',15207,15208,15209,15210,15211,15212,15213,15214,15215,15216,15217,15218,15219,15220,15221,15222
70,7001,'10',15223,15224,15225,15226,15227,15228,15229,15230
70,7001,'11',15231,15232,15233,15234,15235,15236,15237,15238
70,7001,'2',15239,15240,15241,15242,11539,15243,15244,15245,15246,15247,15248,15249,15250,15251,15252,15253,15254,15255,15256,15257,15258,15259,15260,15261,15262,15263,15264,15265,15266,15267,15268,15269
70,7001,'3',15270,15271,15272,15273,15274,15275,15276,15277,15278,15279,15280,15281,15282,15283,15284,15285,15286,15287,15288,15289,15290,15291,15292,15293,15294,15295,15296,15297,15298,15299,15300,15301
70,7001,'4',15302,15303,15304,15305,15306,15307,15308,15309,15310,15311,15312,15313,15314,15315,15316,15317,15318,15319,15320,15321,11071,15322,15323,15324,15325,15326,15327,15328,15329,15330,15331,15332
70,7001,'5',15333,15334,15335,15336,15337,15338,15339,15340,15341,15342,15343,15344,15345,15346,15347,15348
70,7001,'6',15349,15350,15351,15352,15353,15354,15355,15356
70,7001,'7',15357,15358,15359,15360,15361,15362,15363,15364,15365,15366,15367,15368,15369,15370,15371,15372,15373,15374,15375,15376,15377,15378,15379,15380,15381,15382,15383,15384,15385,15386,15387,15388
70,7001,'8',15389,15390,15391,15392,15393,15394,15395,15396,15397,15398,15399,15400,15401,15402,15403,15404,15405,15406,15407,15408,15409,15410,15411,15412,15413,15414,15415,15416,15417,15418,15419,15420
70,7001,'9',15421,15422,15423,15424,15425,15426,15427,15428,15429,15430,15431,15432,15433,15434,15435,15436,15437,15438,15439,15440,15441,15442,15443,15444,15445,15446,15447,15448,15449,15450,15451,15452
75,7501,'1',15453,15454,15455,15456,15457,15458,15459,15460,15461,15462,15463,15464,15465,15466,15467,15468
75,7501,'10',15469,15470,15471,15472,15473,15474,15475,15476
75,7501,'11',15477,15478,15479,15480,15481,15482,15483,15484
75,7501,'2',15485,15486,15487,15488,15489,15490,15491,15492,15493,15494,15495,15496,15497,15498,15499,15500,15501,15502,15503,15504,15505,15506,15507,15508,15509,15510,15511,15512,15513,15514,15515,15516
75,7501,'3',15517,15518,15519,15520,15521,15522,15523,15524,15525,15526,15527,15528,15529,15530,15531,15532,15533,15534,15535,15536,15537,15538,15539,15540,15541,15542,15543,15544,15545,15546,15547,15548
75,7501,'4',15549,15550,11937,15551,15552,15553,15554,15555,15556,15557,15558,15559,15560,15561,15562,15563,15564,15565,15566,15567,15568,15569,15570,15571,15572,15573,15574,15575,15576,15577,15578,15579
75,7501,'5',15580,15581,15582,15583,15584,15585,15586,15587,15588,15589,15590,15591,15592,15593,15594,15595
75,7501,'6',15596,15597,15598,15599,15600,15601,15602,15603
75,7501,'7',15604,15605,15606,15607,15608,15609,15610,15611,15612,15613,15614,15615,15616,15617,15618,15619,15620,15621,15622,15623,15624,15625,15626,15627,15628,15629,15630,15631,15632,15633,15634,15635
75,7501,'8',15636,15637,15638,15639,15640,15641,15642,15643,15644,15645,15646,15647,15648,15649,15650,15651,15652,15653,15654,15655,15656,15657,15658,15659,15660,15661,15662,15663,15664,15665,15666,15667
75,7501,'9',15668,15669,15670,15671,15672,15673,15674,15675,15676,15677,15678,15679,15680,15681,15682,15683,15684,15685,15686,15687,15688,15689,15690,15691,15692,15693,15694,15695,15696,15697,15698,15699
