4001,'1',736,,12731,5,0,20 21 29 24,1,100,,12717,5,0,20 21 29 24,1,100,,12728,5,0,20 21 29 24,1,100,,12720,5,0,20 21 29 24,1,100,,12723,5,0,20 21 29 24,1,100,,12729,5,0,20 21 29 24,1,100,,12721,5,0,20 21 29 24,1,100,,12722,5,0,20 21 29 24,1,100,,12724,5,0,20 21 29 24,1,100,,12725,5,0,20 21 29 24,1,100,,12727,5,0,20 21 29 24,1,100,,12718,5,0,20 21 29 24,1,100,,12730,5,0,20 21 29 24,1,100,,12726,5,0,20 21 29 24,1,100,,12732,5,0,20 21 29 24,1,100,,12719,5,0,20 21 29 24,1
4001,'10',1036,,12735,5,0,20 21 29 24,1,100,,12739,5,0,20 21 29 24,1,100,,12734,5,0,20 21 29 24,1,100,,12740,5,0,20 21 29 24,1,100,,12736,5,0,20 21 29 24,1,100,,12738,5,0,20 21 29 24,1,100,,12733,5,0,20 21 29 24,1,100,,12737,5,0,20 21 29 24,1
4001,'11',1036,,12747,5,0,20 21 29 24,1,100,,12744,5,0,20 21 29 24,1,100,,12748,5,0,20 21 29 24,1,100,,12746,5,0,20 21 29 24,1,100,,12743,5,0,20 21 29 24,1,100,,12745,5,0,20 21 29 24,1,100,,12741,5,0,20 21 29 24,1,100,,12742,5,0,20 21 29 24,1
4001,'2',1734,,12806,5,0,20 21 29 24,1,100,,12749,5,0,20 21 29 24,1,104,,12797,5,0,20 21 29 24,1,100,,12826,5,0,20 21 29 24,1,100,,12812,5,0,20 21 29 24,1,100,,12751,5,0,20 21 29 24,1
4001,'3',1734,,12890,5,0,20 21 29 24,1,100,,12888,5,0,20 21 29 24,1,104,,12931,5,0,20 21 29 24,1,100,,12896,5,0,20 21 29 24,1,100,,12930,5,0,20 21 29 24,1,100,,12892,5,0,20 21 29 24,1
4001,'4',1734,,13055,5,0,20 21 29 24,1,100,,12991,5,0,20 21 29 24,1,104,,13063,5,0,20 21 29 24,1,100,,12982,5,0,20 21 29 24,1,100,,12969,5,0,20 21 29 24,1,100,,13049,5,0,20 21 29 24,1
4001,'5',736,,13085,5,0,20 21 29 24,1,100,,13079,5,0,20 21 29 24,1,100,,13086,5,0,20 21 29 24,1,100,,13084,5,0,20 21 29 24,1,100,,13091,5,0,20 21 29 24,1,100,,13077,5,0,20 21 29 24,1,100,,13082,5,0,20 21 29 24,1,100,,13080,5,0,20 21 29 24,1,100,,13088,5,0,20 21 29 24,1,100,,13087,5,0,20 21 29 24,1,100,,13090,5,0,20 21 29 24,1,100,,13089,5,0,20 21 29 24,1,100,,13081,5,0,20 21 29 24,1,100,,13078,5,0,20 21 29 24,1,100,,13083,5,0,20 21 29 24,1,100,,13092,5,0,20 21 29 24,1
4001,'6',1036,,13097,5,0,20 21 29 24,1,100,,13098,5,0,20 21 29 24,1,100,,13096,5,0,20 21 29 24,1,100,,13099,5,0,20 21 29 24,1,100,,13093,5,0,20 21 29 24,1,100,,13095,5,0,20 21 29 24,1,100,,13100,5,0,20 21 29 24,1,100,,13094,5,0,20 21 29 24,1
4001,'7',1734,,13125,5,0,20 21 29 24,1,100,,13163,5,0,20 21 29 24,1,104,,13131,5,0,20 21 29 24,1,100,,13142,5,0,20 21 29 24,1,100,,13164,5,0,20 21 29 24,1,100,,13182,5,0,20 21 29 24,1
4001,'8',1734,,13214,5,0,20 21 29 24,1,100,,13229,5,0,20 21 29 24,1,104,,13222,5,0,20 21 29 24,1,100,,13285,5,0,20 21 29 24,1,100,,13279,5,0,20 21 29 24,1,100,,13255,5,0,20 21 29 24,1
4001,'9',1734,,13331,5,0,20 21 29 24,1,100,,13389,5,0,20 21 29 24,1,104,,13351,5,0,20 21 29 24,1,100,,13361,5,0,20 21 29 24,1,100,,13409,5,0,20 21 29 24,1,100,,13414,5,0,20 21 29 24,1
4501,'1',713,,13443,3,0,20 21 30 12,1,100,,13436,3,0,20 21 30 12,1,100,,13440,3,0,20 21 30 12,1,100,,13431,3,0,20 21 30 12,1,100,,13434,3,0,20 21 30 12,1,100,,13432,3,0,20 21 30 12,1,100,,13442,3,0,20 21 30 12,1,100,,13441,3,0,20 21 30 12,1,100,,13438,3,0,20 21 30 12,1,100,,13445,3,0,20 21 30 12,1,100,,13435,3,0,20 21 30 12,1,100,,13433,3,0,20 21 30 12,1,100,,13437,3,0,20 21 30 12,1,100,,13444,3,0,20 21 30 12,1,100,,13446,3,0,20 21 30 12,1,100,,13439,3,0,20 21 30 12,1
4501,'10',1013,,13450,3,0,20 21 30 12,1,100,,13452,3,0,20 21 30 12,1,100,,13447,3,0,20 21 30 12,1,100,,13449,3,0,20 21 30 12,1,100,,13448,3,0,20 21 30 12,1,100,,13451,3,0,20 21 30 12,1,100,,13454,3,0,20 21 30 12,1,100,,13453,3,0,20 21 30 12,1
4501,'11',1013,,13455,3,0,20 21 30 12,1,100,,13460,3,0,20 21 30 12,1,100,,13456,3,0,20 21 30 12,1,100,,13461,3,0,20 21 30 12,1,100,,13462,3,0,20 21 30 12,1,100,,13458,3,0,20 21 30 12,1,100,,13459,3,0,20 21 30 12,1,100,,13457,3,0,20 21 30 12,1
4501,'2',1612,,13550,3,0,20 21 30 12,1,100,,13552,3,0,20 21 30 12,1,100,,13568,3,0,20 21 30 12,1,101,,13511,3,0,20 21 30 12,1,100,,13544,3,0,20 21 30 12,1,100,,13507,3,0,20 21 30 12,1,100,,13516,3,0,20 21 30 12,1
4501,'3',1612,,13672,3,0,20 21 30 12,1,100,,13582,3,0,20 21 30 12,1,100,,13592,3,0,20 21 30 12,1,101,,13593,3,0,20 21 30 12,1,100,,13583,3,0,20 21 30 12,1,100,,13667,3,0,20 21 30 12,1,100,,13660,3,0,20 21 30 12,1
4501,'4',1612,,13754,3,0,20 21 30 12,1,100,,13731,3,0,20 21 30 12,1,100,,13694,3,0,20 21 30 12,1,101,,13699,3,0,20 21 30 12,1,100,,13782,3,0,20 21 30 12,1,100,,13785,3,0,20 21 30 12,1,100,,13751,3,0,20 21 30 12,1
4501,'5',713,,13798,3,0,20 21 30 12,1,100,,13802,3,0,20 21 30 12,1,100,,13794,3,0,20 21 30 12,1,100,,13806,3,0,20 21 30 12,1,100,,13796,3,0,20 21 30 12,1,100,,13807,3,0,20 21 30 12,1,100,,13805,3,0,20 21 30 12,1,100,,13799,3,0,20 21 30 12,1,100,,13801,3,0,20 21 30 12,1,100,,13795,3,0,20 21 30 12,1,100,,13797,3,0,20 21 30 12,1,100,,13792,3,0,20 21 30 12,1,100,,13800,3,0,20 21 30 12,1,100,,13793,3,0,20 21 30 12,1,100,,13804,3,0,20 21 30 12,1,100,,13803,3,0,20 21 30 12,1
4501,'6',1013,,13809,3,0,20 21 30 12,1,100,,13813,3,0,20 21 30 12,1,100,,13814,3,0,20 21 30 12,1,100,,13812,3,0,20 21 30 12,1,100,,13808,3,0,20 21 30 12,1,100,,13811,3,0,20 21 30 12,1,100,,13815,3,0,20 21 30 12,1,100,,13810,3,0,20 21 30 12,1
4501,'7',1612,,13866,3,0,20 21 30 12,1,100,,13908,3,0,20 21 30 12,1,100,,13872,3,0,20 21 30 12,1,101,,13816,3,0,20 21 30 12,1,100,,13870,3,0,20 21 30 12,1,100,,13884,3,0,20 21 30 12,1,100,,13874,3,0,20 21 30 12,1
4501,'8',1612,,13948,3,0,20 21 30 12,1,100,,14023,3,0,20 21 30 12,1,100,,13958,3,0,20 21 30 12,1,101,,13983,3,0,20 21 30 12,1,100,,13996,3,0,20 21 30 12,1,100,,13960,3,0,20 21 30 12,1,100,,13951,3,0,20 21 30 12,1
4501,'9',1612,,14082,3,0,20 21 30 12,1,100,,14100,3,0,20 21 30 12,1,100,,14141,3,0,20 21 30 12,1,101,,14126,3,0,20 21 30 12,1,100,,14084,3,0,20 21 30 12,1,100,,14128,3,0,20 21 30 12,1,100,,14108,3,0,20 21 30 12,1
