5501,'1',739,,14310,10,0,20 21 5 12,1,100,,14307,10,0,20 21 5 12,1,100,,14303,10,0,20 21 5 12,1,100,,14301,10,0,20 21 5 12,1,100,,14299,10,0,20 21 5 12,1,100,,14308,10,0,20 21 5 12,1,100,,14298,10,0,20 21 5 12,1,100,,14305,10,0,20 21 5 12,1,100,,14311,10,0,20 21 5 12,1,100,,14306,10,0,20 21 5 12,1,100,,14312,10,0,20 21 5 12,1,100,,14300,10,0,20 21 5 12,1,100,,14309,10,0,20 21 5 12,1,100,,14302,10,0,20 21 5 12,1,100,,14297,10,0,20 21 5 12,1,100,,14304,10,0,20 21 5 12,1
5501,'10',1039,,14317,10,0,20 21 5 12,1,100,,14316,10,0,20 21 5 12,1,100,,14313,10,0,20 21 5 12,1,100,,14319,10,0,20 21 5 12,1,100,,14320,10,0,20 21 5 12,1,100,,14315,10,0,20 21 5 12,1,100,,14318,10,0,20 21 5 12,1,100,,14314,10,0,20 21 5 12,1
5501,'11',1039,,14327,10,0,20 21 5 12,1,100,,14321,10,0,20 21 5 12,1,100,,14323,10,0,20 21 5 12,1,100,,14326,10,0,20 21 5 12,1,100,,14325,10,0,20 21 5 12,1,100,,14322,10,0,20 21 5 12,1,100,,14324,10,0,20 21 5 12,1,100,,14328,10,0,20 21 5 12,1
5501,'2',736,,14332,9,0,11 2 5 12,1,100,,14336,9,0,11 2 5 12,1,100,,14342,9,0,11 2 5 12,1,100,,14331,9,0,11 2 5 12,1,100,,14339,9,0,11 2 5 12,1,100,,14334,9,0,11 2 5 12,1,100,,14338,9,0,11 2 5 12,1,100,,14344,9,0,11 2 5 12,1,100,,14329,9,0,11 2 5 12,1,100,,14337,9,0,11 2 5 12,1,103,,14335,10,0,20 21 5 12,1,100,,14340,10,0,20 21 5 12,1,100,,14343,10,0,20 21 5 12,1,100,,14341,10,0,20 21 5 12,1,100,,14333,10,0,20 21 5 12,1,100,,14330,10,0,20 21 5 12,1
5501,'3',736,,14347,9,0,11 2 5 12,1,100,,14352,9,0,11 2 5 12,1,100,,14345,9,0,11 2 5 12,1,100,,14349,9,0,11 2 5 12,1,100,,14356,9,0,11 2 5 12,1,100,,14358,9,0,11 2 5 12,1,100,,14346,9,0,11 2 5 12,1,100,,14351,9,0,11 2 5 12,1,100,,14350,9,0,11 2 5 12,1,100,,14359,9,0,11 2 5 12,1,103,,14355,10,0,20 21 5 12,1,100,,14348,10,0,20 21 5 12,1,100,,14354,10,0,20 21 5 12,1,100,,14357,10,0,20 21 5 12,1,100,,14353,10,0,20 21 5 12,1,100,,14360,10,0,20 21 5 12,1
5501,'4',736,,14372,9,0,11 2 5 12,1,100,,14375,9,0,11 2 5 12,1,100,,14367,9,0,11 2 5 12,1,100,,14363,9,0,11 2 5 12,1,100,,14371,9,0,11 2 5 12,1,100,,14361,9,0,11 2 5 12,1,100,,14369,9,0,11 2 5 12,1,100,,14373,9,0,11 2 5 12,1,100,,14365,9,0,11 2 5 12,1,100,,14374,9,0,11 2 5 12,1,103,,14364,10,0,20 21 5 12,1,100,,14370,10,0,20 21 5 12,1,100,,14366,10,0,20 21 5 12,1,100,,14362,10,0,20 21 5 12,1,100,,14376,10,0,20 21 5 12,1,100,,14368,10,0,20 21 5 12,1
5501,'5',739,,14391,10,0,20 21 5 12,1,100,,14390,10,0,20 21 5 12,1,100,,14389,10,0,20 21 5 12,1,100,,14386,10,0,20 21 5 12,1,100,,14382,10,0,20 21 5 12,1,100,,14384,10,0,20 21 5 12,1,100,,14381,10,0,20 21 5 12,1,100,,14385,10,0,20 21 5 12,1,100,,14380,10,0,20 21 5 12,1,100,,14392,10,0,20 21 5 12,1,100,,14377,10,0,20 21 5 12,1,100,,14379,10,0,20 21 5 12,1,100,,14388,10,0,20 21 5 12,1,100,,14378,10,0,20 21 5 12,1,100,,14383,10,0,20 21 5 12,1,100,,14387,10,0,20 21 5 12,1
5501,'6',1039,,14395,10,0,20 21 5 12,1,100,,14398,10,0,20 21 5 12,1,100,,14397,10,0,20 21 5 12,1,100,,14394,10,0,20 21 5 12,1,100,,14400,10,0,20 21 5 12,1,100,,14399,10,0,20 21 5 12,1,100,,14396,10,0,20 21 5 12,1,100,,14393,10,0,20 21 5 12,1
5501,'7',736,,14407,9,0,11 2 5 12,1,100,,14416,9,0,11 2 5 12,1,100,,14401,9,0,11 2 5 12,1,100,,14410,9,0,11 2 5 12,1,100,,14414,9,0,11 2 5 12,1,100,,14403,9,0,11 2 5 12,1,100,,14412,9,0,11 2 5 12,1,100,,14408,9,0,11 2 5 12,1,100,,14405,9,0,11 2 5 12,1,100,,14415,9,0,11 2 5 12,1,103,,14411,10,0,20 21 5 12,1,100,,14413,10,0,20 21 5 12,1,100,,14409,10,0,20 21 5 12,1,100,,14402,10,0,20 21 5 12,1,100,,14406,10,0,20 21 5 12,1,100,,14404,10,0,20 21 5 12,1
5501,'8',736,,14431,9,0,11 2 5 12,1,100,,14425,9,0,11 2 5 12,1,100,,14417,9,0,11 2 5 12,1,100,,14427,9,0,11 2 5 12,1,100,,14423,9,0,11 2 5 12,1,100,,14419,9,0,11 2 5 12,1,100,,14418,9,0,11 2 5 12,1,100,,14428,9,0,11 2 5 12,1,100,,14422,9,0,11 2 5 12,1,100,,14429,9,0,11 2 5 12,1,103,,14430,10,0,20 21 5 12,1,100,,14426,10,0,20 21 5 12,1,100,,14420,10,0,20 21 5 12,1,100,,14421,10,0,20 21 5 12,1,100,,14424,10,0,20 21 5 12,1,100,,14432,10,0,20 21 5 12,1
5501,'9',736,,14435,9,0,11 2 5 12,1,100,,14439,9,0,11 2 5 12,1,100,,14437,9,0,11 2 5 12,1,100,,14442,9,0,11 2 5 12,1,100,,14446,9,0,11 2 5 12,1,100,,14447,9,0,11 2 5 12,1,100,,14443,9,0,11 2 5 12,1,100,,14440,9,0,11 2 5 12,1,100,,14444,9,0,11 2 5 12,1,100,,14445,9,0,11 2 5 12,1,103,,14434,10,0,20 21 5 12,1,100,,14448,10,0,20 21 5 12,1,100,,14433,10,0,20 21 5 12,1,100,,14441,10,0,20 21 5 12,1,100,,14438,10,0,20 21 5 12,1,100,,14436,10,0,20 21 5 12,1
