2501,'1',651,,12446,22,4,,1,100,,12449,22,4,,1,100,,12461,22,4,,1,100,,12460,22,4,,1,100,,12453,22,4,,1,100,,12450,22,4,,1,100,,12459,22,4,,1,100,,12451,22,4,,1,100,,12454,22,4,,1,100,,12455,22,4,,1,100,,12448,22,4,,1,100,,12456,22,4,,1,100,,12458,22,4,,1,100,,12457,22,4,,1,100,,12452,22,4,,1,100,,12447,22,4,,1
2501,'10',1051,,12465,22,4,,1,100,,12469,22,4,,1,100,,12466,22,4,,1,100,,12462,22,4,,1,100,,12468,22,4,,1,100,,12467,22,4,,1,100,,12463,22,4,,1,100,,12464,22,4,,1
2501,'11',1051,,12477,22,4,,1,100,,12471,22,4,,1,100,,12475,22,4,,1,100,,12470,22,4,,1,100,,12476,22,4,,1,100,,12474,22,4,,1,100,,12473,22,4,,1,100,,12472,22,4,,1
2501,'2',651,,12487,22,4,,1,100,,12491,22,4,,1,100,,12492,22,4,,1,100,,12486,22,4,,1,100,,12490,22,4,,1,100,,12479,22,4,,1,100,,12481,22,4,,1,100,,12480,22,4,,1,100,,12493,22,4,,1,100,,12484,22,4,,1,100,,12483,22,4,,1,100,,12489,22,4,,1,100,,12488,22,4,,1,100,,12485,22,4,,1,100,,12482,22,4,,1,100,,12478,22,4,,1
2501,'3',651,,12502,22,4,,1,100,,12504,22,4,,1,100,,12495,22,4,,1,100,,12494,22,4,,1,100,,12500,22,4,,1,100,,12506,22,4,,1,100,,12503,22,4,,1,100,,12507,22,4,,1,100,,12499,22,4,,1,100,,12498,22,4,,1,100,,12496,22,4,,1,100,,12497,22,4,,1,100,,12501,22,4,,1,100,,12505,22,4,,1,100,,12508,22,4,,1,100,,12509,22,4,,1
2501,'4',651,,12519,22,4,,1,100,,12522,22,4,,1,100,,12523,22,4,,1,100,,12516,22,4,,1,100,,12512,22,4,,1,100,,12520,22,4,,1,100,,12518,22,4,,1,100,,12525,22,4,,1,100,,12515,22,4,,1,100,,12517,22,4,,1,100,,12524,22,4,,1,100,,12513,22,4,,1,100,,12511,22,4,,1,100,,12521,22,4,,1,100,,12510,22,4,,1,100,,12514,22,4,,1
2501,'5',651,,12533,22,4,,1,100,,12529,22,4,,1,100,,12534,22,4,,1,100,,12539,22,4,,1,100,,12528,22,4,,1,100,,12541,22,4,,1,100,,12537,22,4,,1,100,,12532,22,4,,1,100,,12530,22,4,,1,100,,12527,22,4,,1,100,,12526,22,4,,1,100,,12535,22,4,,1,100,,12538,22,4,,1,100,,12536,22,4,,1,100,,12540,22,4,,1,100,,12531,22,4,,1
2501,'6',1051,,12542,22,4,,1,100,,12549,22,4,,1,100,,12546,22,4,,1,100,,12544,22,4,,1,100,,12543,22,4,,1,100,,12545,22,4,,1,100,,12548,22,4,,1,100,,12547,22,4,,1
2501,'7',651,,12560,22,4,,1,100,,12558,22,4,,1,100,,12563,22,4,,1,100,,12551,22,4,,1,100,,12552,22,4,,1,100,,12557,22,4,,1,100,,12561,22,4,,1,100,,12562,22,4,,1,100,,12553,22,4,,1,100,,12564,22,4,,1,100,,12556,22,4,,1,100,,12554,22,4,,1,100,,12550,22,4,,1,100,,12565,22,4,,1,100,,12559,22,4,,1,100,,12555,22,4,,1
2501,'8',651,,12570,22,4,,1,100,,12566,22,4,,1,100,,12571,22,4,,1,100,,12581,22,4,,1,100,,12575,22,4,,1,100,,12573,22,4,,1,100,,12579,22,4,,1,100,,12578,22,4,,1,100,,12577,22,4,,1,100,,12568,22,4,,1,100,,12574,22,4,,1,100,,12567,22,4,,1,100,,12576,22,4,,1,100,,12580,22,4,,1,100,,12572,22,4,,1,100,,12569,22,4,,1
2501,'9',651,,12596,22,4,,1,100,,12597,22,4,,1,100,,12595,22,4,,1,100,,12590,22,4,,1,100,,12586,22,4,,1,100,,12584,22,4,,1,100,,12582,22,4,,1,100,,12589,22,4,,1,100,,12591,22,4,,1,100,,12585,22,4,,1,100,,12593,22,4,,1,100,,12587,22,4,,1,100,,12588,22,4,,1,100,,12592,22,4,,1,100,,12594,22,4,,1,100,,12583,22,4,,1
