2501,'1',631,,12446,3,0,26 27 28,1,100,,12449,3,0,26 27 28,1,100,,12461,3,0,26 27 28,1,100,,12460,3,0,26 27 28,1,100,,12453,3,0,26 27 28,1,100,,12450,3,0,26 27 28,1,100,,12459,3,0,26 27 28,1,100,,12451,3,0,26 27 28,1,100,,12454,3,0,26 27 28,1,100,,12455,3,0,26 27 28,1,100,,12448,3,0,26 27 28,1,100,,12456,3,0,26 27 28,1,100,,12458,3,0,26 27 28,1,100,,12457,3,0,26 27 28,1,100,,12452,3,0,26 27 28,1,100,,12447,3,0,26 27 28,1
2501,'10',1031,,12465,3,0,26 27 28,1,100,,12469,3,0,26 27 28,1,100,,12466,3,0,26 27 28,1,100,,12462,3,0,26 27 28,1,100,,12468,3,0,26 27 28,1,100,,12467,3,0,26 27 28,1,100,,12463,3,0,26 27 28,1,100,,12464,3,0,26 27 28,1
2501,'11',1031,,12477,3,0,26 27 28,1,100,,12471,3,0,26 27 28,1,100,,12475,3,0,26 27 28,1,100,,12470,3,0,26 27 28,1,100,,12476,3,0,26 27 28,1,100,,12474,3,0,26 27 28,1,100,,12473,3,0,26 27 28,1,100,,12472,3,0,26 27 28,1
2501,'2',631,,12487,3,0,26 27 28,1,100,,12491,3,0,26 27 28,1,100,,12492,3,0,26 27 28,1,100,,12486,3,0,26 27 28,1,100,,12490,3,0,26 27 28,1,100,,12479,3,0,26 27 28,1,100,,12481,3,0,26 27 28,1,100,,12480,3,0,26 27 28,1,100,,12493,3,0,26 27 28,1,100,,12484,3,0,26 27 28,1,100,,12483,3,0,26 27 28,1,100,,12489,3,0,26 27 28,1,100,,12488,3,0,26 27 28,1,100,,12485,3,0,26 27 28,1,100,,12482,3,0,26 27 28,1,100,,12478,3,0,26 27 28,1
2501,'3',631,,12502,3,0,26 27 28,1,100,,12504,3,0,26 27 28,1,100,,12495,3,0,26 27 28,1,100,,12494,3,0,26 27 28,1,100,,12500,3,0,26 27 28,1,100,,12506,3,0,26 27 28,1,100,,12503,3,0,26 27 28,1,100,,12507,3,0,26 27 28,1,100,,12499,3,0,26 27 28,1,100,,12498,3,0,26 27 28,1,100,,12496,3,0,26 27 28,1,100,,12497,3,0,26 27 28,1,100,,12501,3,0,26 27 28,1,100,,12505,3,0,26 27 28,1,100,,12508,3,0,26 27 28,1,100,,12509,3,0,26 27 28,1
2501,'4',631,,12519,3,0,26 27 28,1,100,,12522,3,0,26 27 28,1,100,,12523,3,0,26 27 28,1,100,,12516,3,0,26 27 28,1,100,,12512,3,0,26 27 28,1,100,,12520,3,0,26 27 28,1,100,,12518,3,0,26 27 28,1,100,,12525,3,0,26 27 28,1,100,,12515,3,0,26 27 28,1,100,,12517,3,0,26 27 28,1,100,,12524,3,0,26 27 28,1,100,,12513,3,0,26 27 28,1,100,,12511,3,0,26 27 28,1,100,,12521,3,0,26 27 28,1,100,,12510,3,0,26 27 28,1,100,,12514,3,0,26 27 28,1
2501,'5',631,,12533,3,0,26 27 28,1,100,,12529,3,0,26 27 28,1,100,,12534,3,0,26 27 28,1,100,,12539,3,0,26 27 28,1,100,,12528,3,0,26 27 28,1,100,,12541,3,0,26 27 28,1,100,,12537,3,0,26 27 28,1,100,,12532,3,0,26 27 28,1,100,,12530,3,0,26 27 28,1,100,,12527,3,0,26 27 28,1,100,,12526,3,0,26 27 28,1,100,,12535,3,0,26 27 28,1,100,,12538,3,0,26 27 28,1,100,,12536,3,0,26 27 28,1,100,,12540,3,0,26 27 28,1,100,,12531,3,0,26 27 28,1
2501,'6',1031,,12542,3,0,26 27 28,1,100,,12549,3,0,26 27 28,1,100,,12546,3,0,26 27 28,1,100,,12544,3,0,26 27 28,1,100,,12543,3,0,26 27 28,1,100,,12545,3,0,26 27 28,1,100,,12548,3,0,26 27 28,1,100,,12547,3,0,26 27 28,1
2501,'7',631,,12560,3,0,26 27 28,1,100,,12558,3,0,26 27 28,1,100,,12563,3,0,26 27 28,1,100,,12551,3,0,26 27 28,1,100,,12552,3,0,26 27 28,1,100,,12557,3,0,26 27 28,1,100,,12561,3,0,26 27 28,1,100,,12562,3,0,26 27 28,1,100,,12553,3,0,26 27 28,1,100,,12564,3,0,26 27 28,1,100,,12556,3,0,26 27 28,1,100,,12554,3,0,26 27 28,1,100,,12550,3,0,26 27 28,1,100,,12565,3,0,26 27 28,1,100,,12559,3,0,26 27 28,1,100,,12555,3,0,26 27 28,1
2501,'8',631,,12570,3,0,26 27 28,1,100,,12566,3,0,26 27 28,1,100,,12571,3,0,26 27 28,1,100,,12581,3,0,26 27 28,1,100,,12575,3,0,26 27 28,1,100,,12573,3,0,26 27 28,1,100,,12579,3,0,26 27 28,1,100,,12578,3,0,26 27 28,1,100,,12577,3,0,26 27 28,1,100,,12568,3,0,26 27 28,1,100,,12574,3,0,26 27 28,1,100,,12567,3,0,26 27 28,1,100,,12576,3,0,26 27 28,1,100,,12580,3,0,26 27 28,1,100,,12572,3,0,26 27 28,1,100,,12569,3,0,26 27 28,1
2501,'9',631,,12596,3,0,26 27 28,1,100,,12597,3,0,26 27 28,1,100,,12595,3,0,26 27 28,1,100,,12590,3,0,26 27 28,1,100,,12586,3,0,26 27 28,1,100,,12584,3,0,26 27 28,1,100,,12582,3,0,26 27 28,1,100,,12589,3,0,26 27 28,1,100,,12591,3,0,26 27 28,1,100,,12585,3,0,26 27 28,1,100,,12593,3,0,26 27 28,1,100,,12587,3,0,26 27 28,1,100,,12588,3,0,26 27 28,1,100,,12592,3,0,26 27 28,1,100,,12594,3,0,26 27 28,1,100,,12583,3,0,26 27 28,1
