4001,'1',707,,12731,2,0,20 21 29 24,1,100,,12717,2,0,20 21 29 24,1,100,,12728,2,0,20 21 29 24,1,100,,12720,2,0,20 21 29 24,1,100,,12723,2,0,20 21 29 24,1,100,,12729,2,0,20 21 29 24,1,100,,12721,2,0,20 21 29 24,1,100,,12722,2,0,20 21 29 24,1,100,,12724,2,0,20 21 29 24,1,100,,12725,2,0,20 21 29 24,1,100,,12727,2,0,20 21 29 24,1,100,,12718,2,0,20 21 29 24,1,100,,12730,2,0,20 21 29 24,1,100,,12726,2,0,20 21 29 24,1,100,,12732,2,0,20 21 29 24,1,100,,12719,2,0,20 21 29 24,1
4001,'10',1007,,12735,2,0,20 21 29 24,1,100,,12739,2,0,20 21 29 24,1,100,,12734,2,0,20 21 29 24,1,100,,12740,2,0,20 21 29 24,1,100,,12736,2,0,20 21 29 24,1,100,,12738,2,0,20 21 29 24,1,100,,12733,2,0,20 21 29 24,1,100,,12737,2,0,20 21 29 24,1
4001,'11',1007,,12747,2,0,20 21 29 24,1,100,,12744,2,0,20 21 29 24,1,100,,12748,2,0,20 21 29 24,1,100,,12746,2,0,20 21 29 24,1,100,,12743,2,0,20 21 29 24,1,100,,12745,2,0,20 21 29 24,1,100,,12741,2,0,20 21 29 24,1,100,,12742,2,0,20 21 29 24,1
4001,'2',707,,12845,2,0,11 2 23 24,1,100,,12813,2,0,11 2 23 24,1,100,,12836,2,0,11 2 23 24,1,100,,12755,2,0,11 2 23 24,1,100,,12784,2,0,11 2 23 24,1,100,,12763,2,0,11 2 23 24,1,100,,12780,2,0,11 2 23 24,1,100,,12852,2,0,11 2 23 24,1,100,,12787,2,0,11 2 23 24,1,100,,12773,2,0,11 2 23 24,1,99,,12806,2,0,20 21 29 24,1,100,,12749,2,0,20 21 29 24,1,101,,12797,2,0,20 21 29 24,1,100,,12826,2,0,20 21 29 24,1,100,,12812,2,0,20 21 29 24,1,100,,12751,2,0,20 21 29 24,1
4001,'3',707,,12865,2,0,11 2 23 24,1,100,,12876,2,0,11 2 23 24,1,100,,12957,2,0,11 2 23 24,1,100,,12859,2,0,11 2 23 24,1,100,,12878,2,0,11 2 23 24,1,100,,12907,2,0,11 2 23 24,1,100,,12952,2,0,11 2 23 24,1,100,,12894,2,0,11 2 23 24,1,100,,12911,2,0,11 2 23 24,1,100,,12939,2,0,11 2 23 24,1,99,,12890,2,0,20 21 29 24,1,100,,12888,2,0,20 21 29 24,1,101,,12931,2,0,20 21 29 24,1,100,,12896,2,0,20 21 29 24,1,100,,12930,2,0,20 21 29 24,1,100,,12892,2,0,20 21 29 24,1
4001,'4',707,,12986,2,0,11 2 23 24,1,100,,12995,2,0,11 2 23 24,1,100,,13017,2,0,11 2 23 24,1,100,,13064,2,0,11 2 23 24,1,100,,13075,2,0,11 2 23 24,1,100,,13046,2,0,11 2 23 24,1,100,,13036,2,0,11 2 23 24,1,100,,13013,2,0,11 2 23 24,1,100,,12987,2,0,11 2 23 24,1,100,,13005,2,0,11 2 23 24,1,99,,13055,2,0,20 21 29 24,1,100,,12991,2,0,20 21 29 24,1,101,,13063,2,0,20 21 29 24,1,100,,12982,2,0,20 21 29 24,1,100,,12969,2,0,20 21 29 24,1,100,,13049,2,0,20 21 29 24,1
4001,'5',707,,13085,2,0,20 21 29 24,1,100,,13079,2,0,20 21 29 24,1,100,,13086,2,0,20 21 29 24,1,100,,13084,2,0,20 21 29 24,1,100,,13091,2,0,20 21 29 24,1,100,,13077,2,0,20 21 29 24,1,100,,13082,2,0,20 21 29 24,1,100,,13080,2,0,20 21 29 24,1,100,,13088,2,0,20 21 29 24,1,100,,13087,2,0,20 21 29 24,1,100,,13090,2,0,20 21 29 24,1,100,,13089,2,0,20 21 29 24,1,100,,13081,2,0,20 21 29 24,1,100,,13078,2,0,20 21 29 24,1,100,,13083,2,0,20 21 29 24,1,100,,13092,2,0,20 21 29 24,1
4001,'6',1007,,13097,2,0,20 21 29 24,1,100,,13098,2,0,20 21 29 24,1,100,,13096,2,0,20 21 29 24,1,100,,13099,2,0,20 21 29 24,1,100,,13093,2,0,20 21 29 24,1,100,,13095,2,0,20 21 29 24,1,100,,13100,2,0,20 21 29 24,1,100,,13094,2,0,20 21 29 24,1
4001,'7',707,,13205,2,0,11 2 23 24,1,100,,13132,2,0,11 2 23 24,1,100,,13141,2,0,11 2 23 24,1,100,,13194,2,0,11 2 23 24,1,100,,13113,2,0,11 2 23 24,1,100,,13148,2,0,11 2 23 24,1,100,,13128,2,0,11 2 23 24,1,100,,13161,2,0,11 2 23 24,1,100,,13178,2,0,11 2 23 24,1,100,,13173,2,0,11 2 23 24,1,99,,13125,2,0,20 21 29 24,1,100,,13163,2,0,20 21 29 24,1,101,,13131,2,0,20 21 29 24,1,100,,13142,2,0,20 21 29 24,1,100,,13164,2,0,20 21 29 24,1,100,,13182,2,0,20 21 29 24,1
4001,'8',707,,13252,2,0,11 2 23 24,1,100,,13241,2,0,11 2 23 24,1,100,,13317,2,0,11 2 23 24,1,100,,13259,2,0,11 2 23 24,1,100,,13314,2,0,11 2 23 24,1,100,,13249,2,0,11 2 23 24,1,100,,13244,2,0,11 2 23 24,1,100,,13286,2,0,11 2 23 24,1,100,,13243,2,0,11 2 23 24,1,100,,13231,2,0,11 2 23 24,1,99,,13214,2,0,20 21 29 24,1,100,,13229,2,0,20 21 29 24,1,101,,13222,2,0,20 21 29 24,1,100,,13285,2,0,20 21 29 24,1,100,,13279,2,0,20 21 29 24,1,100,,13255,2,0,20 21 29 24,1
4001,'9',707,,13383,2,0,11 2 23 24,1,100,,13413,2,0,11 2 23 24,1,100,,13326,2,0,11 2 23 24,1,100,,13378,2,0,11 2 23 24,1,100,,13333,2,0,11 2 23 24,1,100,,13405,2,0,11 2 23 24,1,100,,13411,2,0,11 2 23 24,1,100,,13348,2,0,11 2 23 24,1,100,,13349,2,0,11 2 23 24,1,100,,13369,2,0,11 2 23 24,1,99,,13331,2,0,20 21 29 24,1,100,,13389,2,0,20 21 29 24,1,101,,13351,2,0,20 21 29 24,1,100,,13361,2,0,20 21 29 24,1,100,,13409,2,0,20 21 29 24,1,100,,13414,2,0,20 21 29 24,1
5001,'1',709,,14153,2,0,20 21 23 24,1,100,,14157,2,0,20 21 23 24,1,100,,14156,2,0,20 21 23 24,1,100,,14148,2,0,20 21 23 24,1,100,,14152,2,0,20 21 23 24,1,100,,14150,2,0,20 21 23 24,1,100,,14158,2,0,20 21 23 24,1,100,,14146,2,0,20 21 23 24,1,100,,14159,2,0,20 21 23 24,1,100,,14160,2,0,20 21 23 24,1,100,,14149,2,0,20 21 23 24,1,100,,14151,2,0,20 21 23 24,1,100,,14147,2,0,20 21 23 24,1,100,,11661,2,0,20 21 23 24,1,100,,14154,2,0,20 21 23 24,1,100,,14155,2,0,20 21 23 24,1
5001,'10',1009,,14167,2,0,20 21 23 24,1,100,,14168,2,0,20 21 23 24,1,100,,14165,2,0,20 21 23 24,1,100,,14163,2,0,20 21 23 24,1,100,,14161,2,0,20 21 23 24,1,100,,14162,2,0,20 21 23 24,1,100,,14166,2,0,20 21 23 24,1,100,,14164,2,0,20 21 23 24,1
5001,'11',1009,,14170,2,0,20 21 23 24,1,100,,14175,2,0,20 21 23 24,1,100,,14173,2,0,20 21 23 24,1,100,,14176,2,0,20 21 23 24,1,100,,14169,2,0,20 21 23 24,1,100,,14172,2,0,20 21 23 24,1,100,,14174,2,0,20 21 23 24,1,100,,14171,2,0,20 21 23 24,1
5001,'2',709,,14191,2,0,11 2 23 24,1,100,,14181,2,0,11 2 23 24,1,100,,14177,2,0,11 2 23 24,1,100,,14188,2,0,11 2 23 24,1,100,,14178,2,0,11 2 23 24,1,100,,14184,2,0,11 2 23 24,1,100,,14192,2,0,11 2 23 24,1,100,,14186,2,0,11 2 23 24,1,100,,14189,2,0,11 2 23 24,1,100,,14187,2,0,11 2 23 24,1,100,,14190,2,0,20 21 23 24,1,100,,14179,2,0,20 21 23 24,1,100,,14185,2,0,20 21 23 24,1,100,,14183,2,0,20 21 23 24,1,100,,14182,2,0,20 21 23 24,1,100,,14180,2,0,20 21 23 24,1
5001,'3',709,,14204,2,0,11 2 23 24,1,100,,14196,2,0,11 2 23 24,1,100,,14208,2,0,11 2 23 24,1,100,,14205,2,0,11 2 23 24,1,100,,14200,2,0,11 2 23 24,1,100,,14201,2,0,11 2 23 24,1,100,,14206,2,0,11 2 23 24,1,100,,14197,2,0,11 2 23 24,1,100,,14194,2,0,11 2 23 24,1,100,,14202,2,0,11 2 23 24,1,100,,14198,2,0,20 21 23 24,1,100,,14193,2,0,20 21 23 24,1,100,,14203,2,0,20 21 23 24,1,100,,14199,2,0,20 21 23 24,1,100,,14195,2,0,20 21 23 24,1,100,,14207,2,0,20 21 23 24,1
5001,'4',709,,14212,2,0,11 2 23 24,1,100,,14223,2,0,11 2 23 24,1,100,,14219,2,0,11 2 23 24,1,100,,14217,2,0,11 2 23 24,1,100,,14222,2,0,11 2 23 24,1,100,,14221,2,0,11 2 23 24,1,100,,14209,2,0,11 2 23 24,1,100,,14224,2,0,11 2 23 24,1,100,,14210,2,0,11 2 23 24,1,100,,14211,2,0,11 2 23 24,1,100,,14213,2,0,20 21 23 24,1,100,,14218,2,0,20 21 23 24,1,100,,14220,2,0,20 21 23 24,1,100,,14214,2,0,20 21 23 24,1,100,,14216,2,0,20 21 23 24,1,100,,14215,2,0,20 21 23 24,1
5001,'5',709,,14237,2,0,20 21 23 24,1,100,,14233,2,0,20 21 23 24,1,100,,14229,2,0,20 21 23 24,1,100,,14225,2,0,20 21 23 24,1,100,,14230,2,0,20 21 23 24,1,100,,14239,2,0,20 21 23 24,1,100,,14231,2,0,20 21 23 24,1,100,,14235,2,0,20 21 23 24,1,100,,14232,2,0,20 21 23 24,1,100,,14240,2,0,20 21 23 24,1,100,,14228,2,0,20 21 23 24,1,100,,14227,2,0,20 21 23 24,1,100,,14226,2,0,20 21 23 24,1,100,,14238,2,0,20 21 23 24,1,100,,14234,2,0,20 21 23 24,1,100,,14236,2,0,20 21 23 24,1
5001,'6',1009,,14248,2,0,20 21 23 24,1,100,,14242,2,0,20 21 23 24,1,100,,14243,2,0,20 21 23 24,1,100,,14241,2,0,20 21 23 24,1,100,,14244,2,0,20 21 23 24,1,100,,14246,2,0,20 21 23 24,1,100,,14247,2,0,20 21 23 24,1,100,,14245,2,0,20 21 23 24,1
5001,'7',709,,14258,2,0,11 2 23 24,1,100,,14256,2,0,11 2 23 24,1,100,,14257,2,0,11 2 23 24,1,100,,14264,2,0,11 2 23 24,1,100,,14251,2,0,11 2 23 24,1,100,,14262,2,0,11 2 23 24,1,100,,14249,2,0,11 2 23 24,1,100,,14255,2,0,11 2 23 24,1,100,,14261,2,0,11 2 23 24,1,100,,14254,2,0,11 2 23 24,1,100,,14260,2,0,20 21 23 24,1,100,,14253,2,0,20 21 23 24,1,100,,14263,2,0,20 21 23 24,1,100,,14250,2,0,20 21 23 24,1,100,,14259,2,0,20 21 23 24,1,100,,14252,2,0,20 21 23 24,1
5001,'8',709,,14270,2,0,11 2 23 24,1,100,,14271,2,0,11 2 23 24,1,100,,14278,2,0,11 2 23 24,1,100,,14269,2,0,11 2 23 24,1,100,,14267,2,0,11 2 23 24,1,100,,14273,2,0,11 2 23 24,1,100,,14275,2,0,11 2 23 24,1,100,,14276,2,0,11 2 23 24,1,100,,14277,2,0,11 2 23 24,1,100,,14265,2,0,11 2 23 24,1,100,,14272,2,0,20 21 23 24,1,100,,14280,2,0,20 21 23 24,1,100,,14268,2,0,20 21 23 24,1,100,,14279,2,0,20 21 23 24,1,100,,14274,2,0,20 21 23 24,1,100,,14266,2,0,20 21 23 24,1
5001,'9',709,,14282,2,0,11 2 23 24,1,100,,14289,2,0,11 2 23 24,1,100,,14286,2,0,11 2 23 24,1,100,,14281,2,0,11 2 23 24,1,100,,14294,2,0,11 2 23 24,1,100,,14287,2,0,11 2 23 24,1,100,,14296,2,0,11 2 23 24,1,100,,14283,2,0,11 2 23 24,1,100,,14288,2,0,11 2 23 24,1,100,,14284,2,0,11 2 23 24,1,100,,14291,2,0,20 21 23 24,1,100,,14293,2,0,20 21 23 24,1,100,,14290,2,0,20 21 23 24,1,100,,14295,2,0,20 21 23 24,1,100,,14292,2,0,20 21 23 24,1,100,,14285,2,0,20 21 23 24,1
6001,'1',702,,14454,2,0,20 21 7,1,100,,14449,2,0,20 21 7,1,100,,14451,2,0,20 21 7,1,100,,14455,2,0,20 21 7,1,100,,14453,2,0,20 21 7,1,100,,14464,2,0,20 21 7,1,100,,14461,2,0,20 21 7,1,100,,14463,2,0,20 21 7,1,100,,14460,2,0,20 21 7,1,100,,14450,2,0,20 21 7,1,100,,14459,2,0,20 21 7,1,100,,14458,2,0,20 21 7,1,100,,14457,2,0,20 21 7,1,100,,14462,2,0,20 21 7,1,100,,14456,2,0,20 21 7,1,100,,14452,2,0,20 21 7,1
6001,'10',1002,,14466,2,0,20 21 7,1,100,,14472,2,0,20 21 7,1,100,,14465,2,0,20 21 7,1,100,,14469,2,0,20 21 7,1,100,,14471,2,0,20 21 7,1,100,,14470,2,0,20 21 7,1,100,,14468,2,0,20 21 7,1,100,,14467,2,0,20 21 7,1
6001,'11',1002,,14474,2,0,20 21 7,1,100,,14475,2,0,20 21 7,1,100,,14480,2,0,20 21 7,1,100,,14478,2,0,20 21 7,1,100,,14477,2,0,20 21 7,1,100,,14479,2,0,20 21 7,1,100,,14473,2,0,20 21 7,1,100,,14476,2,0,20 21 7,1
6001,'2',702,,14530,2,0,11 2 7,1,30,,14492,2,0,11 2 7,1,70,,14493,2,0,11 2 7,1,30,,14505,2,0,11 2 7,1,70,,14494,2,0,11 2 7,1,30,,14509,2,0,11 2 7,1,70,,14502,2,0,11 2 7,1,30,,14485,2,0,11 2 7,1,70,,14515,2,0,11 2 7,1,30,,14507,2,0,11 2 7,1,70,,14508,2,0,11 2 7,1,30,,14513,2,0,11 2 7,1,70,,14522,2,0,11 2 7,1,30,,14523,2,0,11 2 7,1,70,,14516,2,0,11 2 7,1,30,,14520,2,0,11 2 7,1,70,,14487,2,0,11 2 7,1,30,,14528,2,0,11 2 7,1,70,,14491,2,0,11 2 7,1,30,,14496,2,0,11 2 7,1,70,,14484,2,0,20 21 7,1,30,,9425,2,0,20 21 7,1,70,,14490,2,0,20 21 7,1,30,,14483,2,0,20 21 7,1,70,,14503,2,0,20 21 7,1,30,,14497,2,0,20 21 7,1,70,,14518,2,0,20 21 7,1,30,,14525,2,0,20 21 7,1,70,,14511,2,0,20 21 7,1,30,,14517,2,0,20 21 7,1,70,,14489,2,0,20 21 7,1,30,,14504,2,0,20 21 7,1
6001,'3',702,,14535,2,0,11 2 7,1,30,,14548,2,0,11 2 7,1,70,,14547,2,0,11 2 7,1,30,,14565,2,0,11 2 7,1,70,,14575,2,0,11 2 7,1,30,,14543,2,0,11 2 7,1,70,,14554,2,0,11 2 7,1,30,,14546,2,0,11 2 7,1,70,,14571,2,0,11 2 7,1,30,,14538,2,0,11 2 7,1,70,,14561,2,0,11 2 7,1,30,,14552,2,0,11 2 7,1,70,,14556,2,0,11 2 7,1,30,,14567,2,0,11 2 7,1,70,,14533,2,0,11 2 7,1,30,,14539,2,0,11 2 7,1,70,,14540,2,0,11 2 7,1,30,,14564,2,0,11 2 7,1,70,,14581,2,0,11 2 7,1,30,,14555,2,0,11 2 7,1,70,,14544,2,0,20 21 7,1,30,,14551,2,0,20 21 7,1,70,,14580,2,0,20 21 7,1,30,,14560,2,0,20 21 7,1,70,,14582,2,0,20 21 7,1,30,,14542,2,0,20 21 7,1,70,,14545,2,0,20 21 7,1,30,,14537,2,0,20 21 7,1,70,,14566,2,0,20 21 7,1,30,,14572,2,0,20 21 7,1,70,,14553,2,0,20 21 7,1,30,,14534,2,0,20 21 7,1
6001,'4',702,,14625,2,0,11 2 7,1,30,,14604,2,0,11 2 7,1,70,,14622,2,0,11 2 7,1,30,,14623,2,0,11 2 7,1,70,,14614,2,0,11 2 7,1,30,,14596,2,0,11 2 7,1,70,,14617,2,0,11 2 7,1,30,,14624,2,0,11 2 7,1,70,,14589,2,0,11 2 7,1,30,,14632,2,0,11 2 7,1,70,,14615,2,0,11 2 7,1,30,,11120,2,0,11 2 7,1,70,,14597,2,0,11 2 7,1,30,,14629,2,0,11 2 7,1,70,,14635,2,0,11 2 7,1,30,,14609,2,0,11 2 7,1,70,,14598,2,0,11 2 7,1,30,,14600,2,0,11 2 7,1,70,,14586,2,0,11 2 7,1,30,,14612,2,0,11 2 7,1,70,,14633,2,0,20 21 7,1,30,,14631,2,0,20 21 7,1,70,,14605,2,0,20 21 7,1,30,,14607,2,0,20 21 7,1,70,,14595,2,0,20 21 7,1,30,,14618,2,0,20 21 7,1,70,,14602,2,0,20 21 7,1,30,,14587,2,0,20 21 7,1,70,,14621,2,0,20 21 7,1,30,,14610,2,0,20 21 7,1,70,,14594,2,0,20 21 7,1,30,,14619,2,0,20 21 7,1
6001,'5',702,,14642,2,0,20 21 7,1,100,,14641,2,0,20 21 7,1,100,,14652,2,0,20 21 7,1,100,,14645,2,0,20 21 7,1,100,,14648,2,0,20 21 7,1,100,,14649,2,0,20 21 7,1,100,,14638,2,0,20 21 7,1,100,,14643,2,0,20 21 7,1,100,,14650,2,0,20 21 7,1,100,,14651,2,0,20 21 7,1,100,,14644,2,0,20 21 7,1,100,,14647,2,0,20 21 7,1,100,,14640,2,0,20 21 7,1,100,,14639,2,0,20 21 7,1,100,,14646,2,0,20 21 7,1,100,,14653,2,0,20 21 7,1
6001,'6',1002,,14659,2,0,20 21 7,1,100,,14655,2,0,20 21 7,1,100,,14660,2,0,20 21 7,1,100,,14654,2,0,20 21 7,1,100,,14656,2,0,20 21 7,1,100,,14657,2,0,20 21 7,1,100,,14658,2,0,20 21 7,1,100,,14661,2,0,20 21 7,1
6001,'7',702,,14684,2,0,11 2 7,1,30,,14663,2,0,11 2 7,1,70,,14702,2,0,11 2 7,1,30,,14700,2,0,11 2 7,1,70,,14710,2,0,11 2 7,1,30,,14682,2,0,11 2 7,1,70,,14706,2,0,11 2 7,1,30,,14667,2,0,11 2 7,1,70,,14692,2,0,11 2 7,1,30,,14675,2,0,11 2 7,1,70,,14712,2,0,11 2 7,1,30,,14686,2,0,11 2 7,1,70,,14696,2,0,11 2 7,1,30,,14694,2,0,11 2 7,1,70,,14678,2,0,11 2 7,1,30,,14689,2,0,11 2 7,1,70,,14673,2,0,11 2 7,1,30,,14713,2,0,11 2 7,1,70,,14671,2,0,11 2 7,1,30,,14670,2,0,11 2 7,1,70,,14701,2,0,20 21 7,1,30,,14680,2,0,20 21 7,1,70,,14704,2,0,20 21 7,1,30,,14699,2,0,20 21 7,1,70,,14697,2,0,20 21 7,1,30,,14709,2,0,20 21 7,1,70,,14711,2,0,20 21 7,1,30,,14676,2,0,20 21 7,1,70,,14690,2,0,20 21 7,1,30,,14708,2,0,20 21 7,1,70,,14664,2,0,20 21 7,1,30,,14685,2,0,20 21 7,1
6001,'8',702,,14740,2,0,11 2 7,1,30,,14763,2,0,11 2 7,1,70,,14739,2,0,11 2 7,1,30,,14760,2,0,11 2 7,1,70,,14748,2,0,11 2 7,1,30,,14764,2,0,11 2 7,1,70,,14721,2,0,11 2 7,1,30,,14744,2,0,11 2 7,1,70,,14741,2,0,11 2 7,1,30,,14734,2,0,11 2 7,1,70,,14729,2,0,11 2 7,1,30,,14757,2,0,11 2 7,1,70,,14727,2,0,11 2 7,1,30,,14730,2,0,11 2 7,1,70,,14737,2,0,11 2 7,1,30,,14761,2,0,11 2 7,1,70,,14749,2,0,11 2 7,1,30,,14743,2,0,11 2 7,1,70,,14756,2,0,11 2 7,1,30,,14731,2,0,11 2 7,1,70,,14751,2,0,20 21 7,1,30,,14752,2,0,20 21 7,1,70,,14717,2,0,20 21 7,1,30,,14762,2,0,20 21 7,1,70,,14755,2,0,20 21 7,1,30,,14723,2,0,20 21 7,1,70,,14736,2,0,20 21 7,1,30,,14745,2,0,20 21 7,1,70,,14724,2,0,20 21 7,1,30,,14750,2,0,20 21 7,1,70,,14733,2,0,20 21 7,1,30,,14718,2,0,20 21 7,1
6001,'9',702,,14820,2,0,11 2 7,1,30,,14805,2,0,11 2 7,1,70,,14797,2,0,11 2 7,1,30,,14781,2,0,11 2 7,1,70,,14804,2,0,11 2 7,1,30,,14783,2,0,11 2 7,1,70,,14814,2,0,11 2 7,1,30,,14807,2,0,11 2 7,1,70,,14802,2,0,11 2 7,1,30,,14786,2,0,11 2 7,1,70,,14784,2,0,11 2 7,1,30,,14808,2,0,11 2 7,1,70,,14809,2,0,11 2 7,1,30,,14815,2,0,11 2 7,1,70,,14775,2,0,11 2 7,1,30,,14771,2,0,11 2 7,1,70,,14770,2,0,11 2 7,1,30,,14768,2,0,11 2 7,1,70,,14817,2,0,11 2 7,1,30,,14803,2,0,11 2 7,1,70,,14813,2,0,20 21 7,1,30,,14774,2,0,20 21 7,1,70,,14818,2,0,20 21 7,1,30,,14776,2,0,20 21 7,1,70,,14787,2,0,20 21 7,1,30,,14810,2,0,20 21 7,1,70,,14799,2,0,20 21 7,1,30,,14789,2,0,20 21 7,1,70,,14790,2,0,20 21 7,1,30,,14794,2,0,20 21 7,1,70,,14816,2,0,20 21 7,1,30,,14777,2,0,20 21 7,1
