2501,'1',641,,12446,11,0,26 27 28,1,100,,12449,11,0,26 27 28,1,100,,12461,11,0,26 27 28,1,100,,12460,11,0,26 27 28,1,100,,12453,11,0,26 27 28,1,100,,12450,11,0,26 27 28,1,100,,12459,11,0,26 27 28,1,100,,12451,11,0,26 27 28,1,100,,12454,11,0,26 27 28,1,100,,12455,11,0,26 27 28,1,100,,12448,11,0,26 27 28,1,100,,12456,11,0,26 27 28,1,100,,12458,11,0,26 27 28,1,100,,12457,11,0,26 27 28,1,100,,12452,11,0,26 27 28,1,100,,12447,11,0,26 27 28,1
2501,'10',1041,,12465,11,0,26 27 28,1,100,,12469,11,0,26 27 28,1,100,,12466,11,0,26 27 28,1,100,,12462,11,0,26 27 28,1,100,,12468,11,0,26 27 28,1,100,,12467,11,0,26 27 28,1,100,,12463,11,0,26 27 28,1,100,,12464,11,0,26 27 28,1
2501,'11',1041,,12477,11,0,26 27 28,1,100,,12471,11,0,26 27 28,1,100,,12475,11,0,26 27 28,1,100,,12470,11,0,26 27 28,1,100,,12476,11,0,26 27 28,1,100,,12474,11,0,26 27 28,1,100,,12473,11,0,26 27 28,1,100,,12472,11,0,26 27 28,1
2501,'2',641,,12487,11,0,26 27 28,1,100,,12491,11,0,26 27 28,1,100,,12492,11,0,26 27 28,1,100,,12486,11,0,26 27 28,1,100,,12490,11,0,26 27 28,1,100,,12479,11,0,26 27 28,1,100,,12481,11,0,26 27 28,1,100,,12480,11,0,26 27 28,1,100,,12493,11,0,26 27 28,1,100,,12484,11,0,26 27 28,1,100,,12483,11,0,26 27 28,1,100,,12489,11,0,26 27 28,1,100,,12488,11,0,26 27 28,1,100,,12485,11,0,26 27 28,1,100,,12482,11,0,26 27 28,1,100,,12478,11,0,26 27 28,1
2501,'3',641,,12502,11,0,26 27 28,1,100,,12504,11,0,26 27 28,1,100,,12495,11,0,26 27 28,1,100,,12494,11,0,26 27 28,1,100,,12500,11,0,26 27 28,1,100,,12506,11,0,26 27 28,1,100,,12503,11,0,26 27 28,1,100,,12507,11,0,26 27 28,1,100,,12499,11,0,26 27 28,1,100,,12498,11,0,26 27 28,1,100,,12496,11,0,26 27 28,1,100,,12497,11,0,26 27 28,1,100,,12501,11,0,26 27 28,1,100,,12505,11,0,26 27 28,1,100,,12508,11,0,26 27 28,1,100,,12509,11,0,26 27 28,1
2501,'4',641,,12519,11,0,26 27 28,1,100,,12522,11,0,26 27 28,1,100,,12523,11,0,26 27 28,1,100,,12516,11,0,26 27 28,1,100,,12512,11,0,26 27 28,1,100,,12520,11,0,26 27 28,1,100,,12518,11,0,26 27 28,1,100,,12525,11,0,26 27 28,1,100,,12515,11,0,26 27 28,1,100,,12517,11,0,26 27 28,1,100,,12524,11,0,26 27 28,1,100,,12513,11,0,26 27 28,1,100,,12511,11,0,26 27 28,1,100,,12521,11,0,26 27 28,1,100,,12510,11,0,26 27 28,1,100,,12514,11,0,26 27 28,1
2501,'5',641,,12533,11,0,26 27 28,1,100,,12529,11,0,26 27 28,1,100,,12534,11,0,26 27 28,1,100,,12539,11,0,26 27 28,1,100,,12528,11,0,26 27 28,1,100,,12541,11,0,26 27 28,1,100,,12537,11,0,26 27 28,1,100,,12532,11,0,26 27 28,1,100,,12530,11,0,26 27 28,1,100,,12527,11,0,26 27 28,1,100,,12526,11,0,26 27 28,1,100,,12535,11,0,26 27 28,1,100,,12538,11,0,26 27 28,1,100,,12536,11,0,26 27 28,1,100,,12540,11,0,26 27 28,1,100,,12531,11,0,26 27 28,1
2501,'6',1041,,12542,11,0,26 27 28,1,100,,12549,11,0,26 27 28,1,100,,12546,11,0,26 27 28,1,100,,12544,11,0,26 27 28,1,100,,12543,11,0,26 27 28,1,100,,12545,11,0,26 27 28,1,100,,12548,11,0,26 27 28,1,100,,12547,11,0,26 27 28,1
2501,'7',641,,12560,11,0,26 27 28,1,100,,12558,11,0,26 27 28,1,100,,12563,11,0,26 27 28,1,100,,12551,11,0,26 27 28,1,100,,12552,11,0,26 27 28,1,100,,12557,11,0,26 27 28,1,100,,12561,11,0,26 27 28,1,100,,12562,11,0,26 27 28,1,100,,12553,11,0,26 27 28,1,100,,12564,11,0,26 27 28,1,100,,12556,11,0,26 27 28,1,100,,12554,11,0,26 27 28,1,100,,12550,11,0,26 27 28,1,100,,12565,11,0,26 27 28,1,100,,12559,11,0,26 27 28,1,100,,12555,11,0,26 27 28,1
2501,'8',641,,12570,11,0,26 27 28,1,100,,12566,11,0,26 27 28,1,100,,12571,11,0,26 27 28,1,100,,12581,11,0,26 27 28,1,100,,12575,11,0,26 27 28,1,100,,12573,11,0,26 27 28,1,100,,12579,11,0,26 27 28,1,100,,12578,11,0,26 27 28,1,100,,12577,11,0,26 27 28,1,100,,12568,11,0,26 27 28,1,100,,12574,11,0,26 27 28,1,100,,12567,11,0,26 27 28,1,100,,12576,11,0,26 27 28,1,100,,12580,11,0,26 27 28,1,100,,12572,11,0,26 27 28,1,100,,12569,11,0,26 27 28,1
2501,'9',641,,12596,11,0,26 27 28,1,100,,12597,11,0,26 27 28,1,100,,12595,11,0,26 27 28,1,100,,12590,11,0,26 27 28,1,100,,12586,11,0,26 27 28,1,100,,12584,11,0,26 27 28,1,100,,12582,11,0,26 27 28,1,100,,12589,11,0,26 27 28,1,100,,12591,11,0,26 27 28,1,100,,12585,11,0,26 27 28,1,100,,12593,11,0,26 27 28,1,100,,12587,11,0,26 27 28,1,100,,12588,11,0,26 27 28,1,100,,12592,11,0,26 27 28,1,100,,12594,11,0,26 27 28,1,100,,12583,11,0,26 27 28,1
