4501,'1',745,,13443,6,0,20 21 30 12,1,100,,13436,6,0,20 21 30 12,1,100,,13440,6,0,20 21 30 12,1,100,,13431,6,0,20 21 30 12,1,100,,13434,6,0,20 21 30 12,1,100,,13432,6,0,20 21 30 12,1,100,,13442,6,0,20 21 30 12,1,100,,13441,6,0,20 21 30 12,1,100,,13438,6,0,20 21 30 12,1,100,,13445,6,0,20 21 30 12,1,100,,13435,6,0,20 21 30 12,1,100,,13433,6,0,20 21 30 12,1,100,,13437,6,0,20 21 30 12,1,100,,13444,6,0,20 21 30 12,1,100,,13446,6,0,20 21 30 12,1,100,,13439,6,0,20 21 30 12,1
4501,'10',1045,,13450,6,0,20 21 30 12,1,100,,13452,6,0,20 21 30 12,1,100,,13447,6,0,20 21 30 12,1,100,,13449,6,0,20 21 30 12,1,100,,13448,6,0,20 21 30 12,1,100,,13451,6,0,20 21 30 12,1,100,,13454,6,0,20 21 30 12,1,100,,13453,6,0,20 21 30 12,1
4501,'11',1045,,13455,6,0,20 21 30 12,1,100,,13460,6,0,20 21 30 12,1,100,,13456,6,0,20 21 30 12,1,100,,13461,6,0,20 21 30 12,1,100,,13462,6,0,20 21 30 12,1,100,,13458,6,0,20 21 30 12,1,100,,13459,6,0,20 21 30 12,1,100,,13457,6,0,20 21 30 12,1
4501,'2',745,,13528,4,0,11 2 5 12,1,100,,13475,4,0,11 2 5 12,1,100,,13501,4,0,11 2 5 12,1,100,,13564,4,0,11 2 5 12,1,100,,13472,4,0,11 2 5 12,1,100,,13539,4,0,11 2 5 12,1,100,,13542,4,0,11 2 5 12,1,100,,13513,4,0,11 2 5 12,1,100,,13527,4,0,11 2 5 12,1,92,,13550,6,0,20 21 30 12,1,100,,13552,6,0,20 21 30 12,1,100,,13568,6,0,20 21 30 12,1,108,,13511,6,0,20 21 30 12,1,100,,13544,6,0,20 21 30 12,1,100,,13507,6,0,20 21 30 12,1,100,,13516,6,0,20 21 30 12,1
4501,'3',745,,13628,4,0,11 2 5 12,1,100,,13580,4,0,11 2 5 12,1,100,,13584,4,0,11 2 5 12,1,100,,13647,4,0,11 2 5 12,1,100,,13597,4,0,11 2 5 12,1,100,,13632,4,0,11 2 5 12,1,100,,13629,4,0,11 2 5 12,1,100,,13586,4,0,11 2 5 12,1,100,,13640,4,0,11 2 5 12,1,92,,13672,6,0,20 21 30 12,1,100,,13582,6,0,20 21 30 12,1,100,,13592,6,0,20 21 30 12,1,108,,13593,6,0,20 21 30 12,1,100,,13583,6,0,20 21 30 12,1,100,,13667,6,0,20 21 30 12,1,100,,13660,6,0,20 21 30 12,1
4501,'4',745,,13696,4,0,11 2 5 12,1,100,,13770,4,0,11 2 5 12,1,100,,13760,4,0,11 2 5 12,1,100,,13726,4,0,11 2 5 12,1,100,,13702,4,0,11 2 5 12,1,100,,13720,4,0,11 2 5 12,1,100,,13769,4,0,11 2 5 12,1,100,,13723,4,0,11 2 5 12,1,100,,13722,4,0,11 2 5 12,1,92,,13754,6,0,20 21 30 12,1,100,,13731,6,0,20 21 30 12,1,100,,13694,6,0,20 21 30 12,1,108,,13699,6,0,20 21 30 12,1,100,,13782,6,0,20 21 30 12,1,100,,13785,6,0,20 21 30 12,1,100,,13751,6,0,20 21 30 12,1
4501,'5',745,,13798,6,0,20 21 30 12,1,100,,13802,6,0,20 21 30 12,1,100,,13794,6,0,20 21 30 12,1,100,,13806,6,0,20 21 30 12,1,100,,13796,6,0,20 21 30 12,1,100,,13807,6,0,20 21 30 12,1,100,,13805,6,0,20 21 30 12,1,100,,13799,6,0,20 21 30 12,1,100,,13801,6,0,20 21 30 12,1,100,,13795,6,0,20 21 30 12,1,100,,13797,6,0,20 21 30 12,1,100,,13792,6,0,20 21 30 12,1,100,,13800,6,0,20 21 30 12,1,100,,13793,6,0,20 21 30 12,1,100,,13804,6,0,20 21 30 12,1,100,,13803,6,0,20 21 30 12,1
4501,'6',1045,,13809,6,0,20 21 30 12,1,100,,13813,6,0,20 21 30 12,1,100,,13814,6,0,20 21 30 12,1,100,,13812,6,0,20 21 30 12,1,100,,13808,6,0,20 21 30 12,1,100,,13811,6,0,20 21 30 12,1,100,,13815,6,0,20 21 30 12,1,100,,13810,6,0,20 21 30 12,1
4501,'7',745,,13881,4,0,11 2 5 12,1,100,,13846,4,0,11 2 5 12,1,100,,13853,4,0,11 2 5 12,1,100,,13821,4,0,11 2 5 12,1,100,,13839,4,0,11 2 5 12,1,100,,13887,4,0,11 2 5 12,1,100,,13861,4,0,11 2 5 12,1,100,,13899,4,0,11 2 5 12,1,100,,13837,4,0,11 2 5 12,1,92,,13866,6,0,20 21 30 12,1,100,,13908,6,0,20 21 30 12,1,100,,13872,6,0,20 21 30 12,1,108,,13816,6,0,20 21 30 12,1,100,,13870,6,0,20 21 30 12,1,100,,13884,6,0,20 21 30 12,1,100,,13874,6,0,20 21 30 12,1
4501,'8',745,,13989,4,0,11 2 5 12,1,100,,13976,4,0,11 2 5 12,1,100,,13942,4,0,11 2 5 12,1,100,,14016,4,0,11 2 5 12,1,100,,13963,4,0,11 2 5 12,1,100,,13939,4,0,11 2 5 12,1,100,,14009,4,0,11 2 5 12,1,100,,13980,4,0,11 2 5 12,1,100,,13953,4,0,11 2 5 12,1,92,,13948,6,0,20 21 30 12,1,100,,14023,6,0,20 21 30 12,1,100,,13958,6,0,20 21 30 12,1,108,,13983,6,0,20 21 30 12,1,100,,13996,6,0,20 21 30 12,1,100,,13960,6,0,20 21 30 12,1,100,,13951,6,0,20 21 30 12,1
4501,'9',745,,14051,4,0,11 2 5 12,1,100,,14136,4,0,11 2 5 12,1,100,,14140,4,0,11 2 5 12,1,100,,14145,4,0,11 2 5 12,1,100,,14042,4,0,11 2 5 12,1,100,,14103,4,0,11 2 5 12,1,100,,14067,4,0,11 2 5 12,1,100,,14138,4,0,11 2 5 12,1,100,,14069,4,0,11 2 5 12,1,92,,14082,6,0,20 21 30 12,1,100,,14100,6,0,20 21 30 12,1,100,,14141,6,0,20 21 30 12,1,108,,14126,6,0,20 21 30 12,1,100,,14084,6,0,20 21 30 12,1,100,,14128,6,0,20 21 30 12,1,100,,14108,6,0,20 21 30 12,1
5501,'1',741,,14310,11,0,20 21 5 12,1,100,,14307,11,0,20 21 5 12,1,100,,14303,11,0,20 21 5 12,1,100,,14301,11,0,20 21 5 12,1,100,,14299,11,0,20 21 5 12,1,100,,14308,11,0,20 21 5 12,1,100,,14298,11,0,20 21 5 12,1,100,,14305,11,0,20 21 5 12,1,100,,14311,11,0,20 21 5 12,1,100,,14306,11,0,20 21 5 12,1,100,,14312,11,0,20 21 5 12,1,100,,14300,11,0,20 21 5 12,1,100,,14309,11,0,20 21 5 12,1,100,,14302,11,0,20 21 5 12,1,100,,14297,11,0,20 21 5 12,1,100,,14304,11,0,20 21 5 12,1
5501,'10',1041,,14317,11,0,20 21 5 12,1,100,,14316,11,0,20 21 5 12,1,100,,14313,11,0,20 21 5 12,1,100,,14319,11,0,20 21 5 12,1,100,,14320,11,0,20 21 5 12,1,100,,14315,11,0,20 21 5 12,1,100,,14318,11,0,20 21 5 12,1,100,,14314,11,0,20 21 5 12,1
5501,'11',1041,,14327,11,0,20 21 5 12,1,100,,14321,11,0,20 21 5 12,1,100,,14323,11,0,20 21 5 12,1,100,,14326,11,0,20 21 5 12,1,100,,14325,11,0,20 21 5 12,1,100,,14322,11,0,20 21 5 12,1,100,,14324,11,0,20 21 5 12,1,100,,14328,11,0,20 21 5 12,1
5501,'2',737,,14332,10,0,11 2 5 12,1,100,,14336,10,0,11 2 5 12,1,100,,14342,10,0,11 2 5 12,1,100,,14331,10,0,11 2 5 12,1,100,,14339,10,0,11 2 5 12,1,100,,14334,10,0,11 2 5 12,1,100,,14338,10,0,11 2 5 12,1,100,,14344,10,0,11 2 5 12,1,100,,14329,10,0,11 2 5 12,1,100,,14337,10,0,11 2 5 12,1,104,,14335,11,0,20 21 5 12,1,100,,14340,11,0,20 21 5 12,1,100,,14343,11,0,20 21 5 12,1,100,,14341,11,0,20 21 5 12,1,100,,14333,11,0,20 21 5 12,1,100,,14330,11,0,20 21 5 12,1
5501,'3',737,,14347,10,0,11 2 5 12,1,100,,14352,10,0,11 2 5 12,1,100,,14345,10,0,11 2 5 12,1,100,,14349,10,0,11 2 5 12,1,100,,14356,10,0,11 2 5 12,1,100,,14358,10,0,11 2 5 12,1,100,,14346,10,0,11 2 5 12,1,100,,14351,10,0,11 2 5 12,1,100,,14350,10,0,11 2 5 12,1,100,,14359,10,0,11 2 5 12,1,104,,14355,11,0,20 21 5 12,1,100,,14348,11,0,20 21 5 12,1,100,,14354,11,0,20 21 5 12,1,100,,14357,11,0,20 21 5 12,1,100,,14353,11,0,20 21 5 12,1,100,,14360,11,0,20 21 5 12,1
5501,'4',737,,14372,10,0,11 2 5 12,1,100,,14375,10,0,11 2 5 12,1,100,,14367,10,0,11 2 5 12,1,100,,14363,10,0,11 2 5 12,1,100,,14371,10,0,11 2 5 12,1,100,,14361,10,0,11 2 5 12,1,100,,14369,10,0,11 2 5 12,1,100,,14373,10,0,11 2 5 12,1,100,,14365,10,0,11 2 5 12,1,100,,14374,10,0,11 2 5 12,1,104,,14364,11,0,20 21 5 12,1,100,,14370,11,0,20 21 5 12,1,100,,14366,11,0,20 21 5 12,1,100,,14362,11,0,20 21 5 12,1,100,,14376,11,0,20 21 5 12,1,100,,14368,11,0,20 21 5 12,1
5501,'5',741,,14391,11,0,20 21 5 12,1,100,,14390,11,0,20 21 5 12,1,100,,14389,11,0,20 21 5 12,1,100,,14386,11,0,20 21 5 12,1,100,,14382,11,0,20 21 5 12,1,100,,14384,11,0,20 21 5 12,1,100,,14381,11,0,20 21 5 12,1,100,,14385,11,0,20 21 5 12,1,100,,14380,11,0,20 21 5 12,1,100,,14392,11,0,20 21 5 12,1,100,,14377,11,0,20 21 5 12,1,100,,14379,11,0,20 21 5 12,1,100,,14388,11,0,20 21 5 12,1,100,,14378,11,0,20 21 5 12,1,100,,14383,11,0,20 21 5 12,1,100,,14387,11,0,20 21 5 12,1
5501,'6',1041,,14395,11,0,20 21 5 12,1,100,,14398,11,0,20 21 5 12,1,100,,14397,11,0,20 21 5 12,1,100,,14394,11,0,20 21 5 12,1,100,,14400,11,0,20 21 5 12,1,100,,14399,11,0,20 21 5 12,1,100,,14396,11,0,20 21 5 12,1,100,,14393,11,0,20 21 5 12,1
5501,'7',737,,14407,10,0,11 2 5 12,1,100,,14416,10,0,11 2 5 12,1,100,,14401,10,0,11 2 5 12,1,100,,14410,10,0,11 2 5 12,1,100,,14414,10,0,11 2 5 12,1,100,,14403,10,0,11 2 5 12,1,100,,14412,10,0,11 2 5 12,1,100,,14408,10,0,11 2 5 12,1,100,,14405,10,0,11 2 5 12,1,100,,14415,10,0,11 2 5 12,1,104,,14411,11,0,20 21 5 12,1,100,,14413,11,0,20 21 5 12,1,100,,14409,11,0,20 21 5 12,1,100,,14402,11,0,20 21 5 12,1,100,,14406,11,0,20 21 5 12,1,100,,14404,11,0,20 21 5 12,1
5501,'8',737,,14431,10,0,11 2 5 12,1,100,,14425,10,0,11 2 5 12,1,100,,14417,10,0,11 2 5 12,1,100,,14427,10,0,11 2 5 12,1,100,,14423,10,0,11 2 5 12,1,100,,14419,10,0,11 2 5 12,1,100,,14418,10,0,11 2 5 12,1,100,,14428,10,0,11 2 5 12,1,100,,14422,10,0,11 2 5 12,1,100,,14429,10,0,11 2 5 12,1,104,,14430,11,0,20 21 5 12,1,100,,14426,11,0,20 21 5 12,1,100,,14420,11,0,20 21 5 12,1,100,,14421,11,0,20 21 5 12,1,100,,14424,11,0,20 21 5 12,1,100,,14432,11,0,20 21 5 12,1
5501,'9',737,,14435,10,0,11 2 5 12,1,100,,14439,10,0,11 2 5 12,1,100,,14437,10,0,11 2 5 12,1,100,,14442,10,0,11 2 5 12,1,100,,14446,10,0,11 2 5 12,1,100,,14447,10,0,11 2 5 12,1,100,,14443,10,0,11 2 5 12,1,100,,14440,10,0,11 2 5 12,1,100,,14444,10,0,11 2 5 12,1,100,,14445,10,0,11 2 5 12,1,104,,14434,11,0,20 21 5 12,1,100,,14448,11,0,20 21 5 12,1,100,,14433,11,0,20 21 5 12,1,100,,14441,11,0,20 21 5 12,1,100,,14438,11,0,20 21 5 12,1,100,,14436,11,0,20 21 5 12,1
6501,'1',742,,14827,8,0,20 21 5 12,1,100,,14824,8,0,20 21 5 12,1,100,,14831,8,0,20 21 5 12,1,100,,14830,8,0,20 21 5 12,1,100,,14832,8,0,20 21 5 12,1,100,,14835,8,0,20 21 5 12,1,100,,14828,8,0,20 21 5 12,1,100,,14836,8,0,20 21 5 12,1,100,,14822,8,0,20 21 5 12,1,100,,14833,8,0,20 21 5 12,1,100,,14826,8,0,20 21 5 12,1,100,,14825,8,0,20 21 5 12,1,100,,14821,8,0,20 21 5 12,1,100,,14823,8,0,20 21 5 12,1,100,,14829,8,0,20 21 5 12,1,100,,14834,8,0,20 21 5 12,1
6501,'10',1042,,14842,8,0,20 21 5 12,1,100,,14843,8,0,20 21 5 12,1,100,,14841,8,0,20 21 5 12,1,100,,14837,8,0,20 21 5 12,1,100,,14844,8,0,20 21 5 12,1,100,,14840,8,0,20 21 5 12,1,100,,14839,8,0,20 21 5 12,1,100,,14838,8,0,20 21 5 12,1
6501,'11',1042,,14848,8,0,20 21 5 12,1,100,,14846,8,0,20 21 5 12,1,100,,14847,8,0,20 21 5 12,1,100,,14849,8,0,20 21 5 12,1,100,,14845,8,0,20 21 5 12,1,100,,14852,8,0,20 21 5 12,1,100,,14850,8,0,20 21 5 12,1,100,,14851,8,0,20 21 5 12,1
6501,'2',741,,14881,7,0,11 2 5 12,1,70,,14865,7,0,11 2 5 12,1,30,,14892,7,0,11 2 5 12,1,70,,14873,7,0,11 2 5 12,1,30,,14886,7,0,11 2 5 12,1,70,,14857,7,0,11 2 5 12,1,30,,14906,7,0,11 2 5 12,1,70,,14867,7,0,11 2 5 12,1,30,,14907,7,0,11 2 5 12,1,70,,14894,7,0,11 2 5 12,1,30,,14870,7,0,11 2 5 12,1,70,,14882,7,0,11 2 5 12,1,30,,14869,7,0,11 2 5 12,1,70,,14858,7,0,11 2 5 12,1,30,,14891,7,0,11 2 5 12,1,70,,14884,7,0,11 2 5 12,1,30,,14905,7,0,11 2 5 12,1,70,,14877,7,0,11 2 5 12,1,30,,14874,7,0,11 2 5 12,1,70,,14868,7,0,11 2 5 12,1,31,,14853,8,0,20 21 5 12,1,70,,14903,8,0,20 21 5 12,1,30,,14896,8,0,20 21 5 12,1,70,,14861,8,0,20 21 5 12,1,30,,14885,8,0,20 21 5 12,1,70,,14883,8,0,20 21 5 12,1,30,,14871,8,0,20 21 5 12,1,70,,14859,8,0,20 21 5 12,1,30,,14862,8,0,20 21 5 12,1,70,,14890,8,0,20 21 5 12,1,30,,14901,8,0,20 21 5 12,1,70,,14900,8,0,20 21 5 12,1
6501,'3',741,,14954,7,0,11 2 5 12,1,70,,14950,7,0,11 2 5 12,1,30,,14960,7,0,11 2 5 12,1,70,,14956,7,0,11 2 5 12,1,30,,14935,7,0,11 2 5 12,1,70,,14952,7,0,11 2 5 12,1,30,,14923,7,0,11 2 5 12,1,70,,14926,7,0,11 2 5 12,1,30,,14929,7,0,11 2 5 12,1,70,,14931,7,0,11 2 5 12,1,30,,14908,7,0,11 2 5 12,1,70,,14941,7,0,11 2 5 12,1,30,,14927,7,0,11 2 5 12,1,70,,14921,7,0,11 2 5 12,1,30,,14937,7,0,11 2 5 12,1,70,,14943,7,0,11 2 5 12,1,30,,14924,7,0,11 2 5 12,1,70,,14945,7,0,11 2 5 12,1,30,,14953,7,0,11 2 5 12,1,70,,14916,7,0,11 2 5 12,1,31,,14949,8,0,20 21 5 12,1,70,,14942,8,0,20 21 5 12,1,30,,14934,8,0,20 21 5 12,1,70,,14917,8,0,20 21 5 12,1,30,,14938,8,0,20 21 5 12,1,70,,14920,8,0,20 21 5 12,1,30,,14911,8,0,20 21 5 12,1,70,,14913,8,0,20 21 5 12,1,30,,14928,8,0,20 21 5 12,1,70,,14918,8,0,20 21 5 12,1,30,,14914,8,0,20 21 5 12,1,70,,14912,8,0,20 21 5 12,1
6501,'4',741,,15016,7,0,11 2 5 12,1,70,,14989,7,0,11 2 5 12,1,30,,14986,7,0,11 2 5 12,1,70,,14974,7,0,11 2 5 12,1,30,,14988,7,0,11 2 5 12,1,70,,14987,7,0,11 2 5 12,1,30,,14963,7,0,11 2 5 12,1,70,,15007,7,0,11 2 5 12,1,30,,14990,7,0,11 2 5 12,1,70,,15013,7,0,11 2 5 12,1,30,,15003,7,0,11 2 5 12,1,70,,15001,7,0,11 2 5 12,1,30,,15015,7,0,11 2 5 12,1,70,,14981,7,0,11 2 5 12,1,30,,14966,7,0,11 2 5 12,1,70,,14971,7,0,11 2 5 12,1,30,,14970,7,0,11 2 5 12,1,70,,14975,7,0,11 2 5 12,1,30,,15017,7,0,11 2 5 12,1,70,,14977,7,0,11 2 5 12,1,31,,14999,8,0,20 21 5 12,1,70,,15010,8,0,20 21 5 12,1,30,,14979,8,0,20 21 5 12,1,70,,15004,8,0,20 21 5 12,1,30,,14992,8,0,20 21 5 12,1,70,,14997,8,0,20 21 5 12,1,30,,14972,8,0,20 21 5 12,1,70,,14998,8,0,20 21 5 12,1,30,,14969,8,0,20 21 5 12,1,70,,14967,8,0,20 21 5 12,1,30,,14982,8,0,20 21 5 12,1,70,,14991,8,0,20 21 5 12,1
6501,'5',742,,15031,8,0,20 21 5 12,1,100,,15020,8,0,20 21 5 12,1,100,,15027,8,0,20 21 5 12,1,100,,15033,8,0,20 21 5 12,1,100,,15032,8,0,20 21 5 12,1,100,,15024,8,0,20 21 5 12,1,100,,15021,8,0,20 21 5 12,1,100,,15022,8,0,20 21 5 12,1,100,,15026,8,0,20 21 5 12,1,100,,15023,8,0,20 21 5 12,1,100,,15028,8,0,20 21 5 12,1,100,,15018,8,0,20 21 5 12,1,100,,15030,8,0,20 21 5 12,1,100,,15025,8,0,20 21 5 12,1,100,,15029,8,0,20 21 5 12,1,100,,15019,8,0,20 21 5 12,1
6501,'6',1042,,15034,8,0,20 21 5 12,1,100,,15037,8,0,20 21 5 12,1,100,,15039,8,0,20 21 5 12,1,100,,15041,8,0,20 21 5 12,1,100,,15038,8,0,20 21 5 12,1,100,,15040,8,0,20 21 5 12,1,100,,15035,8,0,20 21 5 12,1,100,,15036,8,0,20 21 5 12,1
6501,'7',741,,15094,7,0,11 2 5 12,1,70,,15085,7,0,11 2 5 12,1,30,,15096,7,0,11 2 5 12,1,70,,15063,7,0,11 2 5 12,1,30,,15089,7,0,11 2 5 12,1,70,,15076,7,0,11 2 5 12,1,30,,15078,7,0,11 2 5 12,1,70,,15046,7,0,11 2 5 12,1,30,,15087,7,0,11 2 5 12,1,70,,15074,7,0,11 2 5 12,1,30,,15083,7,0,11 2 5 12,1,70,,15092,7,0,11 2 5 12,1,30,,15067,7,0,11 2 5 12,1,70,,15091,7,0,11 2 5 12,1,30,,15057,7,0,11 2 5 12,1,70,,15043,7,0,11 2 5 12,1,30,,15044,7,0,11 2 5 12,1,70,,15090,7,0,11 2 5 12,1,30,,15075,7,0,11 2 5 12,1,70,,15052,7,0,11 2 5 12,1,31,,15055,8,0,20 21 5 12,1,70,,15088,8,0,20 21 5 12,1,30,,15080,8,0,20 21 5 12,1,70,,15068,8,0,20 21 5 12,1,30,,15053,8,0,20 21 5 12,1,70,,15060,8,0,20 21 5 12,1,30,,15084,8,0,20 21 5 12,1,70,,15093,8,0,20 21 5 12,1,30,,15050,8,0,20 21 5 12,1,70,,15073,8,0,20 21 5 12,1,30,,15051,8,0,20 21 5 12,1,70,,15070,8,0,20 21 5 12,1
6501,'8',741,,15131,7,0,11 2 5 12,1,70,,15100,7,0,11 2 5 12,1,30,,15134,7,0,11 2 5 12,1,70,,15107,7,0,11 2 5 12,1,30,,15130,7,0,11 2 5 12,1,70,,15124,7,0,11 2 5 12,1,30,,15142,7,0,11 2 5 12,1,70,,15140,7,0,11 2 5 12,1,30,,15128,7,0,11 2 5 12,1,70,,15122,7,0,11 2 5 12,1,30,,15120,7,0,11 2 5 12,1,70,,15139,7,0,11 2 5 12,1,30,,15138,7,0,11 2 5 12,1,70,,15147,7,0,11 2 5 12,1,30,,15146,7,0,11 2 5 12,1,70,,15144,7,0,11 2 5 12,1,30,,15099,7,0,11 2 5 12,1,70,,15109,7,0,11 2 5 12,1,30,,15143,7,0,11 2 5 12,1,70,,15113,7,0,11 2 5 12,1,31,,15101,8,0,20 21 5 12,1,70,,15098,8,0,20 21 5 12,1,30,,15118,8,0,20 21 5 12,1,70,,15129,8,0,20 21 5 12,1,30,,15097,8,0,20 21 5 12,1,70,,15127,8,0,20 21 5 12,1,30,,15141,8,0,20 21 5 12,1,70,,15132,8,0,20 21 5 12,1,30,,15150,8,0,20 21 5 12,1,70,,15104,8,0,20 21 5 12,1,30,,15148,8,0,20 21 5 12,1,70,,15137,8,0,20 21 5 12,1
6501,'9',741,,15171,7,0,11 2 5 12,1,70,,15168,7,0,11 2 5 12,1,30,,15194,7,0,11 2 5 12,1,70,,15187,7,0,11 2 5 12,1,30,,15157,7,0,11 2 5 12,1,70,,15192,7,0,11 2 5 12,1,30,,15152,7,0,11 2 5 12,1,70,,15193,7,0,11 2 5 12,1,30,,15166,7,0,11 2 5 12,1,70,,15178,7,0,11 2 5 12,1,30,,15160,7,0,11 2 5 12,1,70,,15177,7,0,11 2 5 12,1,30,,15204,7,0,11 2 5 12,1,70,,15156,7,0,11 2 5 12,1,30,,15189,7,0,11 2 5 12,1,70,,15180,7,0,11 2 5 12,1,30,,15182,7,0,11 2 5 12,1,70,,15174,7,0,11 2 5 12,1,30,,15173,7,0,11 2 5 12,1,70,,15175,7,0,11 2 5 12,1,31,,15172,8,0,20 21 5 12,1,70,,15158,8,0,20 21 5 12,1,30,,15190,8,0,20 21 5 12,1,70,,15184,8,0,20 21 5 12,1,30,,15154,8,0,20 21 5 12,1,70,,15196,8,0,20 21 5 12,1,30,,15202,8,0,20 21 5 12,1,70,,15179,8,0,20 21 5 12,1,30,,15199,8,0,20 21 5 12,1,70,,15195,8,0,20 21 5 12,1,30,,15191,8,0,20 21 5 12,1,70,,15159,8,0,20 21 5 12,1
