5001,'1',721,,14153,5,0,20 21 23 24,1,100,,14157,5,0,20 21 23 24,1,100,,14156,5,0,20 21 23 24,1,100,,14148,5,0,20 21 23 24,1,100,,14152,5,0,20 21 23 24,1,100,,14150,5,0,20 21 23 24,1,100,,14158,5,0,20 21 23 24,1,100,,14146,5,0,20 21 23 24,1,100,,14159,5,0,20 21 23 24,1,100,,14160,5,0,20 21 23 24,1,100,,14149,5,0,20 21 23 24,1,100,,14151,5,0,20 21 23 24,1,100,,14147,5,0,20 21 23 24,1,100,,11661,5,0,20 21 23 24,1,100,,14154,5,0,20 21 23 24,1,100,,14155,5,0,20 21 23 24,1
5001,'10',1021,,14167,5,0,20 21 23 24,1,100,,14168,5,0,20 21 23 24,1,100,,14165,5,0,20 21 23 24,1,100,,14163,5,0,20 21 23 24,1,100,,14161,5,0,20 21 23 24,1,100,,14162,5,0,20 21 23 24,1,100,,14166,5,0,20 21 23 24,1,100,,14164,5,0,20 21 23 24,1
5001,'11',1021,,14170,5,0,20 21 23 24,1,100,,14175,5,0,20 21 23 24,1,100,,14173,5,0,20 21 23 24,1,100,,14176,5,0,20 21 23 24,1,100,,14169,5,0,20 21 23 24,1,100,,14172,5,0,20 21 23 24,1,100,,14174,5,0,20 21 23 24,1,100,,14171,5,0,20 21 23 24,1
5001,'2',721,,14191,5,0,11 2 23 24,1,100,,14181,5,0,11 2 23 24,1,100,,14177,5,0,11 2 23 24,1,100,,14188,5,0,11 2 23 24,1,100,,14178,5,0,11 2 23 24,1,100,,14184,5,0,11 2 23 24,1,100,,14192,5,0,11 2 23 24,1,100,,14186,5,0,11 2 23 24,1,100,,14189,5,0,11 2 23 24,1,100,,14187,5,0,11 2 23 24,1,100,,14190,5,0,20 21 23 24,1,100,,14179,5,0,20 21 23 24,1,100,,14185,5,0,20 21 23 24,1,100,,14183,5,0,20 21 23 24,1,100,,14182,5,0,20 21 23 24,1,100,,14180,5,0,20 21 23 24,1
5001,'3',721,,14204,5,0,11 2 23 24,1,100,,14196,5,0,11 2 23 24,1,100,,14208,5,0,11 2 23 24,1,100,,14205,5,0,11 2 23 24,1,100,,14200,5,0,11 2 23 24,1,100,,14201,5,0,11 2 23 24,1,100,,14206,5,0,11 2 23 24,1,100,,14197,5,0,11 2 23 24,1,100,,14194,5,0,11 2 23 24,1,100,,14202,5,0,11 2 23 24,1,100,,14198,5,0,20 21 23 24,1,100,,14193,5,0,20 21 23 24,1,100,,14203,5,0,20 21 23 24,1,100,,14199,5,0,20 21 23 24,1,100,,14195,5,0,20 21 23 24,1,100,,14207,5,0,20 21 23 24,1
5001,'4',721,,14212,5,0,11 2 23 24,1,100,,14223,5,0,11 2 23 24,1,100,,14219,5,0,11 2 23 24,1,100,,14217,5,0,11 2 23 24,1,100,,14222,5,0,11 2 23 24,1,100,,14221,5,0,11 2 23 24,1,100,,14209,5,0,11 2 23 24,1,100,,14224,5,0,11 2 23 24,1,100,,14210,5,0,11 2 23 24,1,100,,14211,5,0,11 2 23 24,1,100,,14213,5,0,20 21 23 24,1,100,,14218,5,0,20 21 23 24,1,100,,14220,5,0,20 21 23 24,1,100,,14214,5,0,20 21 23 24,1,100,,14216,5,0,20 21 23 24,1,100,,14215,5,0,20 21 23 24,1
5001,'5',721,,14237,5,0,20 21 23 24,1,100,,14233,5,0,20 21 23 24,1,100,,14229,5,0,20 21 23 24,1,100,,14225,5,0,20 21 23 24,1,100,,14230,5,0,20 21 23 24,1,100,,14239,5,0,20 21 23 24,1,100,,14231,5,0,20 21 23 24,1,100,,14235,5,0,20 21 23 24,1,100,,14232,5,0,20 21 23 24,1,100,,14240,5,0,20 21 23 24,1,100,,14228,5,0,20 21 23 24,1,100,,14227,5,0,20 21 23 24,1,100,,14226,5,0,20 21 23 24,1,100,,14238,5,0,20 21 23 24,1,100,,14234,5,0,20 21 23 24,1,100,,14236,5,0,20 21 23 24,1
5001,'6',1021,,14248,5,0,20 21 23 24,1,100,,14242,5,0,20 21 23 24,1,100,,14243,5,0,20 21 23 24,1,100,,14241,5,0,20 21 23 24,1,100,,14244,5,0,20 21 23 24,1,100,,14246,5,0,20 21 23 24,1,100,,14247,5,0,20 21 23 24,1,100,,14245,5,0,20 21 23 24,1
5001,'7',721,,14258,5,0,11 2 23 24,1,100,,14256,5,0,11 2 23 24,1,100,,14257,5,0,11 2 23 24,1,100,,14264,5,0,11 2 23 24,1,100,,14251,5,0,11 2 23 24,1,100,,14262,5,0,11 2 23 24,1,100,,14249,5,0,11 2 23 24,1,100,,14255,5,0,11 2 23 24,1,100,,14261,5,0,11 2 23 24,1,100,,14254,5,0,11 2 23 24,1,100,,14260,5,0,20 21 23 24,1,100,,14253,5,0,20 21 23 24,1,100,,14263,5,0,20 21 23 24,1,100,,14250,5,0,20 21 23 24,1,100,,14259,5,0,20 21 23 24,1,100,,14252,5,0,20 21 23 24,1
5001,'8',721,,14270,5,0,11 2 23 24,1,100,,14271,5,0,11 2 23 24,1,100,,14278,5,0,11 2 23 24,1,100,,14269,5,0,11 2 23 24,1,100,,14267,5,0,11 2 23 24,1,100,,14273,5,0,11 2 23 24,1,100,,14275,5,0,11 2 23 24,1,100,,14276,5,0,11 2 23 24,1,100,,14277,5,0,11 2 23 24,1,100,,14265,5,0,11 2 23 24,1,100,,14272,5,0,20 21 23 24,1,100,,14280,5,0,20 21 23 24,1,100,,14268,5,0,20 21 23 24,1,100,,14279,5,0,20 21 23 24,1,100,,14274,5,0,20 21 23 24,1,100,,14266,5,0,20 21 23 24,1
5001,'9',721,,14282,5,0,11 2 23 24,1,100,,14289,5,0,11 2 23 24,1,100,,14286,5,0,11 2 23 24,1,100,,14281,5,0,11 2 23 24,1,100,,14294,5,0,11 2 23 24,1,100,,14287,5,0,11 2 23 24,1,100,,14296,5,0,11 2 23 24,1,100,,14283,5,0,11 2 23 24,1,100,,14288,5,0,11 2 23 24,1,100,,14284,5,0,11 2 23 24,1,100,,14291,5,0,20 21 23 24,1,100,,14293,5,0,20 21 23 24,1,100,,14290,5,0,20 21 23 24,1,100,,14295,5,0,20 21 23 24,1,100,,14292,5,0,20 21 23 24,1,100,,14285,5,0,20 21 23 24,1
5501,'1',728,,14310,7,0,20 21 5 12,1,100,,14307,7,0,20 21 5 12,1,100,,14303,7,0,20 21 5 12,1,100,,14301,7,0,20 21 5 12,1,100,,14299,7,0,20 21 5 12,1,100,,14308,7,0,20 21 5 12,1,100,,14298,7,0,20 21 5 12,1,100,,14305,7,0,20 21 5 12,1,100,,14311,7,0,20 21 5 12,1,100,,14306,7,0,20 21 5 12,1,100,,14312,7,0,20 21 5 12,1,100,,14300,7,0,20 21 5 12,1,100,,14309,7,0,20 21 5 12,1,100,,14302,7,0,20 21 5 12,1,100,,14297,7,0,20 21 5 12,1,100,,14304,7,0,20 21 5 12,1
5501,'10',1028,,14317,7,0,20 21 5 12,1,100,,14316,7,0,20 21 5 12,1,100,,14313,7,0,20 21 5 12,1,100,,14319,7,0,20 21 5 12,1,100,,14320,7,0,20 21 5 12,1,100,,14315,7,0,20 21 5 12,1,100,,14318,7,0,20 21 5 12,1,100,,14314,7,0,20 21 5 12,1
5501,'11',1028,,14327,7,0,20 21 5 12,1,100,,14321,7,0,20 21 5 12,1,100,,14323,7,0,20 21 5 12,1,100,,14326,7,0,20 21 5 12,1,100,,14325,7,0,20 21 5 12,1,100,,14322,7,0,20 21 5 12,1,100,,14324,7,0,20 21 5 12,1,100,,14328,7,0,20 21 5 12,1
5501,'2',725,,14332,6,0,11 2 5 12,1,100,,14336,6,0,11 2 5 12,1,100,,14342,6,0,11 2 5 12,1,100,,14331,6,0,11 2 5 12,1,100,,14339,6,0,11 2 5 12,1,100,,14334,6,0,11 2 5 12,1,100,,14338,6,0,11 2 5 12,1,100,,14344,6,0,11 2 5 12,1,100,,14329,6,0,11 2 5 12,1,100,,14337,6,0,11 2 5 12,1,103,,14335,7,0,20 21 5 12,1,100,,14340,7,0,20 21 5 12,1,100,,14343,7,0,20 21 5 12,1,100,,14341,7,0,20 21 5 12,1,100,,14333,7,0,20 21 5 12,1,100,,14330,7,0,20 21 5 12,1
5501,'3',725,,14347,6,0,11 2 5 12,1,100,,14352,6,0,11 2 5 12,1,100,,14345,6,0,11 2 5 12,1,100,,14349,6,0,11 2 5 12,1,100,,14356,6,0,11 2 5 12,1,100,,14358,6,0,11 2 5 12,1,100,,14346,6,0,11 2 5 12,1,100,,14351,6,0,11 2 5 12,1,100,,14350,6,0,11 2 5 12,1,100,,14359,6,0,11 2 5 12,1,103,,14355,7,0,20 21 5 12,1,100,,14348,7,0,20 21 5 12,1,100,,14354,7,0,20 21 5 12,1,100,,14357,7,0,20 21 5 12,1,100,,14353,7,0,20 21 5 12,1,100,,14360,7,0,20 21 5 12,1
5501,'4',725,,14372,6,0,11 2 5 12,1,100,,14375,6,0,11 2 5 12,1,100,,14367,6,0,11 2 5 12,1,100,,14363,6,0,11 2 5 12,1,100,,14371,6,0,11 2 5 12,1,100,,14361,6,0,11 2 5 12,1,100,,14369,6,0,11 2 5 12,1,100,,14373,6,0,11 2 5 12,1,100,,14365,6,0,11 2 5 12,1,100,,14374,6,0,11 2 5 12,1,103,,14364,7,0,20 21 5 12,1,100,,14370,7,0,20 21 5 12,1,100,,14366,7,0,20 21 5 12,1,100,,14362,7,0,20 21 5 12,1,100,,14376,7,0,20 21 5 12,1,100,,14368,7,0,20 21 5 12,1
5501,'5',728,,14391,7,0,20 21 5 12,1,100,,14390,7,0,20 21 5 12,1,100,,14389,7,0,20 21 5 12,1,100,,14386,7,0,20 21 5 12,1,100,,14382,7,0,20 21 5 12,1,100,,14384,7,0,20 21 5 12,1,100,,14381,7,0,20 21 5 12,1,100,,14385,7,0,20 21 5 12,1,100,,14380,7,0,20 21 5 12,1,100,,14392,7,0,20 21 5 12,1,100,,14377,7,0,20 21 5 12,1,100,,14379,7,0,20 21 5 12,1,100,,14388,7,0,20 21 5 12,1,100,,14378,7,0,20 21 5 12,1,100,,14383,7,0,20 21 5 12,1,100,,14387,7,0,20 21 5 12,1
5501,'6',1028,,14395,7,0,20 21 5 12,1,100,,14398,7,0,20 21 5 12,1,100,,14397,7,0,20 21 5 12,1,100,,14394,7,0,20 21 5 12,1,100,,14400,7,0,20 21 5 12,1,100,,14399,7,0,20 21 5 12,1,100,,14396,7,0,20 21 5 12,1,100,,14393,7,0,20 21 5 12,1
5501,'7',725,,14407,6,0,11 2 5 12,1,100,,14416,6,0,11 2 5 12,1,100,,14401,6,0,11 2 5 12,1,100,,14410,6,0,11 2 5 12,1,100,,14414,6,0,11 2 5 12,1,100,,14403,6,0,11 2 5 12,1,100,,14412,6,0,11 2 5 12,1,100,,14408,6,0,11 2 5 12,1,100,,14405,6,0,11 2 5 12,1,100,,14415,6,0,11 2 5 12,1,103,,14411,7,0,20 21 5 12,1,100,,14413,7,0,20 21 5 12,1,100,,14409,7,0,20 21 5 12,1,100,,14402,7,0,20 21 5 12,1,100,,14406,7,0,20 21 5 12,1,100,,14404,7,0,20 21 5 12,1
5501,'8',725,,14431,6,0,11 2 5 12,1,100,,14425,6,0,11 2 5 12,1,100,,14417,6,0,11 2 5 12,1,100,,14427,6,0,11 2 5 12,1,100,,14423,6,0,11 2 5 12,1,100,,14419,6,0,11 2 5 12,1,100,,14418,6,0,11 2 5 12,1,100,,14428,6,0,11 2 5 12,1,100,,14422,6,0,11 2 5 12,1,100,,14429,6,0,11 2 5 12,1,103,,14430,7,0,20 21 5 12,1,100,,14426,7,0,20 21 5 12,1,100,,14420,7,0,20 21 5 12,1,100,,14421,7,0,20 21 5 12,1,100,,14424,7,0,20 21 5 12,1,100,,14432,7,0,20 21 5 12,1
5501,'9',725,,14435,6,0,11 2 5 12,1,100,,14439,6,0,11 2 5 12,1,100,,14437,6,0,11 2 5 12,1,100,,14442,6,0,11 2 5 12,1,100,,14446,6,0,11 2 5 12,1,100,,14447,6,0,11 2 5 12,1,100,,14443,6,0,11 2 5 12,1,100,,14440,6,0,11 2 5 12,1,100,,14444,6,0,11 2 5 12,1,100,,14445,6,0,11 2 5 12,1,103,,14434,7,0,20 21 5 12,1,100,,14448,7,0,20 21 5 12,1,100,,14433,7,0,20 21 5 12,1,100,,14441,7,0,20 21 5 12,1,100,,14438,7,0,20 21 5 12,1,100,,14436,7,0,20 21 5 12,1
