2500,'1',703,,11794,5,0,26 27 28,1,100,,12296,5,0,26 27 28,1,100,,12297,5,0,26 27 28,1,100,,12302,5,0,26 27 28,1,100,,12301,5,0,26 27 28,1,100,,12310,5,0,26 27 28,1,100,,12308,5,0,26 27 28,1,100,,12306,5,0,26 27 28,1,100,,12299,5,0,26 27 28,1,100,,12309,5,0,26 27 28,1,100,,12307,5,0,26 27 28,1,100,,12300,5,0,26 27 28,1,100,,12298,5,0,26 27 28,1,100,,12305,5,0,26 27 28,1,100,,12303,5,0,26 27 28,1,100,,12304,5,0,26 27 28,1
2500,'10',1003,,12318,5,0,26 27 28,1,100,,12311,5,0,26 27 28,1,100,,12314,5,0,26 27 28,1,100,,12312,5,0,26 27 28,1,100,,12315,5,0,26 27 28,1,100,,12316,5,0,26 27 28,1,100,,12317,5,0,26 27 28,1,100,,12313,5,0,26 27 28,1
2500,'11',1003,,12324,5,0,26 27 28,1,100,,12325,5,0,26 27 28,1,100,,12322,5,0,26 27 28,1,100,,12323,5,0,26 27 28,1,100,,12319,5,0,26 27 28,1,100,,12320,5,0,26 27 28,1,100,,12321,5,0,26 27 28,1,100,,12326,5,0,26 27 28,1
2500,'2',703,,12330,5,0,26 27 28,1,100,,12329,5,0,26 27 28,1,100,,12334,5,0,26 27 28,1,100,,12335,5,0,26 27 28,1,100,,12337,5,0,26 27 28,1,100,,12333,5,0,26 27 28,1,100,,12341,5,0,26 27 28,1,100,,12328,5,0,26 27 28,1,100,,12339,5,0,26 27 28,1,100,,12331,5,0,26 27 28,1,100,,12338,5,0,26 27 28,1,100,,12340,5,0,26 27 28,1,100,,12332,5,0,26 27 28,1,100,,12327,5,0,26 27 28,1,100,,12342,5,0,26 27 28,1,100,,12336,5,0,26 27 28,1
2500,'3',703,,12351,5,0,26 27 28,1,100,,12356,5,0,26 27 28,1,100,,12353,5,0,26 27 28,1,100,,12350,5,0,26 27 28,1,100,,12355,5,0,26 27 28,1,100,,12354,5,0,26 27 28,1,100,,12348,5,0,26 27 28,1,100,,12352,5,0,26 27 28,1,100,,12344,5,0,26 27 28,1,100,,12345,5,0,26 27 28,1,100,,12357,5,0,26 27 28,1,100,,12358,5,0,26 27 28,1,100,,12346,5,0,26 27 28,1,100,,12343,5,0,26 27 28,1,100,,12349,5,0,26 27 28,1,100,,12347,5,0,26 27 28,1
2500,'4',703,,12367,5,0,26 27 28,1,100,,12373,5,0,26 27 28,1,100,,12359,5,0,26 27 28,1,100,,12370,5,0,26 27 28,1,100,,12364,5,0,26 27 28,1,100,,12372,5,0,26 27 28,1,100,,12362,5,0,26 27 28,1,100,,12371,5,0,26 27 28,1,100,,11778,5,0,26 27 28,1,100,,12363,5,0,26 27 28,1,100,,12360,5,0,26 27 28,1,100,,12368,5,0,26 27 28,1,100,,12369,5,0,26 27 28,1,100,,12361,5,0,26 27 28,1,100,,12366,5,0,26 27 28,1,100,,12365,5,0,26 27 28,1
2500,'5',703,,12376,5,0,26 27 28,1,100,,12383,5,0,26 27 28,1,100,,12377,5,0,26 27 28,1,100,,12380,5,0,26 27 28,1,100,,12386,5,0,26 27 28,1,100,,12375,5,0,26 27 28,1,100,,12381,5,0,26 27 28,1,100,,12382,5,0,26 27 28,1,100,,12384,5,0,26 27 28,1,100,,12389,5,0,26 27 28,1,100,,12379,5,0,26 27 28,1,100,,12387,5,0,26 27 28,1,100,,12378,5,0,26 27 28,1,100,,12374,5,0,26 27 28,1,100,,12385,5,0,26 27 28,1,100,,12388,5,0,26 27 28,1
2500,'6',1003,,12391,5,0,26 27 28,1,100,,12397,5,0,26 27 28,1,100,,12395,5,0,26 27 28,1,100,,12394,5,0,26 27 28,1,100,,12396,5,0,26 27 28,1,100,,12390,5,0,26 27 28,1,100,,12393,5,0,26 27 28,1,100,,12392,5,0,26 27 28,1
2500,'7',703,,12412,5,0,26 27 28,1,100,,12400,5,0,26 27 28,1,100,,12402,5,0,26 27 28,1,100,,12408,5,0,26 27 28,1,100,,12413,5,0,26 27 28,1,100,,12409,5,0,26 27 28,1,100,,12404,5,0,26 27 28,1,100,,12401,5,0,26 27 28,1,100,,12410,5,0,26 27 28,1,100,,12398,5,0,26 27 28,1,100,,12399,5,0,26 27 28,1,100,,12407,5,0,26 27 28,1,100,,12405,5,0,26 27 28,1,100,,12406,5,0,26 27 28,1,100,,12403,5,0,26 27 28,1,100,,12411,5,0,26 27 28,1
2500,'8',703,,12417,5,0,26 27 28,1,100,,12424,5,0,26 27 28,1,100,,12414,5,0,26 27 28,1,100,,12423,5,0,26 27 28,1,100,,12422,5,0,26 27 28,1,100,,12426,5,0,26 27 28,1,100,,12420,5,0,26 27 28,1,100,,12416,5,0,26 27 28,1,100,,12428,5,0,26 27 28,1,100,,12419,5,0,26 27 28,1,100,,12421,5,0,26 27 28,1,100,,12425,5,0,26 27 28,1,100,,12415,5,0,26 27 28,1,100,,12427,5,0,26 27 28,1,100,,12429,5,0,26 27 28,1,100,,12418,5,0,26 27 28,1
2500,'9',703,,12438,5,0,26 27 28,1,100,,12433,5,0,26 27 28,1,100,,12432,5,0,26 27 28,1,100,,12440,5,0,26 27 28,1,100,,12445,5,0,26 27 28,1,100,,12430,5,0,26 27 28,1,100,,12431,5,0,26 27 28,1,100,,12441,5,0,26 27 28,1,100,,12434,5,0,26 27 28,1,100,,12442,5,0,26 27 28,1,100,,12439,5,0,26 27 28,1,100,,12437,5,0,26 27 28,1,100,,12436,5,0,26 27 28,1,100,,12435,5,0,26 27 28,1,100,,12443,5,0,26 27 28,1,100,,12444,5,0,26 27 28,1
