4001,'1',705,,12731,1,0,20 21 29 24,1,100,,12717,1,0,20 21 29 24,1,100,,12728,1,0,20 21 29 24,1,100,,12720,1,0,20 21 29 24,1,100,,12723,1,0,20 21 29 24,1,100,,12729,1,0,20 21 29 24,1,100,,12721,1,0,20 21 29 24,1,100,,12722,1,0,20 21 29 24,1,100,,12724,1,0,20 21 29 24,1,100,,12725,1,0,20 21 29 24,1,100,,12727,1,0,20 21 29 24,1,100,,12718,1,0,20 21 29 24,1,100,,12730,1,0,20 21 29 24,1,100,,12726,1,0,20 21 29 24,1,100,,12732,1,0,20 21 29 24,1,100,,12719,1,0,20 21 29 24,1
4001,'10',1005,,12735,1,0,20 21 29 24,1,100,,12739,1,0,20 21 29 24,1,100,,12734,1,0,20 21 29 24,1,100,,12740,1,0,20 21 29 24,1,100,,12736,1,0,20 21 29 24,1,100,,12738,1,0,20 21 29 24,1,100,,12733,1,0,20 21 29 24,1,100,,12737,1,0,20 21 29 24,1
4001,'11',1005,,12747,1,0,20 21 29 24,1,100,,12744,1,0,20 21 29 24,1,100,,12748,1,0,20 21 29 24,1,100,,12746,1,0,20 21 29 24,1,100,,12743,1,0,20 21 29 24,1,100,,12745,1,0,20 21 29 24,1,100,,12741,1,0,20 21 29 24,1,100,,12742,1,0,20 21 29 24,1
4001,'2',705,,12803,1,0,18 9 8 17,1,20,,12786,1,0,18 9 8 17,1,20,,12788,1,0,18 9 8 17,1,60,,12820,1,0,18 9 8 17,1,20,,12795,1,0,18 9 8 17,1,20,,12833,1,0,18 9 8 17,1,60,,12790,1,0,18 9 8 17,1,20,,12834,1,0,18 9 8 17,1,20,,12760,1,0,18 9 8 17,1,60,,12819,1,0,18 9 8 17,1,20,,12774,1,0,18 9 8 17,1,20,,12857,1,0,18 9 8 17,1,60,,12768,1,0,18 9 8 17,1,20,,12827,1,0,18 9 8 17,1,20,,12778,1,0,18 9 8 17,1,60,,12772,1,0,18 9 8 17,1,20,,12794,1,0,18 9 8 17,1,20,,12793,1,0,18 9 8 17,1,60,,12835,1,0,18 9 8 17,1,20,,12838,1,0,18 9 8 17,1,20,,12824,1,0,18 9 8 17,1,60,,12801,1,0,18 9 8 17,1,20,,11710,1,0,18 9 8 17,1,20,,12752,1,0,18 9 8 17,1,60,,12799,1,0,18 9 8 17,1,20,,12855,1,0,18 9 8 17,1,20,,12850,1,0,18 9 8 17,1,60,,12849,1,0,18 9 8 17,1,20,,12764,1,0,18 9 8 17,1,20,,12770,1,0,18 9 8 17,1,60,,12782,1,0,18 9 8 17,1,20,,12791,1,0,18 9 8 17,1,20,,12853,1,0,18 9 8 17,1,60,,12805,1,0,18 9 8 17,1,20,,12802,1,0,18 9 8 17,1,20,,12828,1,0,18 9 8 17,1,60,,12831,1,0,18 9 8 17,1,20,,12781,1,0,18 9 8 17,1,20,,12848,1,0,18 9 8 17,1,60,,12816,1,0,18 9 8 17,1,20,,12847,1,0,18 9 8 17,1,20,,12754,1,0,18 9 8 17,1,60,,12762,1,0,18 9 8 17,1,20,,12765,1,0,18 9 8 17,1,20,,12759,1,0,18 9 8 17,1,60,,12818,1,0,18 9 8 17,1,20,,12761,1,0,18 9 8 17,1
4001,'3',705,,12900,1,0,18 9 8 17,1,20,,12917,1,0,18 9 8 17,1,20,,12944,1,0,18 9 8 17,1,60,,12919,1,0,18 9 8 17,1,20,,12938,1,0,18 9 8 17,1,20,,12902,1,0,18 9 8 17,1,60,,12945,1,0,18 9 8 17,1,20,,12958,1,0,18 9 8 17,1,20,,12905,1,0,18 9 8 17,1,60,,12883,1,0,18 9 8 17,1,20,,12942,1,0,18 9 8 17,1,20,,12869,1,0,18 9 8 17,1,60,,12891,1,0,18 9 8 17,1,20,,12936,1,0,18 9 8 17,1,20,,12908,1,0,18 9 8 17,1,60,,12893,1,0,18 9 8 17,1,20,,12929,1,0,18 9 8 17,1,20,,12923,1,0,18 9 8 17,1,60,,12871,1,0,18 9 8 17,1,20,,12868,1,0,18 9 8 17,1,20,,12953,1,0,18 9 8 17,1,60,,12961,1,0,18 9 8 17,1,20,,12935,1,0,18 9 8 17,1,20,,12862,1,0,18 9 8 17,1,60,,12898,1,0,18 9 8 17,1,20,,12885,1,0,18 9 8 17,1,20,,12901,1,0,18 9 8 17,1,60,,12921,1,0,18 9 8 17,1,20,,12881,1,0,18 9 8 17,1,20,,12913,1,0,18 9 8 17,1,60,,12882,1,0,18 9 8 17,1,20,,12962,1,0,18 9 8 17,1,20,,12910,1,0,18 9 8 17,1,60,,12866,1,0,18 9 8 17,1,20,,12879,1,0,18 9 8 17,1,20,,12956,1,0,18 9 8 17,1,60,,12951,1,0,18 9 8 17,1,20,,12889,1,0,18 9 8 17,1,20,,12964,1,0,18 9 8 17,1,60,,12928,1,0,18 9 8 17,1,20,,12906,1,0,18 9 8 17,1,20,,12875,1,0,18 9 8 17,1,60,,12959,1,0,18 9 8 17,1,20,,12914,1,0,18 9 8 17,1,20,,12943,1,0,18 9 8 17,1,60,,12965,1,0,18 9 8 17,1,20,,12858,1,0,18 9 8 17,1
4001,'4',705,,12988,1,0,18 9 8 17,1,20,,13027,1,0,18 9 8 17,1,20,,12989,1,0,18 9 8 17,1,60,,13014,1,0,18 9 8 17,1,20,,12972,1,0,18 9 8 17,1,20,,13057,1,0,18 9 8 17,1,60,,13022,1,0,18 9 8 17,1,20,,13059,1,0,18 9 8 17,1,20,,13006,1,0,18 9 8 17,1,60,,13003,1,0,18 9 8 17,1,20,,12970,1,0,18 9 8 17,1,20,,13023,1,0,18 9 8 17,1,60,,12974,1,0,18 9 8 17,1,20,,13008,1,0,18 9 8 17,1,20,,12998,1,0,18 9 8 17,1,60,,13041,1,0,18 9 8 17,1,20,,13033,1,0,18 9 8 17,1,20,,13030,1,0,18 9 8 17,1,60,,13040,1,0,18 9 8 17,1,20,,13035,1,0,18 9 8 17,1,20,,13052,1,0,18 9 8 17,1,60,,12983,1,0,18 9 8 17,1,20,,10870,1,0,18 9 8 17,1,20,,13047,1,0,18 9 8 17,1,60,,13060,1,0,18 9 8 17,1,20,,13021,1,0,18 9 8 17,1,20,,12975,1,0,18 9 8 17,1,60,,13018,1,0,18 9 8 17,1,20,,12968,1,0,18 9 8 17,1,20,,13028,1,0,18 9 8 17,1,60,,13067,1,0,18 9 8 17,1,20,,12980,1,0,18 9 8 17,1,20,,12981,1,0,18 9 8 17,1,60,,13020,1,0,18 9 8 17,1,20,,12985,1,0,18 9 8 17,1,20,,13010,1,0,18 9 8 17,1,60,,13058,1,0,18 9 8 17,1,20,,13053,1,0,18 9 8 17,1,20,,13048,1,0,18 9 8 17,1,60,,12971,1,0,18 9 8 17,1,20,,13009,1,0,18 9 8 17,1,20,,13012,1,0,18 9 8 17,1,60,,12976,1,0,18 9 8 17,1,20,,12997,1,0,18 9 8 17,1,20,,13051,1,0,18 9 8 17,1,60,,12973,1,0,18 9 8 17,1,20,,13025,1,0,18 9 8 17,1
4001,'5',705,,13085,1,0,20 21 29 24,1,100,,13079,1,0,20 21 29 24,1,100,,13086,1,0,20 21 29 24,1,100,,13084,1,0,20 21 29 24,1,100,,13091,1,0,20 21 29 24,1,100,,13077,1,0,20 21 29 24,1,100,,13082,1,0,20 21 29 24,1,100,,13080,1,0,20 21 29 24,1,100,,13088,1,0,20 21 29 24,1,100,,13087,1,0,20 21 29 24,1,100,,13090,1,0,20 21 29 24,1,100,,13089,1,0,20 21 29 24,1,100,,13081,1,0,20 21 29 24,1,100,,13078,1,0,20 21 29 24,1,100,,13083,1,0,20 21 29 24,1,100,,13092,1,0,20 21 29 24,1
4001,'6',1005,,13097,1,0,20 21 29 24,1,100,,13098,1,0,20 21 29 24,1,100,,13096,1,0,20 21 29 24,1,100,,13099,1,0,20 21 29 24,1,100,,13093,1,0,20 21 29 24,1,100,,13095,1,0,20 21 29 24,1,100,,13100,1,0,20 21 29 24,1,100,,13094,1,0,20 21 29 24,1
4001,'7',705,,13183,1,0,18 9 8 17,1,20,,13187,1,0,18 9 8 17,1,20,,13153,1,0,18 9 8 17,1,60,,13198,1,0,18 9 8 17,1,20,,13133,1,0,18 9 8 17,1,20,,13189,1,0,18 9 8 17,1,60,,13101,1,0,18 9 8 17,1,20,,13107,1,0,18 9 8 17,1,20,,13167,1,0,18 9 8 17,1,60,,13149,1,0,18 9 8 17,1,20,,13134,1,0,18 9 8 17,1,20,,13139,1,0,18 9 8 17,1,60,,13136,1,0,18 9 8 17,1,20,,13192,1,0,18 9 8 17,1,20,,13155,1,0,18 9 8 17,1,60,,13135,1,0,18 9 8 17,1,20,,13184,1,0,18 9 8 17,1,20,,13115,1,0,18 9 8 17,1,60,,13117,1,0,18 9 8 17,1,20,,13116,1,0,18 9 8 17,1,20,,13122,1,0,18 9 8 17,1,60,,13170,1,0,18 9 8 17,1,20,,13175,1,0,18 9 8 17,1,20,,13199,1,0,18 9 8 17,1,60,,13203,1,0,18 9 8 17,1,20,,13169,1,0,18 9 8 17,1,20,,13130,1,0,18 9 8 17,1,60,,13140,1,0,18 9 8 17,1,20,,13207,1,0,18 9 8 17,1,20,,13196,1,0,18 9 8 17,1,60,,13180,1,0,18 9 8 17,1,20,,13166,1,0,18 9 8 17,1,20,,13159,1,0,18 9 8 17,1,60,,13127,1,0,18 9 8 17,1,20,,13202,1,0,18 9 8 17,1,20,,13179,1,0,18 9 8 17,1,60,,13123,1,0,18 9 8 17,1,20,,13209,1,0,18 9 8 17,1,20,,13103,1,0,18 9 8 17,1,60,,13206,1,0,18 9 8 17,1,20,,13210,1,0,18 9 8 17,1,20,,13168,1,0,18 9 8 17,1,60,,13137,1,0,18 9 8 17,1,20,,13147,1,0,18 9 8 17,1,20,,13110,1,0,18 9 8 17,1,60,,13112,1,0,18 9 8 17,1,20,,13191,1,0,18 9 8 17,1
4001,'8',705,,13247,1,0,18 9 8 17,1,20,,13284,1,0,18 9 8 17,1,20,,13235,1,0,18 9 8 17,1,60,,13227,1,0,18 9 8 17,1,20,,13219,1,0,18 9 8 17,1,20,,13302,1,0,18 9 8 17,1,60,,13260,1,0,18 9 8 17,1,20,,13258,1,0,18 9 8 17,1,20,,13216,1,0,18 9 8 17,1,60,,13230,1,0,18 9 8 17,1,20,,13320,1,0,18 9 8 17,1,20,,13263,1,0,18 9 8 17,1,60,,13277,1,0,18 9 8 17,1,20,,13213,1,0,18 9 8 17,1,20,,13234,1,0,18 9 8 17,1,60,,13311,1,0,18 9 8 17,1,20,,13251,1,0,18 9 8 17,1,20,,13224,1,0,18 9 8 17,1,60,,13307,1,0,18 9 8 17,1,20,,13267,1,0,18 9 8 17,1,20,,13226,1,0,18 9 8 17,1,60,,13295,1,0,18 9 8 17,1,20,,13303,1,0,18 9 8 17,1,20,,13264,1,0,18 9 8 17,1,60,,13280,1,0,18 9 8 17,1,20,,13261,1,0,18 9 8 17,1,20,,13274,1,0,18 9 8 17,1,60,,13304,1,0,18 9 8 17,1,20,,13236,1,0,18 9 8 17,1,20,,13225,1,0,18 9 8 17,1,60,,13276,1,0,18 9 8 17,1,20,,13270,1,0,18 9 8 17,1,20,,13212,1,0,18 9 8 17,1,60,,13312,1,0,18 9 8 17,1,20,,13245,1,0,18 9 8 17,1,20,,13248,1,0,18 9 8 17,1,60,,13217,1,0,18 9 8 17,1,20,,13313,1,0,18 9 8 17,1,20,,13290,1,0,18 9 8 17,1,60,,13318,1,0,18 9 8 17,1,20,,13254,1,0,18 9 8 17,1,20,,13232,1,0,18 9 8 17,1,60,,13266,1,0,18 9 8 17,1,20,,13240,1,0,18 9 8 17,1,20,,13278,1,0,18 9 8 17,1,60,,13281,1,0,18 9 8 17,1,20,,13228,1,0,18 9 8 17,1
4001,'9',705,,13346,1,0,18 9 8 17,1,20,,13419,1,0,18 9 8 17,1,20,,13329,1,0,18 9 8 17,1,60,,13424,1,0,18 9 8 17,1,20,,13328,1,0,18 9 8 17,1,20,,13344,1,0,18 9 8 17,1,60,,13327,1,0,18 9 8 17,1,20,,13370,1,0,18 9 8 17,1,20,,13408,1,0,18 9 8 17,1,60,,13397,1,0,18 9 8 17,1,20,,13420,1,0,18 9 8 17,1,20,,13357,1,0,18 9 8 17,1,60,,13345,1,0,18 9 8 17,1,20,,13379,1,0,18 9 8 17,1,20,,13416,1,0,18 9 8 17,1,60,,13321,1,0,18 9 8 17,1,20,,13362,1,0,18 9 8 17,1,20,,13360,1,0,18 9 8 17,1,60,,13365,1,0,18 9 8 17,1,20,,13418,1,0,18 9 8 17,1,20,,13387,1,0,18 9 8 17,1,60,,13380,1,0,18 9 8 17,1,20,,13366,1,0,18 9 8 17,1,20,,13353,1,0,18 9 8 17,1,60,,13358,1,0,18 9 8 17,1,20,,13322,1,0,18 9 8 17,1,20,,13382,1,0,18 9 8 17,1,60,,13338,1,0,18 9 8 17,1,20,,13430,1,0,18 9 8 17,1,20,,13377,1,0,18 9 8 17,1,60,,13393,1,0,18 9 8 17,1,20,,13392,1,0,18 9 8 17,1,20,,13407,1,0,18 9 8 17,1,60,,13352,1,0,18 9 8 17,1,20,,13359,1,0,18 9 8 17,1,20,,13423,1,0,18 9 8 17,1,60,,13403,1,0,18 9 8 17,1,20,,13421,1,0,18 9 8 17,1,20,,13371,1,0,18 9 8 17,1,60,,13425,1,0,18 9 8 17,1,20,,13426,1,0,18 9 8 17,1,20,,13323,1,0,18 9 8 17,1,60,,13376,1,0,18 9 8 17,1,20,,13396,1,0,18 9 8 17,1,20,,13355,1,0,18 9 8 17,1,60,,13363,1,0,18 9 8 17,1,20,,13401,1,0,18 9 8 17,1
4501,'1',748,,13443,7,4,,1,100,,13436,7,4,,1,100,,13440,7,4,,1,100,,13431,7,4,,1,100,,13434,7,4,,1,100,,13432,7,4,,1,100,,13442,7,4,,1,100,,13441,7,4,,1,100,,13438,7,4,,1,100,,13445,7,4,,1,100,,13435,7,4,,1,100,,13433,7,4,,1,100,,13437,7,4,,1,100,,13444,7,4,,1,100,,13446,7,4,,1,100,,13439,7,4,,1
4501,'10',1048,,13450,7,4,,1,100,,13452,7,4,,1,100,,13447,7,4,,1,100,,13449,7,4,,1,100,,13448,7,4,,1,100,,13451,7,4,,1,100,,13454,7,4,,1,100,,13453,7,4,,1
4501,'11',1048,,13455,7,4,,1,100,,13460,7,4,,1,100,,13456,7,4,,1,100,,13461,7,4,,1,100,,13462,7,4,,1,100,,13458,7,4,,1,100,,13459,7,4,,1,100,,13457,7,4,,1
4501,'2',741,,13465,2,4,,1,7,,13528,5,4,,1,53,,13476,2,4,,1,20,,13526,2,4,,1,20,,13485,2,4,,1,7,,13475,5,4,,1,53,,13565,2,4,,1,20,,13499,2,4,,1,20,,13540,2,4,,1,7,,13501,5,4,,1,53,,13495,2,4,,1,20,,13546,2,4,,1,20,,13543,2,4,,1,7,,13564,5,4,,1,53,,13524,2,4,,1,20,,13555,2,4,,1,20,,13559,2,4,,1,7,,13472,5,4,,1,53,,13470,2,4,,1,20,,13517,2,4,,1,20,,13520,2,4,,1,7,,13539,5,4,,1,53,,13521,2,4,,1,20,,13532,2,4,,1,20,,13556,2,4,,1,7,,13542,5,4,,1,53,,13497,2,4,,1,20,,13492,2,4,,1,20,,13557,2,4,,1,7,,13513,5,4,,1,53,,13489,2,4,,1,20,,13547,2,4,,1,20,,13474,2,4,,1,7,,13527,5,4,,1,53,,13515,2,4,,1,20,,13541,2,4,,1,18,,13550,7,4,,1,2,,13486,2,4,,1,60,,13533,2,4,,1,20,,13466,2,4,,1,18,,13552,7,4,,1,2,,13538,2,4,,1,60,,13570,2,4,,1,20,,13525,2,4,,1,18,,13568,7,4,,1,2,,13529,2,4,,1,60,,13467,2,4,,1,20,,13478,2,4,,1,20,,13506,2,4,,1,7,,13511,7,4,,1,53,,13480,2,4,,1,20,,13569,2,4,,1,20,,13562,2,4,,1,7,,13544,7,4,,1,53,,13510,2,4,,1,20,,13531,2,4,,1,20,,13535,2,4,,1,7,,13507,7,4,,1,53,,13483,2,4,,1,20,,13560,2,4,,1,20,,13496,2,4,,1,7,,13516,7,4,,1,53,,13512,2,4,,1
4501,'3',741,,13670,2,4,,1,7,,13628,5,4,,1,53,,13605,2,4,,1,20,,13624,2,4,,1,20,,13606,2,4,,1,7,,13580,5,4,,1,53,,13676,2,4,,1,20,,13616,2,4,,1,20,,13620,2,4,,1,7,,13584,5,4,,1,53,,13590,2,4,,1,20,,13625,2,4,,1,20,,13671,2,4,,1,7,,13647,5,4,,1,53,,13612,2,4,,1,20,,13675,2,4,,1,20,,13666,2,4,,1,7,,13597,5,4,,1,53,,13576,2,4,,1,20,,13622,2,4,,1,20,,13681,2,4,,1,7,,13632,5,4,,1,53,,13663,2,4,,1,20,,13633,2,4,,1,20,,13636,2,4,,1,7,,13629,5,4,,1,53,,13579,2,4,,1,20,,13587,2,4,,1,20,,13638,2,4,,1,7,,13586,5,4,,1,53,,13649,2,4,,1,20,,13618,2,4,,1,20,,13637,2,4,,1,7,,13640,5,4,,1,53,,13631,2,4,,1,20,,13577,2,4,,1,18,,13672,7,4,,1,2,,13604,2,4,,1,60,,13635,2,4,,1,20,,13588,2,4,,1,18,,13582,7,4,,1,2,,13627,2,4,,1,60,,13585,2,4,,1,20,,13651,2,4,,1,18,,13592,7,4,,1,2,,13657,2,4,,1,60,,13630,2,4,,1,20,,13621,2,4,,1,20,,13664,2,4,,1,7,,13593,7,4,,1,53,,13608,2,4,,1,20,,13642,2,4,,1,20,,13599,2,4,,1,7,,13583,7,4,,1,53,,13641,2,4,,1,20,,13655,2,4,,1,20,,13581,2,4,,1,7,,13667,7,4,,1,53,,13669,2,4,,1,20,,13626,2,4,,1,20,,13589,2,4,,1,7,,13660,7,4,,1,53,,13678,2,4,,1
4501,'4',741,,13780,2,4,,1,7,,13696,5,4,,1,53,,13708,2,4,,1,20,,13707,2,4,,1,20,,13686,2,4,,1,7,,13770,5,4,,1,53,,13701,2,4,,1,20,,13743,2,4,,1,20,,13706,2,4,,1,7,,13760,5,4,,1,53,,13734,2,4,,1,20,,13752,2,4,,1,20,,13721,2,4,,1,7,,13726,5,4,,1,53,,13684,2,4,,1,20,,13728,2,4,,1,20,,13740,2,4,,1,7,,13702,5,4,,1,53,,13777,2,4,,1,20,,13717,2,4,,1,20,,13698,2,4,,1,7,,13720,5,4,,1,53,,13783,2,4,,1,20,,13755,2,4,,1,20,,13704,2,4,,1,7,,13769,5,4,,1,53,,13691,2,4,,1,20,,13761,2,4,,1,20,,13764,2,4,,1,7,,13723,5,4,,1,53,,13774,2,4,,1,20,,13756,2,4,,1,20,,13709,2,4,,1,7,,13722,5,4,,1,53,,13746,2,4,,1,20,,13736,2,4,,1,18,,13754,7,4,,1,2,,13737,2,4,,1,60,,13693,2,4,,1,20,,13763,2,4,,1,18,,13731,7,4,,1,2,,13690,2,4,,1,60,,13733,2,4,,1,20,,13757,2,4,,1,18,,13694,7,4,,1,2,,13713,2,4,,1,60,,13710,2,4,,1,20,,13781,2,4,,1,20,,13712,2,4,,1,7,,13699,7,4,,1,53,,13705,2,4,,1,20,,13689,2,4,,1,20,,13711,2,4,,1,7,,13782,7,4,,1,53,,13786,2,4,,1,20,,13790,2,4,,1,20,,13729,2,4,,1,7,,13785,7,4,,1,53,,13738,2,4,,1,20,,13724,2,4,,1,20,,13762,2,4,,1,7,,13751,7,4,,1,53,,13759,2,4,,1
4501,'5',748,,13798,7,4,,1,100,,13802,7,4,,1,100,,13794,7,4,,1,100,,13806,7,4,,1,100,,13796,7,4,,1,100,,13807,7,4,,1,100,,13805,7,4,,1,100,,13799,7,4,,1,100,,13801,7,4,,1,100,,13795,7,4,,1,100,,13797,7,4,,1,100,,13792,7,4,,1,100,,13800,7,4,,1,100,,13793,7,4,,1,100,,13804,7,4,,1,100,,13803,7,4,,1
4501,'6',1048,,13809,7,4,,1,100,,13813,7,4,,1,100,,13814,7,4,,1,100,,13812,7,4,,1,100,,13808,7,4,,1,100,,13811,7,4,,1,100,,13815,7,4,,1,100,,13810,7,4,,1
4501,'7',741,,13860,2,4,,1,7,,13881,5,4,,1,53,,13844,2,4,,1,20,,13854,2,4,,1,20,,13907,2,4,,1,7,,13846,5,4,,1,53,,13911,2,4,,1,20,,13858,2,4,,1,20,,13879,2,4,,1,7,,13853,5,4,,1,53,,13916,2,4,,1,20,,13895,2,4,,1,20,,13867,2,4,,1,7,,13821,5,4,,1,53,,13903,2,4,,1,20,,13819,2,4,,1,20,,13855,2,4,,1,7,,13839,5,4,,1,53,,13918,2,4,,1,20,,13859,2,4,,1,20,,13925,2,4,,1,7,,13887,5,4,,1,53,,13920,2,4,,1,20,,13909,2,4,,1,20,,13850,2,4,,1,7,,13861,5,4,,1,53,,13842,2,4,,1,20,,13873,2,4,,1,20,,13869,2,4,,1,7,,13899,5,4,,1,53,,13883,2,4,,1,20,,13836,2,4,,1,20,,13826,2,4,,1,7,,13837,5,4,,1,53,,13838,2,4,,1,20,,13878,2,4,,1,18,,13866,7,4,,1,2,,13896,2,4,,1,60,,13871,2,4,,1,20,,13829,2,4,,1,18,,13908,7,4,,1,2,,13852,2,4,,1,60,,13857,2,4,,1,20,,13886,2,4,,1,18,,13872,7,4,,1,2,,13917,2,4,,1,60,,13915,2,4,,1,20,,13863,2,4,,1,20,,13828,2,4,,1,7,,13816,7,4,,1,53,,13900,2,4,,1,20,,13923,2,4,,1,20,,13856,2,4,,1,7,,13870,7,4,,1,53,,13831,2,4,,1,20,,13868,2,4,,1,20,,13894,2,4,,1,7,,13884,7,4,,1,53,,13891,2,4,,1,20,,13924,2,4,,1,20,,13889,2,4,,1,7,,13874,7,4,,1,53,,13876,2,4,,1
4501,'8',741,,13938,2,4,,1,7,,13989,5,4,,1,53,,13932,2,4,,1,20,,13956,2,4,,1,20,,14028,2,4,,1,7,,13976,5,4,,1,53,,14008,2,4,,1,20,,13931,2,4,,1,20,,14013,2,4,,1,7,,13942,5,4,,1,53,,14025,2,4,,1,20,,13991,2,4,,1,20,,13967,2,4,,1,7,,14016,5,4,,1,53,,13929,2,4,,1,20,,14006,2,4,,1,20,,14000,2,4,,1,7,,13963,5,4,,1,53,,13977,2,4,,1,20,,13973,2,4,,1,20,,13966,2,4,,1,7,,13939,5,4,,1,53,,13930,2,4,,1,20,,13972,2,4,,1,20,,13933,2,4,,1,7,,14009,5,4,,1,53,,13950,2,4,,1,20,,13986,2,4,,1,20,,13971,2,4,,1,7,,13980,5,4,,1,53,,14002,2,4,,1,20,,13928,2,4,,1,20,,14030,2,4,,1,7,,13953,5,4,,1,53,,13981,2,4,,1,20,,13944,2,4,,1,18,,13948,7,4,,1,2,,14022,2,4,,1,60,,14017,2,4,,1,20,,13985,2,4,,1,18,,14023,7,4,,1,2,,13978,2,4,,1,60,,14027,2,4,,1,20,,14014,2,4,,1,18,,13958,7,4,,1,2,,14015,2,4,,1,60,,14003,2,4,,1,20,,14007,2,4,,1,20,,13962,2,4,,1,7,,13983,7,4,,1,53,,13970,2,4,,1,20,,13936,2,4,,1,20,,14024,2,4,,1,7,,13996,7,4,,1,53,,14035,2,4,,1,20,,13943,2,4,,1,20,,13992,2,4,,1,7,,13960,7,4,,1,53,,13979,2,4,,1,20,,13947,2,4,,1,20,,13941,2,4,,1,7,,13951,7,4,,1,53,,13946,2,4,,1
4501,'9',741,,14047,2,4,,1,7,,14051,5,4,,1,53,,14134,2,4,,1,20,,14137,2,4,,1,20,,14096,2,4,,1,7,,14136,5,4,,1,53,,14036,2,4,,1,20,,14040,2,4,,1,20,,14041,2,4,,1,7,,14140,5,4,,1,53,,14111,2,4,,1,20,,14124,2,4,,1,20,,14076,2,4,,1,7,,14145,5,4,,1,53,,14075,2,4,,1,20,,14092,2,4,,1,20,,14120,2,4,,1,7,,14042,5,4,,1,53,,14113,2,4,,1,20,,14061,2,4,,1,20,,14142,2,4,,1,7,,14103,5,4,,1,53,,14074,2,4,,1,20,,14088,2,4,,1,20,,14081,2,4,,1,7,,14067,5,4,,1,53,,14046,2,4,,1,20,,14114,2,4,,1,20,,14058,2,4,,1,7,,14138,5,4,,1,53,,14078,2,4,,1,20,,14123,2,4,,1,20,,14086,2,4,,1,7,,14069,5,4,,1,53,,14060,2,4,,1,20,,14112,2,4,,1,18,,14082,7,4,,1,2,,14130,2,4,,1,60,,14038,2,4,,1,20,,14066,2,4,,1,18,,14100,7,4,,1,2,,14083,2,4,,1,60,,14063,2,4,,1,20,,14044,2,4,,1,18,,14141,7,4,,1,2,,14132,2,4,,1,60,,14095,2,4,,1,20,,14054,2,4,,1,20,,14109,2,4,,1,7,,14126,7,4,,1,53,,14079,2,4,,1,20,,14115,2,4,,1,20,,14072,2,4,,1,7,,14084,7,4,,1,53,,14139,2,4,,1,20,,14077,2,4,,1,20,,14050,2,4,,1,7,,14128,7,4,,1,53,,14052,2,4,,1,20,,14105,2,4,,1,20,,14133,2,4,,1,7,,14108,7,4,,1,53,,14129,2,4,,1
5001,'1',705,,14153,1,0,20 21 23 24,1,100,,14157,1,0,20 21 23 24,1,100,,14156,1,0,20 21 23 24,1,100,,14148,1,0,20 21 23 24,1,100,,14152,1,0,20 21 23 24,1,100,,14150,1,0,20 21 23 24,1,100,,14158,1,0,20 21 23 24,1,100,,14146,1,0,20 21 23 24,1,100,,14159,1,0,20 21 23 24,1,100,,14160,1,0,20 21 23 24,1,100,,14149,1,0,20 21 23 24,1,100,,14151,1,0,20 21 23 24,1,100,,14147,1,0,20 21 23 24,1,100,,11661,1,0,20 21 23 24,1,100,,14154,1,0,20 21 23 24,1,100,,14155,1,0,20 21 23 24,1
5001,'10',1005,,14167,1,0,20 21 23 24,1,100,,14168,1,0,20 21 23 24,1,100,,14165,1,0,20 21 23 24,1,100,,14163,1,0,20 21 23 24,1,100,,14161,1,0,20 21 23 24,1,100,,14162,1,0,20 21 23 24,1,100,,14166,1,0,20 21 23 24,1,100,,14164,1,0,20 21 23 24,1
5001,'11',1005,,14170,1,0,20 21 23 24,1,100,,14175,1,0,20 21 23 24,1,100,,14173,1,0,20 21 23 24,1,100,,14176,1,0,20 21 23 24,1,100,,14169,1,0,20 21 23 24,1,100,,14172,1,0,20 21 23 24,1,100,,14174,1,0,20 21 23 24,1,100,,14171,1,0,20 21 23 24,1
5001,'2',705,,14191,1,0,11 2 23 24,1,100,,14181,1,0,11 2 23 24,1,100,,14177,1,0,11 2 23 24,1,100,,14188,1,0,11 2 23 24,1,100,,14178,1,0,11 2 23 24,1,100,,14184,1,0,11 2 23 24,1,100,,14192,1,0,11 2 23 24,1,100,,14186,1,0,11 2 23 24,1,100,,14189,1,0,11 2 23 24,1,100,,14187,1,0,11 2 23 24,1,100,,14190,1,0,20 21 23 24,1,100,,14179,1,0,20 21 23 24,1,100,,14185,1,0,20 21 23 24,1,100,,14183,1,0,20 21 23 24,1,100,,14182,1,0,20 21 23 24,1,100,,14180,1,0,20 21 23 24,1
5001,'3',705,,14204,1,0,11 2 23 24,1,100,,14196,1,0,11 2 23 24,1,100,,14208,1,0,11 2 23 24,1,100,,14205,1,0,11 2 23 24,1,100,,14200,1,0,11 2 23 24,1,100,,14201,1,0,11 2 23 24,1,100,,14206,1,0,11 2 23 24,1,100,,14197,1,0,11 2 23 24,1,100,,14194,1,0,11 2 23 24,1,100,,14202,1,0,11 2 23 24,1,100,,14198,1,0,20 21 23 24,1,100,,14193,1,0,20 21 23 24,1,100,,14203,1,0,20 21 23 24,1,100,,14199,1,0,20 21 23 24,1,100,,14195,1,0,20 21 23 24,1,100,,14207,1,0,20 21 23 24,1
5001,'4',705,,14212,1,0,11 2 23 24,1,100,,14223,1,0,11 2 23 24,1,100,,14219,1,0,11 2 23 24,1,100,,14217,1,0,11 2 23 24,1,100,,14222,1,0,11 2 23 24,1,100,,14221,1,0,11 2 23 24,1,100,,14209,1,0,11 2 23 24,1,100,,14224,1,0,11 2 23 24,1,100,,14210,1,0,11 2 23 24,1,100,,14211,1,0,11 2 23 24,1,100,,14213,1,0,20 21 23 24,1,100,,14218,1,0,20 21 23 24,1,100,,14220,1,0,20 21 23 24,1,100,,14214,1,0,20 21 23 24,1,100,,14216,1,0,20 21 23 24,1,100,,14215,1,0,20 21 23 24,1
5001,'5',705,,14237,1,0,20 21 23 24,1,100,,14233,1,0,20 21 23 24,1,100,,14229,1,0,20 21 23 24,1,100,,14225,1,0,20 21 23 24,1,100,,14230,1,0,20 21 23 24,1,100,,14239,1,0,20 21 23 24,1,100,,14231,1,0,20 21 23 24,1,100,,14235,1,0,20 21 23 24,1,100,,14232,1,0,20 21 23 24,1,100,,14240,1,0,20 21 23 24,1,100,,14228,1,0,20 21 23 24,1,100,,14227,1,0,20 21 23 24,1,100,,14226,1,0,20 21 23 24,1,100,,14238,1,0,20 21 23 24,1,100,,14234,1,0,20 21 23 24,1,100,,14236,1,0,20 21 23 24,1
5001,'6',1005,,14248,1,0,20 21 23 24,1,100,,14242,1,0,20 21 23 24,1,100,,14243,1,0,20 21 23 24,1,100,,14241,1,0,20 21 23 24,1,100,,14244,1,0,20 21 23 24,1,100,,14246,1,0,20 21 23 24,1,100,,14247,1,0,20 21 23 24,1,100,,14245,1,0,20 21 23 24,1
5001,'7',705,,14258,1,0,11 2 23 24,1,100,,14256,1,0,11 2 23 24,1,100,,14257,1,0,11 2 23 24,1,100,,14264,1,0,11 2 23 24,1,100,,14251,1,0,11 2 23 24,1,100,,14262,1,0,11 2 23 24,1,100,,14249,1,0,11 2 23 24,1,100,,14255,1,0,11 2 23 24,1,100,,14261,1,0,11 2 23 24,1,100,,14254,1,0,11 2 23 24,1,100,,14260,1,0,20 21 23 24,1,100,,14253,1,0,20 21 23 24,1,100,,14263,1,0,20 21 23 24,1,100,,14250,1,0,20 21 23 24,1,100,,14259,1,0,20 21 23 24,1,100,,14252,1,0,20 21 23 24,1
5001,'8',705,,14270,1,0,11 2 23 24,1,100,,14271,1,0,11 2 23 24,1,100,,14278,1,0,11 2 23 24,1,100,,14269,1,0,11 2 23 24,1,100,,14267,1,0,11 2 23 24,1,100,,14273,1,0,11 2 23 24,1,100,,14275,1,0,11 2 23 24,1,100,,14276,1,0,11 2 23 24,1,100,,14277,1,0,11 2 23 24,1,100,,14265,1,0,11 2 23 24,1,100,,14272,1,0,20 21 23 24,1,100,,14280,1,0,20 21 23 24,1,100,,14268,1,0,20 21 23 24,1,100,,14279,1,0,20 21 23 24,1,100,,14274,1,0,20 21 23 24,1,100,,14266,1,0,20 21 23 24,1
5001,'9',705,,14282,1,0,11 2 23 24,1,100,,14289,1,0,11 2 23 24,1,100,,14286,1,0,11 2 23 24,1,100,,14281,1,0,11 2 23 24,1,100,,14294,1,0,11 2 23 24,1,100,,14287,1,0,11 2 23 24,1,100,,14296,1,0,11 2 23 24,1,100,,14283,1,0,11 2 23 24,1,100,,14288,1,0,11 2 23 24,1,100,,14284,1,0,11 2 23 24,1,100,,14291,1,0,20 21 23 24,1,100,,14293,1,0,20 21 23 24,1,100,,14290,1,0,20 21 23 24,1,100,,14295,1,0,20 21 23 24,1,100,,14292,1,0,20 21 23 24,1,100,,14285,1,0,20 21 23 24,1
5501,'1',744,,14310,12,4,,1,100,,14307,12,4,,1,100,,14303,12,4,,1,100,,14301,12,4,,1,100,,14299,12,4,,1,100,,14308,12,4,,1,100,,14298,12,4,,1,100,,14305,12,4,,1,100,,14311,12,4,,1,100,,14306,12,4,,1,100,,14312,12,4,,1,100,,14300,12,4,,1,100,,14309,12,4,,1,100,,14302,12,4,,1,100,,14297,12,4,,1,100,,14304,12,4,,1
5501,'10',1044,,14317,12,4,,1,100,,14316,12,4,,1,100,,14313,12,4,,1,100,,14319,12,4,,1,100,,14320,12,4,,1,100,,14315,12,4,,1,100,,14318,12,4,,1,100,,14314,12,4,,1
5501,'11',1044,,14327,12,4,,1,100,,14321,12,4,,1,100,,14323,12,4,,1,100,,14326,12,4,,1,100,,14325,12,4,,1,100,,14322,12,4,,1,100,,14324,12,4,,1,100,,14328,12,4,,1
5501,'2',741,,14332,11,4,,1,100,,14336,11,4,,1,100,,14342,11,4,,1,100,,14331,11,4,,1,100,,14339,11,4,,1,100,,14334,11,4,,1,100,,14338,11,4,,1,100,,14344,11,4,,1,100,,14329,11,4,,1,100,,14337,11,4,,1,103,,14335,12,4,,1,100,,14340,12,4,,1,100,,14343,12,4,,1,100,,14341,12,4,,1,100,,14333,12,4,,1,100,,14330,12,4,,1
5501,'3',741,,14347,11,4,,1,100,,14352,11,4,,1,100,,14345,11,4,,1,100,,14349,11,4,,1,100,,14356,11,4,,1,100,,14358,11,4,,1,100,,14346,11,4,,1,100,,14351,11,4,,1,100,,14350,11,4,,1,100,,14359,11,4,,1,103,,14355,12,4,,1,100,,14348,12,4,,1,100,,14354,12,4,,1,100,,14357,12,4,,1,100,,14353,12,4,,1,100,,14360,12,4,,1
5501,'4',741,,14372,11,4,,1,100,,14375,11,4,,1,100,,14367,11,4,,1,100,,14363,11,4,,1,100,,14371,11,4,,1,100,,14361,11,4,,1,100,,14369,11,4,,1,100,,14373,11,4,,1,100,,14365,11,4,,1,100,,14374,11,4,,1,103,,14364,12,4,,1,100,,14370,12,4,,1,100,,14366,12,4,,1,100,,14362,12,4,,1,100,,14376,12,4,,1,100,,14368,12,4,,1
5501,'5',744,,14391,12,4,,1,100,,14390,12,4,,1,100,,14389,12,4,,1,100,,14386,12,4,,1,100,,14382,12,4,,1,100,,14384,12,4,,1,100,,14381,12,4,,1,100,,14385,12,4,,1,100,,14380,12,4,,1,100,,14392,12,4,,1,100,,14377,12,4,,1,100,,14379,12,4,,1,100,,14388,12,4,,1,100,,14378,12,4,,1,100,,14383,12,4,,1,100,,14387,12,4,,1
5501,'6',1044,,14395,12,4,,1,100,,14398,12,4,,1,100,,14397,12,4,,1,100,,14394,12,4,,1,100,,14400,12,4,,1,100,,14399,12,4,,1,100,,14396,12,4,,1,100,,14393,12,4,,1
5501,'7',741,,14407,11,4,,1,100,,14416,11,4,,1,100,,14401,11,4,,1,100,,14410,11,4,,1,100,,14414,11,4,,1,100,,14403,11,4,,1,100,,14412,11,4,,1,100,,14408,11,4,,1,100,,14405,11,4,,1,100,,14415,11,4,,1,103,,14411,12,4,,1,100,,14413,12,4,,1,100,,14409,12,4,,1,100,,14402,12,4,,1,100,,14406,12,4,,1,100,,14404,12,4,,1
5501,'8',741,,14431,11,4,,1,100,,14425,11,4,,1,100,,14417,11,4,,1,100,,14427,11,4,,1,100,,14423,11,4,,1,100,,14419,11,4,,1,100,,14418,11,4,,1,100,,14428,11,4,,1,100,,14422,11,4,,1,100,,14429,11,4,,1,103,,14430,12,4,,1,100,,14426,12,4,,1,100,,14420,12,4,,1,100,,14421,12,4,,1,100,,14424,12,4,,1,100,,14432,12,4,,1
5501,'9',741,,14435,11,4,,1,100,,14439,11,4,,1,100,,14437,11,4,,1,100,,14442,11,4,,1,100,,14446,11,4,,1,100,,14447,11,4,,1,100,,14443,11,4,,1,100,,14440,11,4,,1,100,,14444,11,4,,1,100,,14445,11,4,,1,103,,14434,12,4,,1,100,,14448,12,4,,1,100,,14433,12,4,,1,100,,14441,12,4,,1,100,,14438,12,4,,1,100,,14436,12,4,,1
6001,'1',700,,14454,1,0,20 21 7,1,100,,14449,1,0,20 21 7,1,100,,14451,1,0,20 21 7,1,100,,14455,1,0,20 21 7,1,100,,14453,1,0,20 21 7,1,100,,14464,1,0,20 21 7,1,100,,14461,1,0,20 21 7,1,100,,14463,1,0,20 21 7,1,100,,14460,1,0,20 21 7,1,100,,14450,1,0,20 21 7,1,100,,14459,1,0,20 21 7,1,100,,14458,1,0,20 21 7,1,100,,14457,1,0,20 21 7,1,100,,14462,1,0,20 21 7,1,100,,14456,1,0,20 21 7,1,100,,14452,1,0,20 21 7,1
6001,'10',1000,,14466,1,0,20 21 7,1,100,,14472,1,0,20 21 7,1,100,,14465,1,0,20 21 7,1,100,,14469,1,0,20 21 7,1,100,,14471,1,0,20 21 7,1,100,,14470,1,0,20 21 7,1,100,,14468,1,0,20 21 7,1,100,,14467,1,0,20 21 7,1
6001,'11',1000,,14474,1,0,20 21 7,1,100,,14475,1,0,20 21 7,1,100,,14480,1,0,20 21 7,1,100,,14478,1,0,20 21 7,1,100,,14477,1,0,20 21 7,1,100,,14479,1,0,20 21 7,1,100,,14473,1,0,20 21 7,1,100,,14476,1,0,20 21 7,1
6001,'2',700,,14530,1,0,11 2 7,1,17,,14519,1,0,18 2 7 8 17,1,13,,14492,1,0,11 2 7,1,15,,14527,1,0,18 2 7 8 17,1,55,,14493,1,0,11 2 7,1,17,,14526,1,0,18 2 7 8 17,1,13,,14505,1,0,11 2 7,1,15,,14531,1,0,18 2 7 8 17,1,55,,14494,1,0,11 2 7,1,30,,14509,1,0,11 2 7,1,15,,14514,1,0,18 2 7 8 17,1,55,,14502,1,0,11 2 7,1,30,,14485,1,0,11 2 7,1,70,,14515,1,0,11 2 7,1,30,,14507,1,0,11 2 7,1,70,,14508,1,0,11 2 7,1,30,,14513,1,0,11 2 7,1,70,,14522,1,0,11 2 7,1,30,,14523,1,0,11 2 7,1,70,,14516,1,0,11 2 7,1,30,,14520,1,0,11 2 7,1,70,,14487,1,0,11 2 7,1,30,,14528,1,0,11 2 7,1,17,,14482,1,0,18 2 7 8 17,1,53,,14491,1,0,11 2 7,1,17,,14486,1,0,18 2 7 8 17,1,13,,14496,1,0,11 2 7,1,17,,14532,1,0,18 2 7 8 17,1,53,,14484,1,0,20 21 7,1,17,,14512,1,0,18 2 7 8 17,1,13,,9425,1,0,20 21 7,1,17,,14510,1,0,18 2 7 8 17,1,53,,14490,1,0,20 21 7,1,30,,14483,1,0,20 21 7,1,70,,14503,1,0,20 21 7,1,30,,14497,1,0,20 21 7,1,70,,14518,1,0,20 21 7,1,30,,14525,1,0,20 21 7,1,70,,14511,1,0,20 21 7,1,30,,14517,1,0,20 21 7,1,70,,14489,1,0,20 21 7,1,30,,14504,1,0,20 21 7,1
6001,'3',700,,14535,1,0,11 2 7,1,17,,14550,1,0,18 2 7 8 17,1,13,,14548,1,0,11 2 7,1,15,,14569,1,0,18 2 7 8 17,1,55,,14547,1,0,11 2 7,1,17,,14577,1,0,18 2 7 8 17,1,13,,14565,1,0,11 2 7,1,15,,14574,1,0,18 2 7 8 17,1,55,,14575,1,0,11 2 7,1,30,,14543,1,0,11 2 7,1,15,,14568,1,0,18 2 7 8 17,1,55,,14554,1,0,11 2 7,1,30,,14546,1,0,11 2 7,1,70,,14571,1,0,11 2 7,1,30,,14538,1,0,11 2 7,1,70,,14561,1,0,11 2 7,1,30,,14552,1,0,11 2 7,1,70,,14556,1,0,11 2 7,1,30,,14567,1,0,11 2 7,1,70,,14533,1,0,11 2 7,1,30,,14539,1,0,11 2 7,1,70,,14540,1,0,11 2 7,1,30,,14564,1,0,11 2 7,1,17,,14578,1,0,18 2 7 8 17,1,53,,14581,1,0,11 2 7,1,17,,14583,1,0,18 2 7 8 17,1,13,,14555,1,0,11 2 7,1,17,,14584,1,0,18 2 7 8 17,1,53,,14544,1,0,20 21 7,1,17,,14558,1,0,18 2 7 8 17,1,13,,14551,1,0,20 21 7,1,17,,14541,1,0,18 2 7 8 17,1,53,,14580,1,0,20 21 7,1,30,,14560,1,0,20 21 7,1,70,,14582,1,0,20 21 7,1,30,,14542,1,0,20 21 7,1,70,,14545,1,0,20 21 7,1,30,,14537,1,0,20 21 7,1,70,,14566,1,0,20 21 7,1,30,,14572,1,0,20 21 7,1,70,,14553,1,0,20 21 7,1,30,,14534,1,0,20 21 7,1
6001,'4',700,,14625,1,0,11 2 7,1,17,,14637,1,0,18 2 7 8 17,1,13,,14604,1,0,11 2 7,1,15,,14608,1,0,18 2 7 8 17,1,55,,14622,1,0,11 2 7,1,17,,14613,1,0,18 2 7 8 17,1,13,,14623,1,0,11 2 7,1,15,,14588,1,0,18 2 7 8 17,1,55,,14614,1,0,11 2 7,1,30,,14596,1,0,11 2 7,1,15,,14627,1,0,18 2 7 8 17,1,55,,14617,1,0,11 2 7,1,30,,14624,1,0,11 2 7,1,70,,14589,1,0,11 2 7,1,30,,14632,1,0,11 2 7,1,70,,14615,1,0,11 2 7,1,30,,11120,1,0,11 2 7,1,70,,14597,1,0,11 2 7,1,30,,14629,1,0,11 2 7,1,70,,14635,1,0,11 2 7,1,30,,14609,1,0,11 2 7,1,70,,14598,1,0,11 2 7,1,30,,14600,1,0,11 2 7,1,17,,14626,1,0,18 2 7 8 17,1,53,,14586,1,0,11 2 7,1,17,,14634,1,0,18 2 7 8 17,1,13,,14612,1,0,11 2 7,1,17,,14603,1,0,18 2 7 8 17,1,53,,14633,1,0,20 21 7,1,17,,14592,1,0,18 2 7 8 17,1,13,,14631,1,0,20 21 7,1,17,,14591,1,0,18 2 7 8 17,1,53,,14605,1,0,20 21 7,1,30,,14607,1,0,20 21 7,1,70,,14595,1,0,20 21 7,1,30,,14618,1,0,20 21 7,1,70,,14602,1,0,20 21 7,1,30,,14587,1,0,20 21 7,1,70,,14621,1,0,20 21 7,1,30,,14610,1,0,20 21 7,1,70,,14594,1,0,20 21 7,1,30,,14619,1,0,20 21 7,1
6001,'5',700,,14642,1,0,20 21 7,1,100,,14641,1,0,20 21 7,1,100,,14652,1,0,20 21 7,1,100,,14645,1,0,20 21 7,1,100,,14648,1,0,20 21 7,1,100,,14649,1,0,20 21 7,1,100,,14638,1,0,20 21 7,1,100,,14643,1,0,20 21 7,1,100,,14650,1,0,20 21 7,1,100,,14651,1,0,20 21 7,1,100,,14644,1,0,20 21 7,1,100,,14647,1,0,20 21 7,1,100,,14640,1,0,20 21 7,1,100,,14639,1,0,20 21 7,1,100,,14646,1,0,20 21 7,1,100,,14653,1,0,20 21 7,1
6001,'6',1000,,14659,1,0,20 21 7,1,100,,14655,1,0,20 21 7,1,100,,14660,1,0,20 21 7,1,100,,14654,1,0,20 21 7,1,100,,14656,1,0,20 21 7,1,100,,14657,1,0,20 21 7,1,100,,14658,1,0,20 21 7,1,100,,14661,1,0,20 21 7,1
6001,'7',700,,14684,1,0,11 2 7,1,17,,14688,1,0,18 2 7 8 17,1,13,,14663,1,0,11 2 7,1,15,,14672,1,0,18 2 7 8 17,1,55,,14702,1,0,11 2 7,1,17,,14665,1,0,18 2 7 8 17,1,13,,14700,1,0,11 2 7,1,15,,14691,1,0,18 2 7 8 17,1,55,,14710,1,0,11 2 7,1,30,,14682,1,0,11 2 7,1,15,,14662,1,0,18 2 7 8 17,1,55,,14706,1,0,11 2 7,1,30,,14667,1,0,11 2 7,1,70,,14692,1,0,11 2 7,1,30,,14675,1,0,11 2 7,1,70,,14712,1,0,11 2 7,1,30,,14686,1,0,11 2 7,1,70,,14696,1,0,11 2 7,1,30,,14694,1,0,11 2 7,1,70,,14678,1,0,11 2 7,1,30,,14689,1,0,11 2 7,1,70,,14673,1,0,11 2 7,1,30,,14713,1,0,11 2 7,1,17,,14695,1,0,18 2 7 8 17,1,53,,14671,1,0,11 2 7,1,17,,14714,1,0,18 2 7 8 17,1,13,,14670,1,0,11 2 7,1,17,,14703,1,0,18 2 7 8 17,1,53,,14701,1,0,20 21 7,1,17,,14677,1,0,18 2 7 8 17,1,13,,14680,1,0,20 21 7,1,17,,14707,1,0,18 2 7 8 17,1,53,,14704,1,0,20 21 7,1,30,,14699,1,0,20 21 7,1,70,,14697,1,0,20 21 7,1,30,,14709,1,0,20 21 7,1,70,,14711,1,0,20 21 7,1,30,,14676,1,0,20 21 7,1,70,,14690,1,0,20 21 7,1,30,,14708,1,0,20 21 7,1,70,,14664,1,0,20 21 7,1,30,,14685,1,0,20 21 7,1
6001,'8',700,,14740,1,0,11 2 7,1,17,,14716,1,0,18 2 7 8 17,1,13,,14763,1,0,11 2 7,1,15,,14754,1,0,18 2 7 8 17,1,55,,14739,1,0,11 2 7,1,17,,14719,1,0,18 2 7 8 17,1,13,,14760,1,0,11 2 7,1,15,,14732,1,0,18 2 7 8 17,1,55,,14748,1,0,11 2 7,1,30,,14764,1,0,11 2 7,1,15,,14742,1,0,18 2 7 8 17,1,55,,14721,1,0,11 2 7,1,30,,14744,1,0,11 2 7,1,70,,14741,1,0,11 2 7,1,30,,14734,1,0,11 2 7,1,70,,14729,1,0,11 2 7,1,30,,14757,1,0,11 2 7,1,70,,14727,1,0,11 2 7,1,30,,14730,1,0,11 2 7,1,70,,14737,1,0,11 2 7,1,30,,14761,1,0,11 2 7,1,70,,14749,1,0,11 2 7,1,30,,14743,1,0,11 2 7,1,17,,14747,1,0,18 2 7 8 17,1,53,,14756,1,0,11 2 7,1,17,,14753,1,0,18 2 7 8 17,1,13,,14731,1,0,11 2 7,1,17,,14715,1,0,18 2 7 8 17,1,53,,14751,1,0,20 21 7,1,17,,14765,1,0,18 2 7 8 17,1,13,,14752,1,0,20 21 7,1,17,,14759,1,0,18 2 7 8 17,1,53,,14717,1,0,20 21 7,1,30,,14762,1,0,20 21 7,1,70,,14755,1,0,20 21 7,1,30,,14723,1,0,20 21 7,1,70,,14736,1,0,20 21 7,1,30,,14745,1,0,20 21 7,1,70,,14724,1,0,20 21 7,1,30,,14750,1,0,20 21 7,1,70,,14733,1,0,20 21 7,1,30,,14718,1,0,20 21 7,1
6001,'9',700,,14820,1,0,11 2 7,1,17,,14819,1,0,18 2 7 8 17,1,13,,14805,1,0,11 2 7,1,15,,14800,1,0,18 2 7 8 17,1,55,,14797,1,0,11 2 7,1,17,,14811,1,0,18 2 7 8 17,1,13,,14781,1,0,11 2 7,1,15,,14801,1,0,18 2 7 8 17,1,55,,14804,1,0,11 2 7,1,30,,14783,1,0,11 2 7,1,15,,14769,1,0,18 2 7 8 17,1,55,,14814,1,0,11 2 7,1,30,,14807,1,0,11 2 7,1,70,,14802,1,0,11 2 7,1,30,,14786,1,0,11 2 7,1,70,,14784,1,0,11 2 7,1,30,,14808,1,0,11 2 7,1,70,,14809,1,0,11 2 7,1,30,,14815,1,0,11 2 7,1,70,,14775,1,0,11 2 7,1,30,,14771,1,0,11 2 7,1,70,,14770,1,0,11 2 7,1,30,,14768,1,0,11 2 7,1,17,,14793,1,0,18 2 7 8 17,1,53,,14817,1,0,11 2 7,1,17,,14785,1,0,18 2 7 8 17,1,13,,14803,1,0,11 2 7,1,17,,14812,1,0,18 2 7 8 17,1,53,,14813,1,0,20 21 7,1,17,,14779,1,0,18 2 7 8 17,1,13,,14774,1,0,20 21 7,1,17,,14773,1,0,18 2 7 8 17,1,53,,14818,1,0,20 21 7,1,30,,14776,1,0,20 21 7,1,70,,14787,1,0,20 21 7,1,30,,14810,1,0,20 21 7,1,70,,14799,1,0,20 21 7,1,30,,14789,1,0,20 21 7,1,70,,14790,1,0,20 21 7,1,30,,14794,1,0,20 21 7,1,70,,14816,1,0,20 21 7,1,30,,14777,1,0,20 21 7,1
6501,'1',744,,14827,9,4,,1,100,,14824,9,4,,1,100,,14831,9,4,,1,100,,14830,9,4,,1,100,,14832,9,4,,1,100,,14835,9,4,,1,100,,14828,9,4,,1,100,,14836,9,4,,1,100,,14822,9,4,,1,100,,14833,9,4,,1,100,,14826,9,4,,1,100,,14825,9,4,,1,100,,14821,9,4,,1,100,,14823,9,4,,1,100,,14829,9,4,,1,100,,14834,9,4,,1
6501,'10',1044,,14842,9,4,,1,100,,14843,9,4,,1,100,,14841,9,4,,1,100,,14837,9,4,,1,100,,14844,9,4,,1,100,,14840,9,4,,1,100,,14839,9,4,,1,100,,14838,9,4,,1
6501,'11',1044,,14848,9,4,,1,100,,14846,9,4,,1,100,,14847,9,4,,1,100,,14849,9,4,,1,100,,14845,9,4,,1,100,,14852,9,4,,1,100,,14850,9,4,,1,100,,14851,9,4,,1
6501,'2',744,,14881,8,4,,1,70,,14865,8,4,,1,2,,14904,2,4,,1,28,,14863,2,4,,1,70,,14873,8,4,,1,2,,14889,2,4,,1,28,,14879,2,4,,1,70,,14857,8,4,,1,30,,14906,8,4,,1,70,,14867,8,4,,1,30,,14907,8,4,,1,70,,14894,8,4,,1,30,,14870,8,4,,1,70,,14882,8,4,,1,30,,14869,8,4,,1,70,,14858,8,4,,1,30,,14891,8,4,,1,70,,14884,8,4,,1,30,,14905,8,4,,1,2,,14887,2,4,,1,68,,14877,8,4,,1,2,,14860,2,4,,1,28,,14874,8,4,,1,2,,14878,2,4,,1,68,,14868,8,4,,1,2,,14855,2,4,,1,28,,14853,9,4,,1,2,,14888,2,4,,1,68,,14903,9,4,,1,2,,14866,2,4,,1,28,,14896,9,4,,1,2,,14898,2,4,,1,68,,14861,9,4,,1,30,,14885,9,4,,1,70,,14883,9,4,,1,30,,14871,9,4,,1,70,,14859,9,4,,1,30,,14862,9,4,,1,70,,14890,9,4,,1,30,,14901,9,4,,1,70,,14900,9,4,,1
6501,'3',744,,14954,8,4,,1,70,,14950,8,4,,1,2,,14939,2,4,,1,28,,14958,2,4,,1,70,,14956,8,4,,1,2,,14930,2,4,,1,28,,14961,2,4,,1,70,,14952,8,4,,1,30,,14923,8,4,,1,70,,14926,8,4,,1,30,,14929,8,4,,1,70,,14931,8,4,,1,30,,14908,8,4,,1,70,,14941,8,4,,1,30,,14927,8,4,,1,70,,14921,8,4,,1,30,,14937,8,4,,1,70,,14943,8,4,,1,30,,14924,8,4,,1,2,,14947,2,4,,1,68,,14945,8,4,,1,2,,14933,2,4,,1,28,,14953,8,4,,1,2,,14936,2,4,,1,68,,14916,8,4,,1,2,,14910,2,4,,1,28,,14949,9,4,,1,2,,14951,2,4,,1,68,,14942,9,4,,1,2,,14909,2,4,,1,28,,14934,9,4,,1,2,,14955,2,4,,1,68,,14917,9,4,,1,30,,14938,9,4,,1,70,,14920,9,4,,1,30,,14911,9,4,,1,70,,14913,9,4,,1,30,,14928,9,4,,1,70,,14918,9,4,,1,30,,14914,9,4,,1,70,,14912,9,4,,1
6501,'4',744,,15016,8,4,,1,70,,14989,8,4,,1,2,,15005,2,4,,1,28,,14994,2,4,,1,70,,14974,8,4,,1,2,,15014,2,4,,1,28,,15000,2,4,,1,70,,14987,8,4,,1,30,,14963,8,4,,1,70,,15007,8,4,,1,30,,14990,8,4,,1,70,,15013,8,4,,1,30,,15003,8,4,,1,70,,15001,8,4,,1,30,,15015,8,4,,1,70,,14981,8,4,,1,30,,14966,8,4,,1,70,,14971,8,4,,1,30,,14970,8,4,,1,2,,14983,2,4,,1,68,,14975,8,4,,1,2,,14984,2,4,,1,28,,15017,8,4,,1,2,,14996,2,4,,1,68,,14977,8,4,,1,2,,15012,2,4,,1,28,,14999,9,4,,1,2,,14964,2,4,,1,68,,15010,9,4,,1,2,,14995,2,4,,1,28,,14979,9,4,,1,2,,15009,2,4,,1,68,,15004,9,4,,1,30,,14992,9,4,,1,70,,14997,9,4,,1,30,,14972,9,4,,1,70,,14998,9,4,,1,30,,14969,9,4,,1,70,,14967,9,4,,1,30,,14982,9,4,,1,70,,14991,9,4,,1
6501,'5',744,,15031,9,4,,1,100,,15020,9,4,,1,100,,15027,9,4,,1,100,,15033,9,4,,1,100,,15032,9,4,,1,100,,15024,9,4,,1,100,,15021,9,4,,1,100,,15022,9,4,,1,100,,15026,9,4,,1,100,,15023,9,4,,1,100,,15028,9,4,,1,100,,15018,9,4,,1,100,,15030,9,4,,1,100,,15025,9,4,,1,100,,15029,9,4,,1,100,,15019,9,4,,1
6501,'6',1044,,15034,9,4,,1,100,,15037,9,4,,1,100,,15039,9,4,,1,100,,15041,9,4,,1,100,,15038,9,4,,1,100,,15040,9,4,,1,100,,15035,9,4,,1,100,,15036,9,4,,1
6501,'7',744,,15094,8,4,,1,70,,15085,8,4,,1,2,,15048,2,4,,1,28,,15061,2,4,,1,70,,15063,8,4,,1,2,,15047,2,4,,1,28,,15082,2,4,,1,70,,15076,8,4,,1,30,,15078,8,4,,1,70,,15046,8,4,,1,30,,15087,8,4,,1,70,,15074,8,4,,1,30,,15083,8,4,,1,70,,15092,8,4,,1,30,,15067,8,4,,1,70,,15091,8,4,,1,30,,15057,8,4,,1,70,,15043,8,4,,1,30,,15044,8,4,,1,2,,15079,2,4,,1,68,,15090,8,4,,1,2,,15072,2,4,,1,28,,15075,8,4,,1,2,,15062,2,4,,1,68,,15052,8,4,,1,2,,15059,2,4,,1,28,,15055,9,4,,1,2,,15049,2,4,,1,68,,15088,9,4,,1,2,,15071,2,4,,1,28,,15080,9,4,,1,2,,15058,2,4,,1,68,,15068,9,4,,1,30,,15053,9,4,,1,70,,15060,9,4,,1,30,,15084,9,4,,1,70,,15093,9,4,,1,30,,15050,9,4,,1,70,,15073,9,4,,1,30,,15051,9,4,,1,70,,15070,9,4,,1
6501,'8',744,,15131,8,4,,1,70,,15100,8,4,,1,2,,15117,2,4,,1,28,,15125,2,4,,1,70,,15107,8,4,,1,2,,15149,2,4,,1,28,,15112,2,4,,1,70,,15124,8,4,,1,30,,15142,8,4,,1,70,,15140,8,4,,1,30,,15128,8,4,,1,70,,15122,8,4,,1,30,,15120,8,4,,1,70,,15139,8,4,,1,30,,15138,8,4,,1,70,,15147,8,4,,1,30,,15146,8,4,,1,70,,15144,8,4,,1,30,,15099,8,4,,1,2,,15135,2,4,,1,68,,15109,8,4,,1,2,,15114,2,4,,1,28,,15143,8,4,,1,2,,15108,2,4,,1,68,,15113,8,4,,1,2,,15136,2,4,,1,28,,15101,9,4,,1,2,,15116,2,4,,1,68,,15098,9,4,,1,2,,15123,2,4,,1,28,,15118,9,4,,1,2,,15151,2,4,,1,68,,15129,9,4,,1,30,,15097,9,4,,1,70,,15127,9,4,,1,30,,15141,9,4,,1,70,,15132,9,4,,1,30,,15150,9,4,,1,70,,15104,9,4,,1,30,,15148,9,4,,1,70,,15137,9,4,,1
6501,'9',744,,15171,8,4,,1,70,,15168,8,4,,1,2,,15205,2,4,,1,28,,15169,2,4,,1,70,,15187,8,4,,1,2,,15170,2,4,,1,28,,15165,2,4,,1,70,,15192,8,4,,1,30,,15152,8,4,,1,70,,15193,8,4,,1,30,,15166,8,4,,1,70,,15178,8,4,,1,30,,15160,8,4,,1,70,,15177,8,4,,1,30,,15204,8,4,,1,70,,15156,8,4,,1,30,,15189,8,4,,1,70,,15180,8,4,,1,30,,15182,8,4,,1,2,,15162,2,4,,1,68,,15174,8,4,,1,2,,15153,2,4,,1,28,,15173,8,4,,1,2,,15197,2,4,,1,68,,15175,8,4,,1,2,,15167,2,4,,1,28,,15172,9,4,,1,2,,15183,2,4,,1,68,,15158,9,4,,1,2,,15186,2,4,,1,28,,15190,9,4,,1,2,,15161,2,4,,1,68,,15184,9,4,,1,30,,15154,9,4,,1,70,,15196,9,4,,1,30,,15202,9,4,,1,70,,15179,9,4,,1,30,,15199,9,4,,1,70,,15195,9,4,,1,30,,15191,9,4,,1,70,,15159,9,4,,1
