3400,'2',736,,12601,5,4,,1,170,,12603,5,4,,1,130,,12606,5,4,,1,170,,12602,5,4,,1,130,,12599,5,4,,1,170,,12607,5,4,,1,130,,12600,5,4,,1,170,,12598,5,4,,1,130,,12604,5,4,,1,170,,12605,5,4,,1
3400,'3',736,,12609,5,4,,1,170,,12616,5,4,,1,130,,12610,5,4,,1,170,,12615,5,4,,1,130,,12617,5,4,,1,170,,12614,5,4,,1,130,,12612,5,4,,1,170,,12608,5,4,,1,130,,12613,5,4,,1,170,,12611,5,4,,1
3400,'4',736,,12626,5,4,,1,170,,12621,5,4,,1,130,,12620,5,4,,1,170,,11852,5,4,,1,130,,12619,5,4,,1,170,,12622,5,4,,1,130,,12624,5,4,,1,170,,12623,5,4,,1,130,,12618,5,4,,1,170,,12625,5,4,,1
3400,'7',736,,12635,5,4,,1,170,,12627,5,4,,1,130,,12628,5,4,,1,170,,12630,5,4,,1,130,,12631,5,4,,1,170,,12634,5,4,,1,130,,12629,5,4,,1,170,,12632,5,4,,1,130,,12633,5,4,,1,170,,12636,5,4,,1
3400,'8',736,,12640,5,4,,1,170,,12637,5,4,,1,130,,12646,5,4,,1,170,,12644,5,4,,1,130,,12641,5,4,,1,170,,12643,5,4,,1,130,,12642,5,4,,1,170,,12638,5,4,,1,130,,12645,5,4,,1,170,,12639,5,4,,1
3400,'9',736,,12647,5,4,,1,170,,12649,5,4,,1,130,,12651,5,4,,1,170,,12656,5,4,,1,130,,12648,5,4,,1,170,,12652,5,4,,1,130,,12650,5,4,,1,170,,12655,5,4,,1,130,,12653,5,4,,1,170,,12654,5,4,,1
3401,'2',745,,12665,1,0,5 6 7 8 2 7 10,1,170,,12657,1,0,5 6 7 8 2 7 10,1,130,,12661,1,0,5 6 7 8 2 7 10,1,170,,12659,1,0,5 6 7 8 2 7 10,1,130,,12662,1,0,5 6 7 8 2 7 10,1,170,,12660,1,0,5 6 7 8 2 7 10,1,130,,12664,1,0,5 6 7 8 2 7 10,1,170,,12666,1,0,5 6 7 8 2 7 10,1,130,,12663,1,0,5 6 7 8 2 7 10,1,170,,12658,1,0,5 6 7 8 2 7 10,1
3401,'3',745,,12673,1,0,5 6 7 8 2 7 10,1,170,,12674,1,0,5 6 7 8 2 7 10,1,130,,12668,1,0,5 6 7 8 2 7 10,1,170,,12675,1,0,5 6 7 8 2 7 10,1,130,,12667,1,0,5 6 7 8 2 7 10,1,170,,12676,1,0,5 6 7 8 2 7 10,1,130,,12671,1,0,5 6 7 8 2 7 10,1,170,,12669,1,0,5 6 7 8 2 7 10,1,130,,12670,1,0,5 6 7 8 2 7 10,1,170,,12672,1,0,5 6 7 8 2 7 10,1
3401,'4',745,,12683,1,0,5 6 7 8 2 7 10,1,170,,12679,1,0,5 6 7 8 2 7 10,1,130,,12678,1,0,5 6 7 8 2 7 10,1,170,,12684,1,0,5 6 7 8 2 7 10,1,130,,12686,1,0,5 6 7 8 2 7 10,1,170,,12682,1,0,5 6 7 8 2 7 10,1,130,,12680,1,0,5 6 7 8 2 7 10,1,170,,12677,1,0,5 6 7 8 2 7 10,1,130,,12685,1,0,5 6 7 8 2 7 10,1,170,,12681,1,0,5 6 7 8 2 7 10,1
3401,'7',745,,12690,1,0,5 6 7 8 2 7 10,1,170,,12694,1,0,5 6 7 8 2 7 10,1,130,,12692,1,0,5 6 7 8 2 7 10,1,170,,12696,1,0,5 6 7 8 2 7 10,1,130,,12689,1,0,5 6 7 8 2 7 10,1,170,,12691,1,0,5 6 7 8 2 7 10,1,130,,12693,1,0,5 6 7 8 2 7 10,1,170,,12695,1,0,5 6 7 8 2 7 10,1,130,,12687,1,0,5 6 7 8 2 7 10,1,170,,12688,1,0,5 6 7 8 2 7 10,1
3401,'8',745,,12700,1,0,5 6 7 8 2 7 10,1,170,,12698,1,0,5 6 7 8 2 7 10,1,130,,12701,1,0,5 6 7 8 2 7 10,1,170,,12704,1,0,5 6 7 8 2 7 10,1,130,,12703,1,0,5 6 7 8 2 7 10,1,170,,12697,1,0,5 6 7 8 2 7 10,1,130,,12699,1,0,5 6 7 8 2 7 10,1,170,,12702,1,0,5 6 7 8 2 7 10,1,130,,12705,1,0,5 6 7 8 2 7 10,1,170,,12706,1,0,5 6 7 8 2 7 10,1
3401,'9',745,,12715,1,0,5 6 7 8 2 7 10,1,170,,12716,1,0,5 6 7 8 2 7 10,1,130,,12710,1,0,5 6 7 8 2 7 10,1,170,,12711,1,0,5 6 7 8 2 7 10,1,130,,12707,1,0,5 6 7 8 2 7 10,1,170,,12712,1,0,5 6 7 8 2 7 10,1,130,,12708,1,0,5 6 7 8 2 7 10,1,170,,12709,1,0,5 6 7 8 2 7 10,1,130,,12713,1,0,5 6 7 8 2 7 10,1,170,,12714,1,0,5 6 7 8 2 7 10,1
4001,'1',719,,12731,3,0,20 21 29 24,1,100,,12717,3,0,20 21 29 24,1,100,,12728,3,0,20 21 29 24,1,100,,12720,3,0,20 21 29 24,1,100,,12723,3,0,20 21 29 24,1,100,,12729,3,0,20 21 29 24,1,100,,12721,3,0,20 21 29 24,1,100,,12722,3,0,20 21 29 24,1,100,,12724,3,0,20 21 29 24,1,100,,12725,3,0,20 21 29 24,1,100,,12727,3,0,20 21 29 24,1,100,,12718,3,0,20 21 29 24,1,100,,12730,3,0,20 21 29 24,1,100,,12726,3,0,20 21 29 24,1,100,,12732,3,0,20 21 29 24,1,100,,12719,3,0,20 21 29 24,1
4001,'10',1019,,12735,3,0,20 21 29 24,1,100,,12739,3,0,20 21 29 24,1,100,,12734,3,0,20 21 29 24,1,100,,12740,3,0,20 21 29 24,1,100,,12736,3,0,20 21 29 24,1,100,,12738,3,0,20 21 29 24,1,100,,12733,3,0,20 21 29 24,1,100,,12737,3,0,20 21 29 24,1
4001,'11',1019,,12747,3,0,20 21 29 24,1,100,,12744,3,0,20 21 29 24,1,100,,12748,3,0,20 21 29 24,1,100,,12746,3,0,20 21 29 24,1,100,,12743,3,0,20 21 29 24,1,100,,12745,3,0,20 21 29 24,1,100,,12741,3,0,20 21 29 24,1,100,,12742,3,0,20 21 29 24,1
4001,'2',719,,12803,2,4,,1,1,,12753,1,,,1,19,,12786,2,4,,1,1,,12830,1,,,1,19,,12788,2,4,,1,41,,12800,1,,,1,19,,12820,2,4,,1,1,,12779,1,,,1,19,,12795,2,4,,1,1,,12776,1,,,1,19,,12833,2,4,,1,41,,12823,1,,,1,19,,12790,2,4,,1,1,,12775,1,,,1,19,,12834,2,4,,1,1,,12758,1,,,1,19,,12760,2,4,,1,41,,12843,1,,,1,19,,12819,2,4,,1,1,,12815,1,,,1,19,,12774,2,4,,1,1,,12821,1,,,1,19,,12857,2,4,,1,41,,12840,1,,,1,19,,12768,2,4,,1,1,,12854,1,,,1,19,,12827,2,4,,1,1,,12771,1,,,1,19,,12778,2,4,,1,41,,12844,1,,,1,19,,12772,2,4,,1,1,,12769,1,,,1,19,,12794,2,4,,1,1,,12837,1,,,1,19,,12793,2,4,,1,41,,12810,1,,,1,19,,12835,2,4,,1,1,,12757,1,,,1,19,,12838,2,4,,1,1,,12856,1,,,1,19,,12824,2,4,,1,41,,12792,1,,,1,19,,12801,2,4,,1,1,,12839,1,,,1,19,,11710,2,4,,1,1,,12750,1,,,1,19,,12752,2,4,,1,41,,12783,1,,,1,19,,12799,2,4,,1,1,,12789,1,,,1,19,,12855,2,4,,1,1,,12841,1,,,1,19,,12850,2,4,,1,41,,12798,1,,,1,19,,12849,2,4,,1,1,,12832,1,,,1,19,,12764,2,4,,1,1,,12809,1,,,1,19,,12770,2,4,,1,41,,12804,1,,,1,18,,12806,3,0,20 21 29 24,1,1,,12782,2,4,,1,1,,12796,1,,,1,19,,12791,2,4,,1,1,,12807,1,,,1,19,,12853,2,4,,1,41,,12756,1,,,1,18,,12749,3,0,20 21 29 24,1,1,,12805,2,4,,1,1,,12822,1,,,1,19,,12802,2,4,,1,1,,12842,1,,,1,19,,12828,2,4,,1,41,,12766,1,,,1,19,,12831,2,4,,1,1,,12814,1,,,1,19,,12781,2,4,,1,1,,12767,1,,,1,19,,12848,2,4,,1,41,,12808,1,,,1,19,,12816,2,4,,1,1,,12825,1,,,1,19,,12847,2,4,,1,1,,12851,1,,,1,19,,12754,2,4,,1,41,,12817,1,,,1,19,,12762,2,4,,1,1,,12846,1,,,1,19,,12765,2,4,,1,1,,12785,1,,,1,19,,12759,2,4,,1,41,,12829,1,,,1,19,,12818,2,4,,1,1,,12811,1,,,1,19,,12761,2,4,,1,1,,12777,1,,,1
4001,'3',719,,12900,2,4,,1,1,,12863,1,,,1,19,,12917,2,4,,1,1,,12932,1,,,1,19,,12944,2,4,,1,41,,12954,1,,,1,19,,12919,2,4,,1,1,,12967,1,,,1,19,,12938,2,4,,1,1,,12897,1,,,1,19,,12902,2,4,,1,41,,12948,1,,,1,19,,12945,2,4,,1,1,,12909,1,,,1,19,,12958,2,4,,1,1,,12924,1,,,1,19,,12905,2,4,,1,41,,12915,1,,,1,19,,12883,2,4,,1,1,,12949,1,,,1,19,,12942,2,4,,1,1,,12861,1,,,1,19,,12869,2,4,,1,41,,12920,1,,,1,19,,12891,2,4,,1,1,,12937,1,,,1,19,,12936,2,4,,1,1,,12886,1,,,1,19,,12908,2,4,,1,41,,12867,1,,,1,19,,12893,2,4,,1,1,,12903,1,,,1,19,,12929,2,4,,1,1,,12963,1,,,1,19,,12923,2,4,,1,41,,12912,1,,,1,19,,12871,2,4,,1,1,,12960,1,,,1,19,,12868,2,4,,1,1,,12946,1,,,1,19,,12953,2,4,,1,41,,12918,1,,,1,19,,12961,2,4,,1,1,,12873,1,,,1,19,,12935,2,4,,1,1,,12925,1,,,1,19,,12862,2,4,,1,41,,12880,1,,,1,19,,12898,2,4,,1,1,,12934,1,,,1,19,,12885,2,4,,1,1,,12864,1,,,1,19,,12901,2,4,,1,41,,12870,1,,,1,19,,12921,2,4,,1,1,,12874,1,,,1,19,,12881,2,4,,1,1,,12947,1,,,1,19,,12913,2,4,,1,41,,12926,1,,,1,18,,12890,3,0,20 21 29 24,1,1,,12882,2,4,,1,1,,12899,1,,,1,19,,12962,2,4,,1,1,,12941,1,,,1,19,,12910,2,4,,1,41,,12922,1,,,1,18,,12888,3,0,20 21 29 24,1,1,,12866,2,4,,1,1,,12933,1,,,1,19,,12879,2,4,,1,1,,12877,1,,,1,19,,12956,2,4,,1,41,,12887,1,,,1,19,,12951,2,4,,1,1,,12916,1,,,1,19,,12889,2,4,,1,1,,12895,1,,,1,19,,12964,2,4,,1,41,,12940,1,,,1,19,,12928,2,4,,1,1,,12860,1,,,1,19,,12906,2,4,,1,1,,12950,1,,,1,19,,12875,2,4,,1,41,,12872,1,,,1,19,,12959,2,4,,1,1,,12884,1,,,1,19,,12914,2,4,,1,1,,12927,1,,,1,19,,12943,2,4,,1,41,,12955,1,,,1,19,,12965,2,4,,1,1,,12904,1,,,1,19,,12858,2,4,,1,1,,12966,1,,,1
4001,'4',719,,12988,2,4,,1,1,,13070,1,,,1,19,,13027,2,4,,1,1,,12992,1,,,1,19,,12989,2,4,,1,41,,13061,1,,,1,19,,13014,2,4,,1,1,,13045,1,,,1,19,,12972,2,4,,1,1,,13032,1,,,1,19,,13057,2,4,,1,41,,13043,1,,,1,19,,13022,2,4,,1,1,,12990,1,,,1,19,,13059,2,4,,1,1,,13042,1,,,1,19,,13006,2,4,,1,41,,13026,1,,,1,19,,13003,2,4,,1,1,,13004,1,,,1,19,,12970,2,4,,1,1,,13019,1,,,1,19,,13023,2,4,,1,41,,13054,1,,,1,19,,12974,2,4,,1,1,,13072,1,,,1,19,,13008,2,4,,1,1,,13024,1,,,1,19,,12998,2,4,,1,41,,13038,1,,,1,19,,13041,2,4,,1,1,,13071,1,,,1,19,,13033,2,4,,1,1,,13031,1,,,1,19,,13030,2,4,,1,41,,13037,1,,,1,19,,13040,2,4,,1,1,,12978,1,,,1,19,,13035,2,4,,1,1,,12993,1,,,1,19,,13052,2,4,,1,41,,13056,1,,,1,19,,12983,2,4,,1,1,,13065,1,,,1,19,,10870,2,4,,1,1,,13015,1,,,1,19,,13047,2,4,,1,41,,12996,1,,,1,19,,13060,2,4,,1,1,,13016,1,,,1,19,,13021,2,4,,1,1,,13002,1,,,1,19,,12975,2,4,,1,41,,12979,1,,,1,19,,13018,2,4,,1,1,,13066,1,,,1,19,,12968,2,4,,1,1,,13039,1,,,1,19,,13028,2,4,,1,41,,12984,1,,,1,18,,13055,3,0,20 21 29 24,1,1,,13067,2,4,,1,1,,13011,1,,,1,19,,12980,2,4,,1,1,,13062,1,,,1,19,,12981,2,4,,1,41,,13034,1,,,1,18,,12991,3,0,20 21 29 24,1,1,,13020,2,4,,1,1,,12977,1,,,1,19,,12985,2,4,,1,1,,12999,1,,,1,19,,13010,2,4,,1,41,,13007,1,,,1,19,,13058,2,4,,1,1,,13073,1,,,1,19,,13053,2,4,,1,1,,13050,1,,,1,19,,13048,2,4,,1,41,,13001,1,,,1,19,,12971,2,4,,1,1,,13074,1,,,1,19,,13009,2,4,,1,1,,13068,1,,,1,19,,13012,2,4,,1,41,,13000,1,,,1,19,,12976,2,4,,1,1,,13044,1,,,1,19,,12997,2,4,,1,1,,13029,1,,,1,19,,13051,2,4,,1,41,,13069,1,,,1,19,,12973,2,4,,1,1,,13076,1,,,1,19,,13025,2,4,,1,1,,12994,1,,,1
4001,'5',719,,13085,3,0,20 21 29 24,1,100,,13079,3,0,20 21 29 24,1,100,,13086,3,0,20 21 29 24,1,100,,13084,3,0,20 21 29 24,1,100,,13091,3,0,20 21 29 24,1,100,,13077,3,0,20 21 29 24,1,100,,13082,3,0,20 21 29 24,1,100,,13080,3,0,20 21 29 24,1,100,,13088,3,0,20 21 29 24,1,100,,13087,3,0,20 21 29 24,1,100,,13090,3,0,20 21 29 24,1,100,,13089,3,0,20 21 29 24,1,100,,13081,3,0,20 21 29 24,1,100,,13078,3,0,20 21 29 24,1,100,,13083,3,0,20 21 29 24,1,100,,13092,3,0,20 21 29 24,1
4001,'6',1019,,13097,3,0,20 21 29 24,1,100,,13098,3,0,20 21 29 24,1,100,,13096,3,0,20 21 29 24,1,100,,13099,3,0,20 21 29 24,1,100,,13093,3,0,20 21 29 24,1,100,,13095,3,0,20 21 29 24,1,100,,13100,3,0,20 21 29 24,1,100,,13094,3,0,20 21 29 24,1
4001,'7',719,,13183,2,4,,1,1,,13185,1,,,1,19,,13187,2,4,,1,1,,13156,1,,,1,19,,13153,2,4,,1,41,,13176,1,,,1,19,,13198,2,4,,1,1,,13151,1,,,1,19,,13133,2,4,,1,1,,13118,1,,,1,19,,13189,2,4,,1,41,,13120,1,,,1,19,,13101,2,4,,1,1,,13102,1,,,1,19,,13107,2,4,,1,1,,13124,1,,,1,19,,13167,2,4,,1,41,,13109,1,,,1,19,,13149,2,4,,1,1,,13146,1,,,1,19,,13134,2,4,,1,1,,13105,1,,,1,19,,13139,2,4,,1,41,,13193,1,,,1,19,,13136,2,4,,1,1,,13152,1,,,1,19,,13192,2,4,,1,1,,13119,1,,,1,19,,13155,2,4,,1,41,,13129,1,,,1,19,,13135,2,4,,1,1,,13186,1,,,1,19,,13184,2,4,,1,1,,13126,1,,,1,19,,13115,2,4,,1,41,,13145,1,,,1,19,,13117,2,4,,1,1,,13121,1,,,1,19,,13116,2,4,,1,1,,13104,1,,,1,19,,13122,2,4,,1,41,,13150,1,,,1,19,,13170,2,4,,1,1,,13200,1,,,1,19,,13175,2,4,,1,1,,13201,1,,,1,19,,13199,2,4,,1,41,,13143,1,,,1,19,,13203,2,4,,1,1,,13108,1,,,1,19,,13169,2,4,,1,1,,13190,1,,,1,19,,13130,2,4,,1,41,,13174,1,,,1,19,,13140,2,4,,1,1,,13138,1,,,1,19,,13207,2,4,,1,1,,13165,1,,,1,19,,13196,2,4,,1,41,,13171,1,,,1,18,,13125,3,0,20 21 29 24,1,1,,13180,2,4,,1,1,,13195,1,,,1,19,,13166,2,4,,1,1,,13144,1,,,1,19,,13159,2,4,,1,41,,13154,1,,,1,18,,13163,3,0,20 21 29 24,1,1,,13127,2,4,,1,1,,13188,1,,,1,19,,13202,2,4,,1,1,,13197,1,,,1,19,,13179,2,4,,1,41,,13111,1,,,1,19,,13123,2,4,,1,1,,13162,1,,,1,19,,13209,2,4,,1,1,,13160,1,,,1,19,,13103,2,4,,1,41,,13157,1,,,1,19,,13206,2,4,,1,1,,13204,1,,,1,19,,13210,2,4,,1,1,,13177,1,,,1,19,,13168,2,4,,1,41,,13158,1,,,1,19,,13137,2,4,,1,1,,13208,1,,,1,19,,13147,2,4,,1,1,,13181,1,,,1,19,,13110,2,4,,1,41,,13172,1,,,1,19,,13112,2,4,,1,1,,13114,1,,,1,19,,13191,2,4,,1,1,,13106,1,,,1
4001,'8',719,,13247,2,4,,1,1,,13268,1,,,1,19,,13284,2,4,,1,1,,13319,1,,,1,19,,13235,2,4,,1,41,,13275,1,,,1,19,,13227,2,4,,1,1,,13293,1,,,1,19,,13219,2,4,,1,1,,13309,1,,,1,19,,13302,2,4,,1,41,,13287,1,,,1,19,,13260,2,4,,1,1,,13315,1,,,1,19,,13258,2,4,,1,1,,13291,1,,,1,19,,13216,2,4,,1,41,,13211,1,,,1,19,,13230,2,4,,1,1,,13220,1,,,1,19,,13320,2,4,,1,1,,13299,1,,,1,19,,13263,2,4,,1,41,,13215,1,,,1,19,,13277,2,4,,1,1,,13292,1,,,1,19,,13213,2,4,,1,1,,13288,1,,,1,19,,13234,2,4,,1,41,,13296,1,,,1,19,,13311,2,4,,1,1,,13269,1,,,1,19,,13251,2,4,,1,1,,13246,1,,,1,19,,13224,2,4,,1,41,,13218,1,,,1,19,,13307,2,4,,1,1,,13262,1,,,1,19,,13267,2,4,,1,1,,13297,1,,,1,19,,13226,2,4,,1,41,,13271,1,,,1,19,,13295,2,4,,1,1,,13273,1,,,1,19,,13303,2,4,,1,1,,13301,1,,,1,19,,13264,2,4,,1,41,,13282,1,,,1,19,,13280,2,4,,1,1,,13223,1,,,1,19,,13261,2,4,,1,1,,13283,1,,,1,19,,13274,2,4,,1,41,,13233,1,,,1,19,,13304,2,4,,1,1,,13242,1,,,1,19,,13236,2,4,,1,1,,13308,1,,,1,19,,13225,2,4,,1,41,,13294,1,,,1,18,,13214,3,0,20 21 29 24,1,1,,13276,2,4,,1,1,,13239,1,,,1,19,,13270,2,4,,1,1,,13316,1,,,1,19,,13212,2,4,,1,41,,13265,1,,,1,18,,13229,3,0,20 21 29 24,1,1,,13312,2,4,,1,1,,13237,1,,,1,19,,13245,2,4,,1,1,,13250,1,,,1,19,,13248,2,4,,1,41,,13306,1,,,1,19,,13217,2,4,,1,1,,13253,1,,,1,19,,13313,2,4,,1,1,,13238,1,,,1,19,,13290,2,4,,1,41,,13289,1,,,1,19,,13318,2,4,,1,1,,13272,1,,,1,19,,13254,2,4,,1,1,,13300,1,,,1,19,,13232,2,4,,1,41,,13256,1,,,1,19,,13266,2,4,,1,1,,13310,1,,,1,19,,13240,2,4,,1,1,,13298,1,,,1,19,,13278,2,4,,1,41,,13221,1,,,1,19,,13281,2,4,,1,1,,13305,1,,,1,19,,13228,2,4,,1,1,,13257,1,,,1
4001,'9',719,,13346,2,4,,1,1,,13332,1,,,1,19,,13419,2,4,,1,1,,13427,1,,,1,19,,13329,2,4,,1,41,,13395,1,,,1,19,,13424,2,4,,1,1,,13350,1,,,1,19,,13328,2,4,,1,1,,13347,1,,,1,19,,13344,2,4,,1,41,,13373,1,,,1,19,,13327,2,4,,1,1,,13417,1,,,1,19,,13370,2,4,,1,1,,13406,1,,,1,19,,13408,2,4,,1,41,,13374,1,,,1,19,,13397,2,4,,1,1,,13388,1,,,1,19,,13420,2,4,,1,1,,13399,1,,,1,19,,13357,2,4,,1,41,,13324,1,,,1,19,,13345,2,4,,1,1,,13334,1,,,1,19,,13379,2,4,,1,1,,13335,1,,,1,19,,13416,2,4,,1,41,,13428,1,,,1,19,,13321,2,4,,1,1,,13402,1,,,1,19,,13362,2,4,,1,1,,13400,1,,,1,19,,13360,2,4,,1,41,,13375,1,,,1,19,,13365,2,4,,1,1,,13391,1,,,1,19,,13418,2,4,,1,1,,13339,1,,,1,19,,13387,2,4,,1,41,,13336,1,,,1,19,,13380,2,4,,1,1,,13412,1,,,1,19,,13366,2,4,,1,1,,13341,1,,,1,19,,13353,2,4,,1,41,,13429,1,,,1,19,,13358,2,4,,1,1,,13367,1,,,1,19,,13322,2,4,,1,1,,13343,1,,,1,19,,13382,2,4,,1,41,,13372,1,,,1,19,,13338,2,4,,1,1,,13342,1,,,1,19,,13430,2,4,,1,1,,13385,1,,,1,19,,13377,2,4,,1,41,,13381,1,,,1,18,,13331,3,0,20 21 29 24,1,1,,13393,2,4,,1,1,,13415,1,,,1,19,,13392,2,4,,1,1,,13422,1,,,1,19,,13407,2,4,,1,41,,13386,1,,,1,18,,13389,3,0,20 21 29 24,1,1,,13352,2,4,,1,1,,13410,1,,,1,19,,13359,2,4,,1,1,,13368,1,,,1,19,,13423,2,4,,1,41,,13325,1,,,1,19,,13403,2,4,,1,1,,13390,1,,,1,19,,13421,2,4,,1,1,,13398,1,,,1,19,,13371,2,4,,1,41,,13330,1,,,1,19,,13425,2,4,,1,1,,13354,1,,,1,19,,13426,2,4,,1,1,,13394,1,,,1,19,,13323,2,4,,1,41,,13404,1,,,1,19,,13376,2,4,,1,1,,13340,1,,,1,19,,13396,2,4,,1,1,,13364,1,,,1,19,,13355,2,4,,1,41,,13384,1,,,1,19,,13363,2,4,,1,1,,13356,1,,,1,19,,13401,2,4,,1,1,,13337,1,,,1
4501,'1',732,,13443,5,0,20 21 30 12,1,100,,13436,5,0,20 21 30 12,1,100,,13440,5,0,20 21 30 12,1,100,,13431,5,0,20 21 30 12,1,100,,13434,5,0,20 21 30 12,1,100,,13432,5,0,20 21 30 12,1,100,,13442,5,0,20 21 30 12,1,100,,13441,5,0,20 21 30 12,1,100,,13438,5,0,20 21 30 12,1,100,,13445,5,0,20 21 30 12,1,100,,13435,5,0,20 21 30 12,1,100,,13433,5,0,20 21 30 12,1,100,,13437,5,0,20 21 30 12,1,100,,13444,5,0,20 21 30 12,1,100,,13446,5,0,20 21 30 12,1,100,,13439,5,0,20 21 30 12,1
4501,'10',1032,,13450,5,0,20 21 30 12,1,100,,13452,5,0,20 21 30 12,1,100,,13447,5,0,20 21 30 12,1,100,,13449,5,0,20 21 30 12,1,100,,13448,5,0,20 21 30 12,1,100,,13451,5,0,20 21 30 12,1,100,,13454,5,0,20 21 30 12,1,100,,13453,5,0,20 21 30 12,1
4501,'11',1032,,13455,5,0,20 21 30 12,1,100,,13460,5,0,20 21 30 12,1,100,,13456,5,0,20 21 30 12,1,100,,13461,5,0,20 21 30 12,1,100,,13462,5,0,20 21 30 12,1,100,,13458,5,0,20 21 30 12,1,100,,13459,5,0,20 21 30 12,1,100,,13457,5,0,20 21 30 12,1
4501,'2',711,,13551,2,4,,1,14,,13465,1,0,18 19 16 17,1,6,,13505,2,4,,1,1,,13528,3,0,11 2 5 12,1,13,,13476,1,0,18 19 16 17,1,6,,13567,2,4,,1,54,,13526,1,0,18 19 16 17,1,6,,13500,2,4,,1,14,,13485,1,0,18 19 16 17,1,6,,13558,2,4,,1,1,,13475,3,0,11 2 5 12,1,13,,13565,1,0,18 19 16 17,1,6,,13554,2,4,,1,54,,13499,1,0,18 19 16 17,1,6,,13482,2,4,,1,14,,13540,1,0,18 19 16 17,1,6,,13464,2,4,,1,1,,13501,3,0,11 2 5 12,1,13,,13495,1,0,18 19 16 17,1,6,,13487,2,4,,1,54,,13546,1,0,18 19 16 17,1,6,,13549,2,4,,1,14,,13543,1,0,18 19 16 17,1,6,,13509,2,4,,1,1,,13564,3,0,11 2 5 12,1,13,,13524,1,0,18 19 16 17,1,6,,13518,2,4,,1,54,,13555,1,0,18 19 16 17,1,6,,13534,2,4,,1,14,,13559,1,0,18 19 16 17,1,6,,13523,2,4,,1,1,,13472,3,0,11 2 5 12,1,13,,13470,1,0,18 19 16 17,1,6,,13494,2,4,,1,54,,13517,1,0,18 19 16 17,1,6,,13473,2,4,,1,14,,13520,1,0,18 19 16 17,1,6,,13548,2,4,,1,1,,13539,3,0,11 2 5 12,1,13,,13521,1,0,18 19 16 17,1,6,,13566,2,4,,1,54,,13532,1,0,18 19 16 17,1,6,,13481,2,4,,1,14,,13556,1,0,18 19 16 17,1,6,,13537,2,4,,1,1,,13542,3,0,11 2 5 12,1,13,,13497,1,0,18 19 16 17,1,6,,13504,2,4,,1,54,,13492,1,0,18 19 16 17,1,6,,13519,2,4,,1,14,,13557,1,0,18 19 16 17,1,6,,13493,2,4,,1,1,,13513,3,0,11 2 5 12,1,13,,13489,1,0,18 19 16 17,1,6,,13508,2,4,,1,54,,13547,1,0,18 19 16 17,1,6,,13471,2,4,,1,14,,13474,1,0,18 19 16 17,1,6,,13498,2,4,,1,1,,13527,3,0,11 2 5 12,1,13,,13515,1,0,18 19 16 17,1,6,,13536,2,4,,1,54,,13541,1,0,18 19 16 17,1,6,,13503,2,4,,1,14,,13486,1,0,18 19 16 17,1,2,,13550,5,0,20 21 30 12,1,4,,13469,2,4,,1,14,,13533,1,0,18 19 16 17,1,6,,13502,2,4,,1,54,,13466,1,0,18 19 16 17,1,6,,13463,2,4,,1,14,,13538,1,0,18 19 16 17,1,2,,13552,5,0,20 21 30 12,1,4,,13488,2,4,,1,14,,13570,1,0,18 19 16 17,1,6,,13491,2,4,,1,54,,13525,1,0,18 19 16 17,1,6,,13468,2,4,,1,14,,13529,1,0,18 19 16 17,1,2,,13568,5,0,20 21 30 12,1,4,,13561,2,4,,1,14,,13467,1,0,18 19 16 17,1,6,,13514,2,4,,1,54,,13478,1,0,18 19 16 17,1,6,,13571,2,4,,1,14,,13506,1,0,18 19 16 17,1,6,,13479,2,4,,1,1,,13511,5,0,20 21 30 12,1,13,,13480,1,0,18 19 16 17,1,6,,13522,2,4,,1,54,,13569,1,0,18 19 16 17,1,6,,13490,2,4,,1,14,,13562,1,0,18 19 16 17,1,6,,13553,2,4,,1,1,,13544,5,0,20 21 30 12,1,13,,13510,1,0,18 19 16 17,1,6,,13484,2,4,,1,54,,13531,1,0,18 19 16 17,1,6,,13545,2,4,,1,14,,13535,1,0,18 19 16 17,1,6,,13572,2,4,,1,1,,13507,5,0,20 21 30 12,1,13,,13483,1,0,18 19 16 17,1,6,,13563,2,4,,1,54,,13560,1,0,18 19 16 17,1,6,,13530,2,4,,1,14,,13496,1,0,18 19 16 17,1,6,,13477,2,4,,1,1,,13516,5,0,20 21 30 12,1,13,,13512,1,0,18 19 16 17,1
4501,'3',711,,13575,2,4,,1,14,,13670,1,0,18 19 16 17,1,6,,13634,2,4,,1,1,,13628,3,0,11 2 5 12,1,13,,13605,1,0,18 19 16 17,1,6,,13602,2,4,,1,54,,13624,1,0,18 19 16 17,1,6,,13639,2,4,,1,14,,13606,1,0,18 19 16 17,1,6,,13643,2,4,,1,1,,13580,3,0,11 2 5 12,1,13,,13676,1,0,18 19 16 17,1,6,,13615,2,4,,1,54,,13616,1,0,18 19 16 17,1,6,,13665,2,4,,1,14,,13620,1,0,18 19 16 17,1,6,,13611,2,4,,1,1,,13584,3,0,11 2 5 12,1,13,,13590,1,0,18 19 16 17,1,6,,13601,2,4,,1,54,,13625,1,0,18 19 16 17,1,6,,13609,2,4,,1,14,,13671,1,0,18 19 16 17,1,6,,13653,2,4,,1,1,,13647,3,0,11 2 5 12,1,13,,13612,1,0,18 19 16 17,1,6,,13659,2,4,,1,54,,13675,1,0,18 19 16 17,1,6,,13648,2,4,,1,14,,13666,1,0,18 19 16 17,1,6,,13679,2,4,,1,1,,13597,3,0,11 2 5 12,1,13,,13576,1,0,18 19 16 17,1,6,,13661,2,4,,1,54,,13622,1,0,18 19 16 17,1,6,,13595,2,4,,1,14,,13681,1,0,18 19 16 17,1,6,,13610,2,4,,1,1,,13632,3,0,11 2 5 12,1,13,,13663,1,0,18 19 16 17,1,6,,13680,2,4,,1,54,,13633,1,0,18 19 16 17,1,6,,13654,2,4,,1,14,,13636,1,0,18 19 16 17,1,6,,13662,2,4,,1,1,,13629,3,0,11 2 5 12,1,13,,13579,1,0,18 19 16 17,1,6,,13677,2,4,,1,54,,13587,1,0,18 19 16 17,1,6,,13607,2,4,,1,14,,13638,1,0,18 19 16 17,1,6,,13596,2,4,,1,1,,13586,3,0,11 2 5 12,1,13,,13649,1,0,18 19 16 17,1,6,,13619,2,4,,1,54,,13618,1,0,18 19 16 17,1,6,,13658,2,4,,1,14,,13637,1,0,18 19 16 17,1,6,,13591,2,4,,1,1,,13640,3,0,11 2 5 12,1,13,,13631,1,0,18 19 16 17,1,6,,13574,2,4,,1,54,,13577,1,0,18 19 16 17,1,6,,13645,2,4,,1,14,,13604,1,0,18 19 16 17,1,2,,13672,5,0,20 21 30 12,1,4,,13594,2,4,,1,14,,13635,1,0,18 19 16 17,1,6,,13623,2,4,,1,54,,13588,1,0,18 19 16 17,1,6,,13682,2,4,,1,14,,13627,1,0,18 19 16 17,1,2,,13582,5,0,20 21 30 12,1,4,,13644,2,4,,1,14,,13585,1,0,18 19 16 17,1,6,,13652,2,4,,1,54,,13651,1,0,18 19 16 17,1,6,,13650,2,4,,1,14,,13657,1,0,18 19 16 17,1,2,,13592,5,0,20 21 30 12,1,4,,13598,2,4,,1,14,,13630,1,0,18 19 16 17,1,6,,13613,2,4,,1,54,,13621,1,0,18 19 16 17,1,6,,13656,2,4,,1,14,,13664,1,0,18 19 16 17,1,6,,13614,2,4,,1,1,,13593,5,0,20 21 30 12,1,13,,13608,1,0,18 19 16 17,1,6,,13674,2,4,,1,54,,13642,1,0,18 19 16 17,1,6,,13600,2,4,,1,14,,13599,1,0,18 19 16 17,1,6,,13646,2,4,,1,1,,13583,5,0,20 21 30 12,1,13,,13641,1,0,18 19 16 17,1,6,,13668,2,4,,1,54,,13655,1,0,18 19 16 17,1,6,,13573,2,4,,1,14,,13581,1,0,18 19 16 17,1,6,,13603,2,4,,1,1,,13667,5,0,20 21 30 12,1,13,,13669,1,0,18 19 16 17,1,6,,13617,2,4,,1,54,,13626,1,0,18 19 16 17,1,6,,13673,2,4,,1,14,,13589,1,0,18 19 16 17,1,6,,13578,2,4,,1,1,,13660,5,0,20 21 30 12,1,13,,13678,1,0,18 19 16 17,1
4501,'4',711,,13725,2,4,,1,14,,13780,1,0,18 19 16 17,1,6,,10920,2,4,,1,1,,13696,3,0,11 2 5 12,1,13,,13708,1,0,18 19 16 17,1,6,,13771,2,4,,1,54,,13707,1,0,18 19 16 17,1,6,,13685,2,4,,1,14,,13686,1,0,18 19 16 17,1,6,,13768,2,4,,1,1,,13770,3,0,11 2 5 12,1,13,,13701,1,0,18 19 16 17,1,6,,13789,2,4,,1,54,,13743,1,0,18 19 16 17,1,6,,13715,2,4,,1,14,,13706,1,0,18 19 16 17,1,6,,13747,2,4,,1,1,,13760,3,0,11 2 5 12,1,13,,13734,1,0,18 19 16 17,1,6,,13749,2,4,,1,54,,13752,1,0,18 19 16 17,1,6,,13776,2,4,,1,14,,13721,1,0,18 19 16 17,1,6,,13775,2,4,,1,1,,13726,3,0,11 2 5 12,1,13,,13684,1,0,18 19 16 17,1,6,,13732,2,4,,1,54,,13728,1,0,18 19 16 17,1,6,,13748,2,4,,1,14,,13740,1,0,18 19 16 17,1,6,,13739,2,4,,1,1,,13702,3,0,11 2 5 12,1,13,,13777,1,0,18 19 16 17,1,6,,13742,2,4,,1,54,,13717,1,0,18 19 16 17,1,6,,13730,2,4,,1,14,,13698,1,0,18 19 16 17,1,6,,13779,2,4,,1,1,,13720,3,0,11 2 5 12,1,13,,13783,1,0,18 19 16 17,1,6,,13683,2,4,,1,54,,13755,1,0,18 19 16 17,1,6,,13719,2,4,,1,14,,13704,1,0,18 19 16 17,1,6,,13697,2,4,,1,1,,13769,3,0,11 2 5 12,1,13,,13691,1,0,18 19 16 17,1,6,,13727,2,4,,1,54,,13761,1,0,18 19 16 17,1,6,,13787,2,4,,1,14,,13764,1,0,18 19 16 17,1,6,,13688,2,4,,1,1,,13723,3,0,11 2 5 12,1,13,,13774,1,0,18 19 16 17,1,6,,13753,2,4,,1,54,,13756,1,0,18 19 16 17,1,6,,13735,2,4,,1,14,,13709,1,0,18 19 16 17,1,6,,13784,2,4,,1,1,,13722,3,0,11 2 5 12,1,13,,13746,1,0,18 19 16 17,1,6,,13744,2,4,,1,54,,13736,1,0,18 19 16 17,1,6,,13791,2,4,,1,14,,13737,1,0,18 19 16 17,1,2,,13754,5,0,20 21 30 12,1,4,,13714,2,4,,1,14,,13693,1,0,18 19 16 17,1,6,,13772,2,4,,1,54,,13763,1,0,18 19 16 17,1,6,,13766,2,4,,1,14,,13690,1,0,18 19 16 17,1,2,,13731,5,0,20 21 30 12,1,4,,13745,2,4,,1,14,,13733,1,0,18 19 16 17,1,6,,13778,2,4,,1,54,,13757,1,0,18 19 16 17,1,6,,13758,2,4,,1,14,,13713,1,0,18 19 16 17,1,2,,13694,5,0,20 21 30 12,1,4,,13692,2,4,,1,14,,13710,1,0,18 19 16 17,1,6,,13741,2,4,,1,54,,13781,1,0,18 19 16 17,1,6,,13750,2,4,,1,14,,13712,1,0,18 19 16 17,1,6,,13700,2,4,,1,1,,13699,5,0,20 21 30 12,1,13,,13705,1,0,18 19 16 17,1,6,,13687,2,4,,1,54,,13689,1,0,18 19 16 17,1,6,,13695,2,4,,1,14,,13711,1,0,18 19 16 17,1,6,,13703,2,4,,1,1,,13782,5,0,20 21 30 12,1,13,,13786,1,0,18 19 16 17,1,6,,13788,2,4,,1,54,,13790,1,0,18 19 16 17,1,6,,13718,2,4,,1,14,,13729,1,0,18 19 16 17,1,6,,13765,2,4,,1,1,,13785,5,0,20 21 30 12,1,13,,13738,1,0,18 19 16 17,1,6,,13716,2,4,,1,54,,13724,1,0,18 19 16 17,1,6,,13773,2,4,,1,14,,13762,1,0,18 19 16 17,1,6,,13767,2,4,,1,1,,13751,5,0,20 21 30 12,1,13,,13759,1,0,18 19 16 17,1
4501,'5',732,,13798,5,0,20 21 30 12,1,100,,13802,5,0,20 21 30 12,1,100,,13794,5,0,20 21 30 12,1,100,,13806,5,0,20 21 30 12,1,100,,13796,5,0,20 21 30 12,1,100,,13807,5,0,20 21 30 12,1,100,,13805,5,0,20 21 30 12,1,100,,13799,5,0,20 21 30 12,1,100,,13801,5,0,20 21 30 12,1,100,,13795,5,0,20 21 30 12,1,100,,13797,5,0,20 21 30 12,1,100,,13792,5,0,20 21 30 12,1,100,,13800,5,0,20 21 30 12,1,100,,13793,5,0,20 21 30 12,1,100,,13804,5,0,20 21 30 12,1,100,,13803,5,0,20 21 30 12,1
4501,'6',1032,,13809,5,0,20 21 30 12,1,100,,13813,5,0,20 21 30 12,1,100,,13814,5,0,20 21 30 12,1,100,,13812,5,0,20 21 30 12,1,100,,13808,5,0,20 21 30 12,1,100,,13811,5,0,20 21 30 12,1,100,,13815,5,0,20 21 30 12,1,100,,13810,5,0,20 21 30 12,1
4501,'7',711,,13827,2,4,,1,14,,13860,1,0,18 19 16 17,1,6,,13834,2,4,,1,1,,13881,3,0,11 2 5 12,1,13,,13844,1,0,18 19 16 17,1,6,,13847,2,4,,1,54,,13854,1,0,18 19 16 17,1,6,,13897,2,4,,1,14,,13907,1,0,18 19 16 17,1,6,,13912,2,4,,1,1,,13846,3,0,11 2 5 12,1,13,,13911,1,0,18 19 16 17,1,6,,13904,2,4,,1,54,,13858,1,0,18 19 16 17,1,6,,13849,2,4,,1,14,,13879,1,0,18 19 16 17,1,6,,13825,2,4,,1,1,,13853,3,0,11 2 5 12,1,13,,13916,1,0,18 19 16 17,1,6,,13898,2,4,,1,54,,13895,1,0,18 19 16 17,1,6,,13922,2,4,,1,14,,13867,1,0,18 19 16 17,1,6,,13824,2,4,,1,1,,13821,3,0,11 2 5 12,1,13,,13903,1,0,18 19 16 17,1,6,,13902,2,4,,1,54,,13819,1,0,18 19 16 17,1,6,,13843,2,4,,1,14,,13855,1,0,18 19 16 17,1,6,,13817,2,4,,1,1,,13839,3,0,11 2 5 12,1,13,,13918,1,0,18 19 16 17,1,6,,13851,2,4,,1,54,,13859,1,0,18 19 16 17,1,6,,13820,2,4,,1,14,,13925,1,0,18 19 16 17,1,6,,13840,2,4,,1,1,,13887,3,0,11 2 5 12,1,13,,13920,1,0,18 19 16 17,1,6,,13832,2,4,,1,54,,13909,1,0,18 19 16 17,1,6,,13901,2,4,,1,14,,13850,1,0,18 19 16 17,1,6,,13841,2,4,,1,1,,13861,3,0,11 2 5 12,1,13,,13842,1,0,18 19 16 17,1,6,,13888,2,4,,1,54,,13873,1,0,18 19 16 17,1,6,,13910,2,4,,1,14,,13869,1,0,18 19 16 17,1,6,,13885,2,4,,1,1,,13899,3,0,11 2 5 12,1,13,,13883,1,0,18 19 16 17,1,6,,13905,2,4,,1,54,,13836,1,0,18 19 16 17,1,6,,13864,2,4,,1,14,,13826,1,0,18 19 16 17,1,6,,13877,2,4,,1,1,,13837,3,0,11 2 5 12,1,13,,13838,1,0,18 19 16 17,1,6,,13822,2,4,,1,54,,13878,1,0,18 19 16 17,1,6,,13914,2,4,,1,14,,13896,1,0,18 19 16 17,1,2,,13866,5,0,20 21 30 12,1,4,,13906,2,4,,1,14,,13871,1,0,18 19 16 17,1,6,,13865,2,4,,1,54,,13829,1,0,18 19 16 17,1,6,,13921,2,4,,1,14,,13852,1,0,18 19 16 17,1,2,,13908,5,0,20 21 30 12,1,4,,13845,2,4,,1,14,,13857,1,0,18 19 16 17,1,6,,13875,2,4,,1,54,,13886,1,0,18 19 16 17,1,6,,13848,2,4,,1,14,,13917,1,0,18 19 16 17,1,2,,13872,5,0,20 21 30 12,1,4,,13892,2,4,,1,14,,13915,1,0,18 19 16 17,1,6,,13893,2,4,,1,54,,13863,1,0,18 19 16 17,1,6,,13835,2,4,,1,14,,13828,1,0,18 19 16 17,1,6,,13862,2,4,,1,1,,13816,5,0,20 21 30 12,1,13,,13900,1,0,18 19 16 17,1,6,,13882,2,4,,1,54,,13923,1,0,18 19 16 17,1,6,,13880,2,4,,1,14,,13856,1,0,18 19 16 17,1,6,,13823,2,4,,1,1,,13870,5,0,20 21 30 12,1,13,,13831,1,0,18 19 16 17,1,6,,13830,2,4,,1,54,,13868,1,0,18 19 16 17,1,6,,13890,2,4,,1,14,,13894,1,0,18 19 16 17,1,6,,13833,2,4,,1,1,,13884,5,0,20 21 30 12,1,13,,13891,1,0,18 19 16 17,1,6,,13913,2,4,,1,54,,13924,1,0,18 19 16 17,1,6,,13919,2,4,,1,14,,13889,1,0,18 19 16 17,1,6,,13818,2,4,,1,1,,13874,5,0,20 21 30 12,1,13,,13876,1,0,18 19 16 17,1
4501,'8',711,,13982,2,4,,1,14,,13938,1,0,18 19 16 17,1,6,,13935,2,4,,1,1,,13989,3,0,11 2 5 12,1,13,,13932,1,0,18 19 16 17,1,6,,13995,2,4,,1,54,,13956,1,0,18 19 16 17,1,6,,14010,2,4,,1,14,,14028,1,0,18 19 16 17,1,6,,13952,2,4,,1,1,,13976,3,0,11 2 5 12,1,13,,14008,1,0,18 19 16 17,1,6,,13927,2,4,,1,54,,13931,1,0,18 19 16 17,1,6,,13964,2,4,,1,14,,14013,1,0,18 19 16 17,1,6,,14034,2,4,,1,1,,13942,3,0,11 2 5 12,1,13,,14025,1,0,18 19 16 17,1,6,,14001,2,4,,1,54,,13991,1,0,18 19 16 17,1,6,,13987,2,4,,1,14,,13967,1,0,18 19 16 17,1,6,,14029,2,4,,1,1,,14016,3,0,11 2 5 12,1,13,,13929,1,0,18 19 16 17,1,6,,13968,2,4,,1,54,,14006,1,0,18 19 16 17,1,6,,13998,2,4,,1,14,,14000,1,0,18 19 16 17,1,6,,13945,2,4,,1,1,,13963,3,0,11 2 5 12,1,13,,13977,1,0,18 19 16 17,1,6,,13984,2,4,,1,54,,13973,1,0,18 19 16 17,1,6,,13954,2,4,,1,14,,13966,1,0,18 19 16 17,1,6,,14011,2,4,,1,1,,13939,3,0,11 2 5 12,1,13,,13930,1,0,18 19 16 17,1,6,,14033,2,4,,1,54,,13972,1,0,18 19 16 17,1,6,,13937,2,4,,1,14,,13933,1,0,18 19 16 17,1,6,,13990,2,4,,1,1,,14009,3,0,11 2 5 12,1,13,,13950,1,0,18 19 16 17,1,6,,14018,2,4,,1,54,,13986,1,0,18 19 16 17,1,6,,13994,2,4,,1,14,,13971,1,0,18 19 16 17,1,6,,14004,2,4,,1,1,,13980,3,0,11 2 5 12,1,13,,14002,1,0,18 19 16 17,1,6,,14012,2,4,,1,54,,13928,1,0,18 19 16 17,1,6,,13961,2,4,,1,14,,14030,1,0,18 19 16 17,1,6,,13993,2,4,,1,1,,13953,3,0,11 2 5 12,1,13,,13981,1,0,18 19 16 17,1,6,,13969,2,4,,1,54,,13944,1,0,18 19 16 17,1,6,,14032,2,4,,1,14,,14022,1,0,18 19 16 17,1,2,,13948,5,0,20 21 30 12,1,4,,13949,2,4,,1,14,,14017,1,0,18 19 16 17,1,6,,13999,2,4,,1,54,,13985,1,0,18 19 16 17,1,6,,13940,2,4,,1,14,,13978,1,0,18 19 16 17,1,2,,14023,5,0,20 21 30 12,1,4,,13934,2,4,,1,14,,14027,1,0,18 19 16 17,1,6,,14021,2,4,,1,54,,14014,1,0,18 19 16 17,1,6,,13974,2,4,,1,14,,14015,1,0,18 19 16 17,1,2,,13958,5,0,20 21 30 12,1,4,,13926,2,4,,1,14,,14003,1,0,18 19 16 17,1,6,,14005,2,4,,1,54,,14007,1,0,18 19 16 17,1,6,,13965,2,4,,1,14,,13962,1,0,18 19 16 17,1,6,,13997,2,4,,1,1,,13983,5,0,20 21 30 12,1,13,,13970,1,0,18 19 16 17,1,6,,14019,2,4,,1,54,,13936,1,0,18 19 16 17,1,6,,13955,2,4,,1,14,,14024,1,0,18 19 16 17,1,6,,14026,2,4,,1,1,,13996,5,0,20 21 30 12,1,13,,14035,1,0,18 19 16 17,1,6,,14020,2,4,,1,54,,13943,1,0,18 19 16 17,1,6,,13959,2,4,,1,14,,13992,1,0,18 19 16 17,1,6,,13975,2,4,,1,1,,13960,5,0,20 21 30 12,1,13,,13979,1,0,18 19 16 17,1,6,,13957,2,4,,1,54,,13947,1,0,18 19 16 17,1,6,,13988,2,4,,1,14,,13941,1,0,18 19 16 17,1,6,,14031,2,4,,1,1,,13951,5,0,20 21 30 12,1,13,,13946,1,0,18 19 16 17,1
4501,'9',711,,14045,2,4,,1,14,,14047,1,0,18 19 16 17,1,6,,14099,2,4,,1,1,,14051,3,0,11 2 5 12,1,13,,14134,1,0,18 19 16 17,1,6,,14068,2,4,,1,54,,14137,1,0,18 19 16 17,1,6,,14121,2,4,,1,14,,14096,1,0,18 19 16 17,1,6,,14073,2,4,,1,1,,14136,3,0,11 2 5 12,1,13,,14036,1,0,18 19 16 17,1,6,,14064,2,4,,1,54,,14040,1,0,18 19 16 17,1,6,,14087,2,4,,1,14,,14041,1,0,18 19 16 17,1,6,,14117,2,4,,1,1,,14140,3,0,11 2 5 12,1,13,,14111,1,0,18 19 16 17,1,6,,14131,2,4,,1,54,,14124,1,0,18 19 16 17,1,6,,14143,2,4,,1,14,,14076,1,0,18 19 16 17,1,6,,14118,2,4,,1,1,,14145,3,0,11 2 5 12,1,13,,14075,1,0,18 19 16 17,1,6,,14116,2,4,,1,54,,14092,1,0,18 19 16 17,1,6,,14127,2,4,,1,14,,14120,1,0,18 19 16 17,1,6,,14037,2,4,,1,1,,14042,3,0,11 2 5 12,1,13,,14113,1,0,18 19 16 17,1,6,,14048,2,4,,1,54,,14061,1,0,18 19 16 17,1,6,,14106,2,4,,1,14,,14142,1,0,18 19 16 17,1,6,,14059,2,4,,1,1,,14103,3,0,11 2 5 12,1,13,,14074,1,0,18 19 16 17,1,6,,14107,2,4,,1,54,,14088,1,0,18 19 16 17,1,6,,14049,2,4,,1,14,,14081,1,0,18 19 16 17,1,6,,14122,2,4,,1,1,,14067,3,0,11 2 5 12,1,13,,14046,1,0,18 19 16 17,1,6,,14093,2,4,,1,54,,14114,1,0,18 19 16 17,1,6,,14089,2,4,,1,14,,14058,1,0,18 19 16 17,1,6,,14090,2,4,,1,1,,14138,3,0,11 2 5 12,1,13,,14078,1,0,18 19 16 17,1,6,,14104,2,4,,1,54,,14123,1,0,18 19 16 17,1,6,,14043,2,4,,1,14,,14086,1,0,18 19 16 17,1,6,,14085,2,4,,1,1,,14069,3,0,11 2 5 12,1,13,,14060,1,0,18 19 16 17,1,6,,14125,2,4,,1,54,,14112,1,0,18 19 16 17,1,6,,14057,2,4,,1,14,,14130,1,0,18 19 16 17,1,2,,14082,5,0,20 21 30 12,1,4,,14119,2,4,,1,14,,14038,1,0,18 19 16 17,1,6,,14080,2,4,,1,54,,14066,1,0,18 19 16 17,1,6,,14065,2,4,,1,14,,14083,1,0,18 19 16 17,1,2,,14100,5,0,20 21 30 12,1,4,,14053,2,4,,1,14,,14063,1,0,18 19 16 17,1,6,,14144,2,4,,1,54,,14044,1,0,18 19 16 17,1,6,,14102,2,4,,1,14,,14132,1,0,18 19 16 17,1,2,,14141,5,0,20 21 30 12,1,4,,14097,2,4,,1,14,,14095,1,0,18 19 16 17,1,6,,14091,2,4,,1,54,,14054,1,0,18 19 16 17,1,6,,14110,2,4,,1,14,,14109,1,0,18 19 16 17,1,6,,14101,2,4,,1,1,,14126,5,0,20 21 30 12,1,13,,14079,1,0,18 19 16 17,1,6,,14098,2,4,,1,54,,14115,1,0,18 19 16 17,1,6,,14039,2,4,,1,14,,14072,1,0,18 19 16 17,1,6,,14071,2,4,,1,1,,14084,5,0,20 21 30 12,1,13,,14139,1,0,18 19 16 17,1,6,,14062,2,4,,1,54,,14077,1,0,18 19 16 17,1,6,,14094,2,4,,1,14,,14050,1,0,18 19 16 17,1,6,,14055,2,4,,1,1,,14128,5,0,20 21 30 12,1,13,,14052,1,0,18 19 16 17,1,6,,14135,2,4,,1,54,,14105,1,0,18 19 16 17,1,6,,14056,2,4,,1,14,,14133,1,0,18 19 16 17,1,6,,14070,2,4,,1,1,,14108,5,0,20 21 30 12,1,13,,14129,1,0,18 19 16 17,1
