2500,'1',720,,11794,14,0,26 27 28,1,100,,12296,14,0,26 27 28,1,100,,12297,14,0,26 27 28,1,100,,12302,14,0,26 27 28,1,100,,12301,14,0,26 27 28,1,100,,12310,14,0,26 27 28,1,100,,12308,14,0,26 27 28,1,100,,12306,14,0,26 27 28,1,100,,12299,14,0,26 27 28,1,100,,12309,14,0,26 27 28,1,100,,12307,14,0,26 27 28,1,100,,12300,14,0,26 27 28,1,100,,12298,14,0,26 27 28,1,100,,12305,14,0,26 27 28,1,100,,12303,14,0,26 27 28,1,100,,12304,14,0,26 27 28,1
2500,'10',1020,,12318,14,0,26 27 28,1,100,,12311,14,0,26 27 28,1,100,,12314,14,0,26 27 28,1,100,,12312,14,0,26 27 28,1,100,,12315,14,0,26 27 28,1,100,,12316,14,0,26 27 28,1,100,,12317,14,0,26 27 28,1,100,,12313,14,0,26 27 28,1
2500,'11',1020,,12324,14,0,26 27 28,1,100,,12325,14,0,26 27 28,1,100,,12322,14,0,26 27 28,1,100,,12323,14,0,26 27 28,1,100,,12319,14,0,26 27 28,1,100,,12320,14,0,26 27 28,1,100,,12321,14,0,26 27 28,1,100,,12326,14,0,26 27 28,1
2500,'2',720,,12330,14,0,26 27 28,1,100,,12329,14,0,26 27 28,1,100,,12334,14,0,26 27 28,1,100,,12335,14,0,26 27 28,1,100,,12337,14,0,26 27 28,1,100,,12333,14,0,26 27 28,1,100,,12341,14,0,26 27 28,1,100,,12328,14,0,26 27 28,1,100,,12339,14,0,26 27 28,1,100,,12331,14,0,26 27 28,1,100,,12338,14,0,26 27 28,1,100,,12340,14,0,26 27 28,1,100,,12332,14,0,26 27 28,1,100,,12327,14,0,26 27 28,1,100,,12342,14,0,26 27 28,1,100,,12336,14,0,26 27 28,1
2500,'3',720,,12351,14,0,26 27 28,1,100,,12356,14,0,26 27 28,1,100,,12353,14,0,26 27 28,1,100,,12350,14,0,26 27 28,1,100,,12355,14,0,26 27 28,1,100,,12354,14,0,26 27 28,1,100,,12348,14,0,26 27 28,1,100,,12352,14,0,26 27 28,1,100,,12344,14,0,26 27 28,1,100,,12345,14,0,26 27 28,1,100,,12357,14,0,26 27 28,1,100,,12358,14,0,26 27 28,1,100,,12346,14,0,26 27 28,1,100,,12343,14,0,26 27 28,1,100,,12349,14,0,26 27 28,1,100,,12347,14,0,26 27 28,1
2500,'4',720,,12367,14,0,26 27 28,1,100,,12373,14,0,26 27 28,1,100,,12359,14,0,26 27 28,1,100,,12370,14,0,26 27 28,1,100,,12364,14,0,26 27 28,1,100,,12372,14,0,26 27 28,1,100,,12362,14,0,26 27 28,1,100,,12371,14,0,26 27 28,1,100,,11778,14,0,26 27 28,1,100,,12363,14,0,26 27 28,1,100,,12360,14,0,26 27 28,1,100,,12368,14,0,26 27 28,1,100,,12369,14,0,26 27 28,1,100,,12361,14,0,26 27 28,1,100,,12366,14,0,26 27 28,1,100,,12365,14,0,26 27 28,1
2500,'5',720,,12376,14,0,26 27 28,1,100,,12383,14,0,26 27 28,1,100,,12377,14,0,26 27 28,1,100,,12380,14,0,26 27 28,1,100,,12386,14,0,26 27 28,1,100,,12375,14,0,26 27 28,1,100,,12381,14,0,26 27 28,1,100,,12382,14,0,26 27 28,1,100,,12384,14,0,26 27 28,1,100,,12389,14,0,26 27 28,1,100,,12379,14,0,26 27 28,1,100,,12387,14,0,26 27 28,1,100,,12378,14,0,26 27 28,1,100,,12374,14,0,26 27 28,1,100,,12385,14,0,26 27 28,1,100,,12388,14,0,26 27 28,1
2500,'6',1020,,12391,14,0,26 27 28,1,100,,12397,14,0,26 27 28,1,100,,12395,14,0,26 27 28,1,100,,12394,14,0,26 27 28,1,100,,12396,14,0,26 27 28,1,100,,12390,14,0,26 27 28,1,100,,12393,14,0,26 27 28,1,100,,12392,14,0,26 27 28,1
2500,'7',720,,12412,14,0,26 27 28,1,100,,12400,14,0,26 27 28,1,100,,12402,14,0,26 27 28,1,100,,12408,14,0,26 27 28,1,100,,12413,14,0,26 27 28,1,100,,12409,14,0,26 27 28,1,100,,12404,14,0,26 27 28,1,100,,12401,14,0,26 27 28,1,100,,12410,14,0,26 27 28,1,100,,12398,14,0,26 27 28,1,100,,12399,14,0,26 27 28,1,100,,12407,14,0,26 27 28,1,100,,12405,14,0,26 27 28,1,100,,12406,14,0,26 27 28,1,100,,12403,14,0,26 27 28,1,100,,12411,14,0,26 27 28,1
2500,'8',720,,12417,14,0,26 27 28,1,100,,12424,14,0,26 27 28,1,100,,12414,14,0,26 27 28,1,100,,12423,14,0,26 27 28,1,100,,12422,14,0,26 27 28,1,100,,12426,14,0,26 27 28,1,100,,12420,14,0,26 27 28,1,100,,12416,14,0,26 27 28,1,100,,12428,14,0,26 27 28,1,100,,12419,14,0,26 27 28,1,100,,12421,14,0,26 27 28,1,100,,12425,14,0,26 27 28,1,100,,12415,14,0,26 27 28,1,100,,12427,14,0,26 27 28,1,100,,12429,14,0,26 27 28,1,100,,12418,14,0,26 27 28,1
2500,'9',720,,12438,14,0,26 27 28,1,100,,12433,14,0,26 27 28,1,100,,12432,14,0,26 27 28,1,100,,12440,14,0,26 27 28,1,100,,12445,14,0,26 27 28,1,100,,12430,14,0,26 27 28,1,100,,12431,14,0,26 27 28,1,100,,12441,14,0,26 27 28,1,100,,12434,14,0,26 27 28,1,100,,12442,14,0,26 27 28,1,100,,12439,14,0,26 27 28,1,100,,12437,14,0,26 27 28,1,100,,12436,14,0,26 27 28,1,100,,12435,14,0,26 27 28,1,100,,12443,14,0,26 27 28,1,100,,12444,14,0,26 27 28,1
