3400,'2',709,,12601,2,0,5 6 7 8 2 9 8,1,130,,12603,2,0,5 6 7 8 2 9 8,1,170,,12606,2,0,5 6 7 8 2 9 8,1,130,,12602,2,0,5 6 7 8 2 9 8,1,170,,12599,2,0,5 6 7 8 2 9 8,1,130,,12607,2,0,5 6 7 8 2 9 8,1,170,,12600,2,0,5 6 7 8 2 9 8,1,130,,12598,2,0,5 6 7 8 2 9 8,1,170,,12604,2,0,5 6 7 8 2 9 8,1,130,,12605,2,0,5 6 7 8 2 9 8,1
3400,'3',709,,12609,2,0,5 6 7 8 2 9 8,1,130,,12616,2,0,5 6 7 8 2 9 8,1,170,,12610,2,0,5 6 7 8 2 9 8,1,130,,12615,2,0,5 6 7 8 2 9 8,1,170,,12617,2,0,5 6 7 8 2 9 8,1,130,,12614,2,0,5 6 7 8 2 9 8,1,170,,12612,2,0,5 6 7 8 2 9 8,1,130,,12608,2,0,5 6 7 8 2 9 8,1,170,,12613,2,0,5 6 7 8 2 9 8,1,130,,12611,2,0,5 6 7 8 2 9 8,1
3400,'4',709,,12626,2,0,5 6 7 8 2 9 8,1,130,,12621,2,0,5 6 7 8 2 9 8,1,170,,12620,2,0,5 6 7 8 2 9 8,1,130,,11852,2,0,5 6 7 8 2 9 8,1,170,,12619,2,0,5 6 7 8 2 9 8,1,130,,12622,2,0,5 6 7 8 2 9 8,1,170,,12624,2,0,5 6 7 8 2 9 8,1,130,,12623,2,0,5 6 7 8 2 9 8,1,170,,12618,2,0,5 6 7 8 2 9 8,1,130,,12625,2,0,5 6 7 8 2 9 8,1
3400,'7',709,,12635,2,0,5 6 7 8 2 9 8,1,130,,12627,2,0,5 6 7 8 2 9 8,1,170,,12628,2,0,5 6 7 8 2 9 8,1,130,,12630,2,0,5 6 7 8 2 9 8,1,170,,12631,2,0,5 6 7 8 2 9 8,1,130,,12634,2,0,5 6 7 8 2 9 8,1,170,,12629,2,0,5 6 7 8 2 9 8,1,130,,12632,2,0,5 6 7 8 2 9 8,1,170,,12633,2,0,5 6 7 8 2 9 8,1,130,,12636,2,0,5 6 7 8 2 9 8,1
3400,'8',709,,12640,2,0,5 6 7 8 2 9 8,1,130,,12637,2,0,5 6 7 8 2 9 8,1,170,,12646,2,0,5 6 7 8 2 9 8,1,130,,12644,2,0,5 6 7 8 2 9 8,1,170,,12641,2,0,5 6 7 8 2 9 8,1,130,,12643,2,0,5 6 7 8 2 9 8,1,170,,12642,2,0,5 6 7 8 2 9 8,1,130,,12638,2,0,5 6 7 8 2 9 8,1,170,,12645,2,0,5 6 7 8 2 9 8,1,130,,12639,2,0,5 6 7 8 2 9 8,1
3400,'9',709,,12647,2,0,5 6 7 8 2 9 8,1,130,,12649,2,0,5 6 7 8 2 9 8,1,170,,12651,2,0,5 6 7 8 2 9 8,1,130,,12656,2,0,5 6 7 8 2 9 8,1,170,,12648,2,0,5 6 7 8 2 9 8,1,130,,12652,2,0,5 6 7 8 2 9 8,1,170,,12650,2,0,5 6 7 8 2 9 8,1,130,,12655,2,0,5 6 7 8 2 9 8,1,170,,12653,2,0,5 6 7 8 2 9 8,1,130,,12654,2,0,5 6 7 8 2 9 8,1
3401,'2',812,,12665,4,0,5 6 7 8 2 7 10,1,130,,12657,4,0,5 6 7 8 2 7 10,1,170,,12661,4,0,5 6 7 8 2 7 10,1,130,,12659,4,0,5 6 7 8 2 7 10,1,170,,12662,4,0,5 6 7 8 2 7 10,1,130,,12660,4,0,5 6 7 8 2 7 10,1,170,,12664,4,0,5 6 7 8 2 7 10,1,130,,12666,4,0,5 6 7 8 2 7 10,1,170,,12663,4,0,5 6 7 8 2 7 10,1,130,,12658,4,0,5 6 7 8 2 7 10,1
3401,'3',812,,12673,4,0,5 6 7 8 2 7 10,1,130,,12674,4,0,5 6 7 8 2 7 10,1,170,,12668,4,0,5 6 7 8 2 7 10,1,130,,12675,4,0,5 6 7 8 2 7 10,1,170,,12667,4,0,5 6 7 8 2 7 10,1,130,,12676,4,0,5 6 7 8 2 7 10,1,170,,12671,4,0,5 6 7 8 2 7 10,1,130,,12669,4,0,5 6 7 8 2 7 10,1,170,,12670,4,0,5 6 7 8 2 7 10,1,130,,12672,4,0,5 6 7 8 2 7 10,1
3401,'4',812,,12683,4,0,5 6 7 8 2 7 10,1,130,,12679,4,0,5 6 7 8 2 7 10,1,170,,12678,4,0,5 6 7 8 2 7 10,1,130,,12684,4,0,5 6 7 8 2 7 10,1,170,,12686,4,0,5 6 7 8 2 7 10,1,130,,12682,4,0,5 6 7 8 2 7 10,1,170,,12680,4,0,5 6 7 8 2 7 10,1,130,,12677,4,0,5 6 7 8 2 7 10,1,170,,12685,4,0,5 6 7 8 2 7 10,1,130,,12681,4,0,5 6 7 8 2 7 10,1
3401,'7',812,,12690,4,0,5 6 7 8 2 7 10,1,130,,12694,4,0,5 6 7 8 2 7 10,1,170,,12692,4,0,5 6 7 8 2 7 10,1,130,,12696,4,0,5 6 7 8 2 7 10,1,170,,12689,4,0,5 6 7 8 2 7 10,1,130,,12691,4,0,5 6 7 8 2 7 10,1,170,,12693,4,0,5 6 7 8 2 7 10,1,130,,12695,4,0,5 6 7 8 2 7 10,1,170,,12687,4,0,5 6 7 8 2 7 10,1,130,,12688,4,0,5 6 7 8 2 7 10,1
3401,'8',812,,12700,4,0,5 6 7 8 2 7 10,1,130,,12698,4,0,5 6 7 8 2 7 10,1,170,,12701,4,0,5 6 7 8 2 7 10,1,130,,12704,4,0,5 6 7 8 2 7 10,1,170,,12703,4,0,5 6 7 8 2 7 10,1,130,,12697,4,0,5 6 7 8 2 7 10,1,170,,12699,4,0,5 6 7 8 2 7 10,1,130,,12702,4,0,5 6 7 8 2 7 10,1,170,,12705,4,0,5 6 7 8 2 7 10,1,130,,12706,4,0,5 6 7 8 2 7 10,1
3401,'9',812,,12715,4,0,5 6 7 8 2 7 10,1,130,,12716,4,0,5 6 7 8 2 7 10,1,170,,12710,4,0,5 6 7 8 2 7 10,1,130,,12711,4,0,5 6 7 8 2 7 10,1,170,,12707,4,0,5 6 7 8 2 7 10,1,130,,12712,4,0,5 6 7 8 2 7 10,1,170,,12708,4,0,5 6 7 8 2 7 10,1,130,,12709,4,0,5 6 7 8 2 7 10,1,170,,12713,4,0,5 6 7 8 2 7 10,1,130,,12714,4,0,5 6 7 8 2 7 10,1
6001,'1',748,,14454,9,4,,1,100,,14449,9,4,,1,100,,14451,9,4,,1,100,,14455,9,4,,1,100,,14453,9,4,,1,100,,14464,9,4,,1,100,,14461,9,4,,1,100,,14463,9,4,,1,100,,14460,9,4,,1,100,,14450,9,4,,1,100,,14459,9,4,,1,100,,14458,9,4,,1,100,,14457,9,4,,1,100,,14462,9,4,,1,100,,14456,9,4,,1,100,,14452,9,4,,1
6001,'10',1048,,14466,9,4,,1,100,,14472,9,4,,1,100,,14465,9,4,,1,100,,14469,9,4,,1,100,,14471,9,4,,1,100,,14470,9,4,,1,100,,14468,9,4,,1,100,,14467,9,4,,1
6001,'11',1048,,14474,9,4,,1,100,,14475,9,4,,1,100,,14480,9,4,,1,100,,14478,9,4,,1,100,,14477,9,4,,1,100,,14479,9,4,,1,100,,14473,9,4,,1,100,,14476,9,4,,1
6001,'2',736,,14529,4,4,,1,10,,14519,2,4,,1,2,,14530,8,4,,1,58,,14495,4,4,,1,8,,14527,2,4,,1,4,,14492,8,4,,1,18,,14481,4,4,,1,10,,14526,2,4,,1,2,,14493,8,4,,1,58,,14498,4,4,,1,8,,14531,2,4,,1,4,,14505,8,4,,1,21,,14501,2,4,,1,9,,14494,8,4,,1,66,,14514,2,4,,1,4,,14509,8,4,,1,30,,14502,8,4,,1,70,,14485,8,4,,1,30,,14515,8,4,,1,70,,14507,8,4,,1,30,,14508,8,4,,1,70,,14513,8,4,,1,30,,14522,8,4,,1,70,,14523,8,4,,1,30,,14516,8,4,,1,70,,14520,8,4,,1,6,,14488,2,4,,1,24,,14487,8,4,,1,6,,14506,2,4,,1,62,,14482,2,4,,1,2,,14528,8,4,,1,6,,14524,2,4,,1,22,,14486,2,4,,1,2,,14491,8,4,,1,6,,14521,2,4,,1,62,,14532,2,4,,1,2,,14496,8,4,,1,6,,14500,2,4,,1,22,,14512,2,4,,1,2,,14484,9,4,,1,6,,14499,2,4,,1,62,,14510,2,4,,1,2,,9425,9,4,,1,30,,14490,9,4,,1,70,,14483,9,4,,1,30,,14503,9,4,,1,70,,14497,9,4,,1,30,,14518,9,4,,1,70,,14525,9,4,,1,30,,14511,9,4,,1,70,,14517,9,4,,1,30,,14489,9,4,,1,70,,14504,9,4,,1
6001,'3',736,,14559,4,4,,1,10,,14550,2,4,,1,2,,14535,8,4,,1,58,,14536,4,4,,1,8,,14569,2,4,,1,4,,14548,8,4,,1,18,,14557,4,4,,1,10,,14577,2,4,,1,2,,14547,8,4,,1,58,,14579,4,4,,1,8,,14574,2,4,,1,4,,14565,8,4,,1,21,,14570,2,4,,1,9,,14575,8,4,,1,66,,14568,2,4,,1,4,,14543,8,4,,1,30,,14554,8,4,,1,70,,14546,8,4,,1,30,,14571,8,4,,1,70,,14538,8,4,,1,30,,14561,8,4,,1,70,,14552,8,4,,1,30,,14556,8,4,,1,70,,14567,8,4,,1,30,,14533,8,4,,1,70,,14539,8,4,,1,6,,14585,2,4,,1,24,,14540,8,4,,1,6,,14563,2,4,,1,62,,14578,2,4,,1,2,,14564,8,4,,1,6,,14573,2,4,,1,22,,14583,2,4,,1,2,,14581,8,4,,1,6,,14562,2,4,,1,62,,14584,2,4,,1,2,,14555,8,4,,1,6,,14576,2,4,,1,22,,14558,2,4,,1,2,,14544,9,4,,1,6,,14549,2,4,,1,62,,14541,2,4,,1,2,,14551,9,4,,1,30,,14580,9,4,,1,70,,14560,9,4,,1,30,,14582,9,4,,1,70,,14542,9,4,,1,30,,14545,9,4,,1,70,,14537,9,4,,1,30,,14566,9,4,,1,70,,14572,9,4,,1,30,,14553,9,4,,1,70,,14534,9,4,,1
6001,'4',736,,14599,4,4,,1,10,,14637,2,4,,1,2,,14625,8,4,,1,58,,14601,4,4,,1,8,,14608,2,4,,1,4,,14604,8,4,,1,18,,14616,4,4,,1,10,,14613,2,4,,1,2,,14622,8,4,,1,58,,14636,4,4,,1,8,,14588,2,4,,1,4,,14623,8,4,,1,21,,14630,2,4,,1,9,,14614,8,4,,1,66,,14627,2,4,,1,4,,14596,8,4,,1,30,,14617,8,4,,1,70,,14624,8,4,,1,30,,14589,8,4,,1,70,,14632,8,4,,1,30,,14615,8,4,,1,70,,11120,8,4,,1,30,,14597,8,4,,1,70,,14629,8,4,,1,30,,14635,8,4,,1,70,,14609,8,4,,1,6,,14620,2,4,,1,24,,14598,8,4,,1,6,,14611,2,4,,1,62,,14626,2,4,,1,2,,14600,8,4,,1,6,,14590,2,4,,1,22,,14634,2,4,,1,2,,14586,8,4,,1,6,,14593,2,4,,1,62,,14603,2,4,,1,2,,14612,8,4,,1,6,,14606,2,4,,1,22,,14592,2,4,,1,2,,14633,9,4,,1,6,,14628,2,4,,1,62,,14591,2,4,,1,2,,14631,9,4,,1,30,,14605,9,4,,1,70,,14607,9,4,,1,30,,14595,9,4,,1,70,,14618,9,4,,1,30,,14602,9,4,,1,70,,14587,9,4,,1,30,,14621,9,4,,1,70,,14610,9,4,,1,30,,14594,9,4,,1,70,,14619,9,4,,1
6001,'5',748,,14642,9,4,,1,100,,14641,9,4,,1,100,,14652,9,4,,1,100,,14645,9,4,,1,100,,14648,9,4,,1,100,,14649,9,4,,1,100,,14638,9,4,,1,100,,14643,9,4,,1,100,,14650,9,4,,1,100,,14651,9,4,,1,100,,14644,9,4,,1,100,,14647,9,4,,1,100,,14640,9,4,,1,100,,14639,9,4,,1,100,,14646,9,4,,1,100,,14653,9,4,,1
6001,'6',1048,,14659,9,4,,1,100,,14655,9,4,,1,100,,14660,9,4,,1,100,,14654,9,4,,1,100,,14656,9,4,,1,100,,14657,9,4,,1,100,,14658,9,4,,1,100,,14661,9,4,,1
6001,'7',736,,14687,4,4,,1,10,,14688,2,4,,1,2,,14684,8,4,,1,58,,14698,4,4,,1,8,,14672,2,4,,1,4,,14663,8,4,,1,18,,14666,4,4,,1,10,,14665,2,4,,1,2,,14702,8,4,,1,58,,14668,4,4,,1,8,,14691,2,4,,1,4,,14700,8,4,,1,21,,14674,2,4,,1,9,,14710,8,4,,1,66,,14662,2,4,,1,4,,14682,8,4,,1,30,,14706,8,4,,1,70,,14667,8,4,,1,30,,14692,8,4,,1,70,,14675,8,4,,1,30,,14712,8,4,,1,70,,14686,8,4,,1,30,,14696,8,4,,1,70,,14694,8,4,,1,30,,14678,8,4,,1,70,,14689,8,4,,1,6,,14669,2,4,,1,24,,14673,8,4,,1,6,,14693,2,4,,1,62,,14695,2,4,,1,2,,14713,8,4,,1,6,,14705,2,4,,1,22,,14714,2,4,,1,2,,14671,8,4,,1,6,,14679,2,4,,1,62,,14703,2,4,,1,2,,14670,8,4,,1,6,,14681,2,4,,1,22,,14677,2,4,,1,2,,14701,9,4,,1,6,,14683,2,4,,1,62,,14707,2,4,,1,2,,14680,9,4,,1,30,,14704,9,4,,1,70,,14699,9,4,,1,30,,14697,9,4,,1,70,,14709,9,4,,1,30,,14711,9,4,,1,70,,14676,9,4,,1,30,,14690,9,4,,1,70,,14708,9,4,,1,30,,14664,9,4,,1,70,,14685,9,4,,1
6001,'8',736,,14720,4,4,,1,10,,14716,2,4,,1,2,,14740,8,4,,1,58,,14767,4,4,,1,8,,14754,2,4,,1,4,,14763,8,4,,1,18,,14722,4,4,,1,10,,14719,2,4,,1,2,,14739,8,4,,1,58,,14725,4,4,,1,8,,14732,2,4,,1,4,,14760,8,4,,1,21,,14728,2,4,,1,9,,14748,8,4,,1,66,,14742,2,4,,1,4,,14764,8,4,,1,30,,14721,8,4,,1,70,,14744,8,4,,1,30,,14741,8,4,,1,70,,14734,8,4,,1,30,,14729,8,4,,1,70,,14757,8,4,,1,30,,14727,8,4,,1,70,,14730,8,4,,1,30,,14737,8,4,,1,70,,14761,8,4,,1,6,,14746,2,4,,1,24,,14749,8,4,,1,6,,14758,2,4,,1,62,,14747,2,4,,1,2,,14743,8,4,,1,6,,14726,2,4,,1,22,,14753,2,4,,1,2,,14756,8,4,,1,6,,14735,2,4,,1,62,,14715,2,4,,1,2,,14731,8,4,,1,6,,14766,2,4,,1,22,,14765,2,4,,1,2,,14751,9,4,,1,6,,14738,2,4,,1,62,,14759,2,4,,1,2,,14752,9,4,,1,30,,14717,9,4,,1,70,,14762,9,4,,1,30,,14755,9,4,,1,70,,14723,9,4,,1,30,,14736,9,4,,1,70,,14745,9,4,,1,30,,14724,9,4,,1,70,,14750,9,4,,1,30,,14733,9,4,,1,70,,14718,9,4,,1
6001,'9',736,,14782,4,4,,1,10,,14819,2,4,,1,2,,14820,8,4,,1,58,,14792,4,4,,1,8,,14800,2,4,,1,4,,14805,8,4,,1,18,,14798,4,4,,1,10,,14811,2,4,,1,2,,14797,8,4,,1,58,,14806,4,4,,1,8,,14801,2,4,,1,4,,14781,8,4,,1,21,,14796,2,4,,1,9,,14804,8,4,,1,66,,14769,2,4,,1,4,,14783,8,4,,1,30,,14814,8,4,,1,70,,14807,8,4,,1,30,,14802,8,4,,1,70,,14786,8,4,,1,30,,14784,8,4,,1,70,,14808,8,4,,1,30,,14809,8,4,,1,70,,14815,8,4,,1,30,,14775,8,4,,1,70,,14771,8,4,,1,6,,14778,2,4,,1,24,,14770,8,4,,1,6,,14772,2,4,,1,62,,14793,2,4,,1,2,,14768,8,4,,1,6,,14780,2,4,,1,22,,14785,2,4,,1,2,,14817,8,4,,1,6,,14795,2,4,,1,62,,14812,2,4,,1,2,,14803,8,4,,1,6,,14788,2,4,,1,22,,14779,2,4,,1,2,,14813,9,4,,1,6,,14791,2,4,,1,62,,14773,2,4,,1,2,,14774,9,4,,1,30,,14818,9,4,,1,70,,14776,9,4,,1,30,,14787,9,4,,1,70,,14810,9,4,,1,30,,14799,9,4,,1,70,,14789,9,4,,1,30,,14790,9,4,,1,70,,14794,9,4,,1,30,,14816,9,4,,1,70,,14777,9,4,,1
6501,'1',700,,14827,1,0,20 21 5 12,1,100,,14824,1,0,20 21 5 12,1,100,,14831,1,0,20 21 5 12,1,100,,14830,1,0,20 21 5 12,1,100,,14832,1,0,20 21 5 12,1,100,,14835,1,0,20 21 5 12,1,100,,14828,1,0,20 21 5 12,1,100,,14836,1,0,20 21 5 12,1,100,,14822,1,0,20 21 5 12,1,100,,14833,1,0,20 21 5 12,1,100,,14826,1,0,20 21 5 12,1,100,,14825,1,0,20 21 5 12,1,100,,14821,1,0,20 21 5 12,1,100,,14823,1,0,20 21 5 12,1,100,,14829,1,0,20 21 5 12,1,100,,14834,1,0,20 21 5 12,1
6501,'10',1000,,14842,1,0,20 21 5 12,1,100,,14843,1,0,20 21 5 12,1,100,,14841,1,0,20 21 5 12,1,100,,14837,1,0,20 21 5 12,1,100,,14844,1,0,20 21 5 12,1,100,,14840,1,0,20 21 5 12,1,100,,14839,1,0,20 21 5 12,1,100,,14838,1,0,20 21 5 12,1
6501,'11',1000,,14848,1,0,20 21 5 12,1,100,,14846,1,0,20 21 5 12,1,100,,14847,1,0,20 21 5 12,1,100,,14849,1,0,20 21 5 12,1,100,,14845,1,0,20 21 5 12,1,100,,14852,1,0,20 21 5 12,1,100,,14850,1,0,20 21 5 12,1,100,,14851,1,0,20 21 5 12,1
6501,'2',700,,14881,1,0,11 2 5 12,1,30,,14865,1,0,11 2 5 12,1,6,,14895,1,0,13 2 14 15 16 17,1,11,,14904,1,0,18 2 19 16 17,1,53,,14892,1,0,11 2 5 12,1,8,,14872,1,0,13 2 14 15 16 17,1,7,,14863,1,0,18 2 19 16 17,1,15,,14873,1,0,11 2 5 12,1,6,,14902,1,0,13 2 14 15 16 17,1,11,,14889,1,0,18 2 19 16 17,1,53,,14886,1,0,11 2 5 12,1,8,,14864,1,0,13 2 14 15 16 17,1,7,,14879,1,0,18 2 19 16 17,1,15,,14857,1,0,11 2 5 12,1,10,,14893,1,0,13 2 14 15 16 17,1,60,,14906,1,0,11 2 5 12,1,30,,14867,1,0,11 2 5 12,1,70,,14907,1,0,11 2 5 12,1,30,,14894,1,0,11 2 5 12,1,70,,14870,1,0,11 2 5 12,1,30,,14882,1,0,11 2 5 12,1,70,,14869,1,0,11 2 5 12,1,30,,14858,1,0,11 2 5 12,1,70,,14891,1,0,11 2 5 12,1,30,,14884,1,0,11 2 5 12,1,70,,14880,1,0,13 2 14 15 16 17,1,17,,14887,1,0,18 2 19 16 17,1,13,,14899,1,0,13 2 14 15 16 17,1,17,,14860,1,0,18 2 19 16 17,1,53,,14875,1,0,13 2 14 15 16 17,1,17,,14878,1,0,18 2 19 16 17,1,13,,14897,1,0,13 2 14 15 16 17,1,17,,14855,1,0,18 2 19 16 17,1,53,,14876,1,0,13 2 14 15 16 17,1,17,,14888,1,0,18 2 19 16 17,1,13,,14856,1,0,13 2 14 15 16 17,1,17,,14866,1,0,18 2 19 16 17,1,53,,14854,1,0,13 2 14 15 16 17,1,17,,14898,1,0,18 2 19 16 17,1,13,,14861,1,0,20 21 5 12,1,70,,14885,1,0,20 21 5 12,1,30,,14883,1,0,20 21 5 12,1,70,,14871,1,0,20 21 5 12,1,30,,14859,1,0,20 21 5 12,1,70,,14862,1,0,20 21 5 12,1,30,,14890,1,0,20 21 5 12,1,70,,14901,1,0,20 21 5 12,1,30,,14900,1,0,20 21 5 12,1
6501,'3',700,,14954,1,0,11 2 5 12,1,30,,14950,1,0,11 2 5 12,1,6,,14922,1,0,13 2 14 15 16 17,1,11,,14939,1,0,18 2 19 16 17,1,53,,14960,1,0,11 2 5 12,1,8,,14946,1,0,13 2 14 15 16 17,1,7,,14958,1,0,18 2 19 16 17,1,15,,14956,1,0,11 2 5 12,1,6,,14915,1,0,13 2 14 15 16 17,1,11,,14930,1,0,18 2 19 16 17,1,53,,14935,1,0,11 2 5 12,1,8,,14948,1,0,13 2 14 15 16 17,1,7,,14961,1,0,18 2 19 16 17,1,15,,14952,1,0,11 2 5 12,1,10,,14957,1,0,13 2 14 15 16 17,1,60,,14923,1,0,11 2 5 12,1,30,,14926,1,0,11 2 5 12,1,70,,14929,1,0,11 2 5 12,1,30,,14931,1,0,11 2 5 12,1,70,,14908,1,0,11 2 5 12,1,30,,14941,1,0,11 2 5 12,1,70,,14927,1,0,11 2 5 12,1,30,,14921,1,0,11 2 5 12,1,70,,14937,1,0,11 2 5 12,1,30,,14943,1,0,11 2 5 12,1,70,,14932,1,0,13 2 14 15 16 17,1,17,,14947,1,0,18 2 19 16 17,1,13,,14940,1,0,13 2 14 15 16 17,1,17,,14933,1,0,18 2 19 16 17,1,53,,14919,1,0,13 2 14 15 16 17,1,17,,14936,1,0,18 2 19 16 17,1,13,,14925,1,0,13 2 14 15 16 17,1,17,,14910,1,0,18 2 19 16 17,1,53,,14944,1,0,13 2 14 15 16 17,1,17,,14951,1,0,18 2 19 16 17,1,13,,14959,1,0,13 2 14 15 16 17,1,17,,14909,1,0,18 2 19 16 17,1,53,,14962,1,0,13 2 14 15 16 17,1,17,,14955,1,0,18 2 19 16 17,1,13,,14917,1,0,20 21 5 12,1,70,,14938,1,0,20 21 5 12,1,30,,14920,1,0,20 21 5 12,1,70,,14911,1,0,20 21 5 12,1,30,,14913,1,0,20 21 5 12,1,70,,14928,1,0,20 21 5 12,1,30,,14918,1,0,20 21 5 12,1,70,,14914,1,0,20 21 5 12,1,30,,14912,1,0,20 21 5 12,1
6501,'4',700,,15016,1,0,11 2 5 12,1,30,,14989,1,0,11 2 5 12,1,6,,14976,1,0,13 2 14 15 16 17,1,11,,15005,1,0,18 2 19 16 17,1,53,,14986,1,0,11 2 5 12,1,8,,14993,1,0,13 2 14 15 16 17,1,7,,14994,1,0,18 2 19 16 17,1,15,,14974,1,0,11 2 5 12,1,6,,14980,1,0,13 2 14 15 16 17,1,11,,15014,1,0,18 2 19 16 17,1,53,,14988,1,0,11 2 5 12,1,8,,14978,1,0,13 2 14 15 16 17,1,7,,15000,1,0,18 2 19 16 17,1,15,,14987,1,0,11 2 5 12,1,10,,14965,1,0,13 2 14 15 16 17,1,60,,14963,1,0,11 2 5 12,1,30,,15007,1,0,11 2 5 12,1,70,,14990,1,0,11 2 5 12,1,30,,15013,1,0,11 2 5 12,1,70,,15003,1,0,11 2 5 12,1,30,,15001,1,0,11 2 5 12,1,70,,15015,1,0,11 2 5 12,1,30,,14981,1,0,11 2 5 12,1,70,,14966,1,0,11 2 5 12,1,30,,14971,1,0,11 2 5 12,1,70,,15002,1,0,13 2 14 15 16 17,1,17,,14983,1,0,18 2 19 16 17,1,13,,14973,1,0,13 2 14 15 16 17,1,17,,14984,1,0,18 2 19 16 17,1,53,,15011,1,0,13 2 14 15 16 17,1,17,,14996,1,0,18 2 19 16 17,1,13,,14968,1,0,13 2 14 15 16 17,1,17,,15012,1,0,18 2 19 16 17,1,53,,15006,1,0,13 2 14 15 16 17,1,17,,14964,1,0,18 2 19 16 17,1,13,,14985,1,0,13 2 14 15 16 17,1,17,,14995,1,0,18 2 19 16 17,1,53,,15008,1,0,13 2 14 15 16 17,1,17,,15009,1,0,18 2 19 16 17,1,13,,15004,1,0,20 21 5 12,1,70,,14992,1,0,20 21 5 12,1,30,,14997,1,0,20 21 5 12,1,70,,14972,1,0,20 21 5 12,1,30,,14998,1,0,20 21 5 12,1,70,,14969,1,0,20 21 5 12,1,30,,14967,1,0,20 21 5 12,1,70,,14982,1,0,20 21 5 12,1,30,,14991,1,0,20 21 5 12,1
6501,'5',700,,15031,1,0,20 21 5 12,1,100,,15020,1,0,20 21 5 12,1,100,,15027,1,0,20 21 5 12,1,100,,15033,1,0,20 21 5 12,1,100,,15032,1,0,20 21 5 12,1,100,,15024,1,0,20 21 5 12,1,100,,15021,1,0,20 21 5 12,1,100,,15022,1,0,20 21 5 12,1,100,,15026,1,0,20 21 5 12,1,100,,15023,1,0,20 21 5 12,1,100,,15028,1,0,20 21 5 12,1,100,,15018,1,0,20 21 5 12,1,100,,15030,1,0,20 21 5 12,1,100,,15025,1,0,20 21 5 12,1,100,,15029,1,0,20 21 5 12,1,100,,15019,1,0,20 21 5 12,1
6501,'6',1000,,15034,1,0,20 21 5 12,1,100,,15037,1,0,20 21 5 12,1,100,,15039,1,0,20 21 5 12,1,100,,15041,1,0,20 21 5 12,1,100,,15038,1,0,20 21 5 12,1,100,,15040,1,0,20 21 5 12,1,100,,15035,1,0,20 21 5 12,1,100,,15036,1,0,20 21 5 12,1
6501,'7',700,,15094,1,0,11 2 5 12,1,30,,15085,1,0,11 2 5 12,1,6,,15066,1,0,13 2 14 15 16 17,1,11,,15048,1,0,18 2 19 16 17,1,53,,15096,1,0,11 2 5 12,1,8,,15081,1,0,13 2 14 15 16 17,1,7,,15061,1,0,18 2 19 16 17,1,15,,15063,1,0,11 2 5 12,1,6,,15064,1,0,13 2 14 15 16 17,1,11,,15047,1,0,18 2 19 16 17,1,53,,15089,1,0,11 2 5 12,1,8,,15054,1,0,13 2 14 15 16 17,1,7,,15082,1,0,18 2 19 16 17,1,15,,15076,1,0,11 2 5 12,1,10,,15045,1,0,13 2 14 15 16 17,1,60,,15078,1,0,11 2 5 12,1,30,,15046,1,0,11 2 5 12,1,70,,15087,1,0,11 2 5 12,1,30,,15074,1,0,11 2 5 12,1,70,,15083,1,0,11 2 5 12,1,30,,15092,1,0,11 2 5 12,1,70,,15067,1,0,11 2 5 12,1,30,,15091,1,0,11 2 5 12,1,70,,15057,1,0,11 2 5 12,1,30,,15043,1,0,11 2 5 12,1,70,,15056,1,0,13 2 14 15 16 17,1,17,,15079,1,0,18 2 19 16 17,1,13,,15095,1,0,13 2 14 15 16 17,1,17,,15072,1,0,18 2 19 16 17,1,53,,15086,1,0,13 2 14 15 16 17,1,17,,15062,1,0,18 2 19 16 17,1,13,,15042,1,0,13 2 14 15 16 17,1,17,,15059,1,0,18 2 19 16 17,1,53,,15077,1,0,13 2 14 15 16 17,1,17,,15049,1,0,18 2 19 16 17,1,13,,15069,1,0,13 2 14 15 16 17,1,17,,15071,1,0,18 2 19 16 17,1,53,,15065,1,0,13 2 14 15 16 17,1,17,,15058,1,0,18 2 19 16 17,1,13,,15068,1,0,20 21 5 12,1,70,,15053,1,0,20 21 5 12,1,30,,15060,1,0,20 21 5 12,1,70,,15084,1,0,20 21 5 12,1,30,,15093,1,0,20 21 5 12,1,70,,15050,1,0,20 21 5 12,1,30,,15073,1,0,20 21 5 12,1,70,,15051,1,0,20 21 5 12,1,30,,15070,1,0,20 21 5 12,1
6501,'8',700,,15131,1,0,11 2 5 12,1,30,,15100,1,0,11 2 5 12,1,6,,15106,1,0,13 2 14 15 16 17,1,11,,15117,1,0,18 2 19 16 17,1,53,,15134,1,0,11 2 5 12,1,8,,15110,1,0,13 2 14 15 16 17,1,7,,15125,1,0,18 2 19 16 17,1,15,,15107,1,0,11 2 5 12,1,6,,15121,1,0,13 2 14 15 16 17,1,11,,15149,1,0,18 2 19 16 17,1,53,,15130,1,0,11 2 5 12,1,8,,15133,1,0,13 2 14 15 16 17,1,7,,15112,1,0,18 2 19 16 17,1,15,,15124,1,0,11 2 5 12,1,10,,15102,1,0,13 2 14 15 16 17,1,60,,15142,1,0,11 2 5 12,1,30,,15140,1,0,11 2 5 12,1,70,,15128,1,0,11 2 5 12,1,30,,15122,1,0,11 2 5 12,1,70,,15120,1,0,11 2 5 12,1,30,,15139,1,0,11 2 5 12,1,70,,15138,1,0,11 2 5 12,1,30,,15147,1,0,11 2 5 12,1,70,,15146,1,0,11 2 5 12,1,30,,15144,1,0,11 2 5 12,1,70,,15145,1,0,13 2 14 15 16 17,1,17,,15135,1,0,18 2 19 16 17,1,13,,15103,1,0,13 2 14 15 16 17,1,17,,15114,1,0,18 2 19 16 17,1,53,,15115,1,0,13 2 14 15 16 17,1,17,,15108,1,0,18 2 19 16 17,1,13,,15126,1,0,13 2 14 15 16 17,1,17,,15136,1,0,18 2 19 16 17,1,53,,15119,1,0,13 2 14 15 16 17,1,17,,15116,1,0,18 2 19 16 17,1,13,,15105,1,0,13 2 14 15 16 17,1,17,,15123,1,0,18 2 19 16 17,1,53,,15111,1,0,13 2 14 15 16 17,1,17,,15151,1,0,18 2 19 16 17,1,13,,15129,1,0,20 21 5 12,1,70,,15097,1,0,20 21 5 12,1,30,,15127,1,0,20 21 5 12,1,70,,15141,1,0,20 21 5 12,1,30,,15132,1,0,20 21 5 12,1,70,,15150,1,0,20 21 5 12,1,30,,15104,1,0,20 21 5 12,1,70,,15148,1,0,20 21 5 12,1,30,,15137,1,0,20 21 5 12,1
6501,'9',700,,15171,1,0,11 2 5 12,1,30,,15168,1,0,11 2 5 12,1,6,,15155,1,0,13 2 14 15 16 17,1,11,,15205,1,0,18 2 19 16 17,1,53,,15194,1,0,11 2 5 12,1,8,,15206,1,0,13 2 14 15 16 17,1,7,,15169,1,0,18 2 19 16 17,1,15,,15187,1,0,11 2 5 12,1,6,,15188,1,0,13 2 14 15 16 17,1,11,,15170,1,0,18 2 19 16 17,1,53,,15157,1,0,11 2 5 12,1,8,,15164,1,0,13 2 14 15 16 17,1,7,,15165,1,0,18 2 19 16 17,1,15,,15192,1,0,11 2 5 12,1,10,,15203,1,0,13 2 14 15 16 17,1,60,,15152,1,0,11 2 5 12,1,30,,15193,1,0,11 2 5 12,1,70,,15166,1,0,11 2 5 12,1,30,,15178,1,0,11 2 5 12,1,70,,15160,1,0,11 2 5 12,1,30,,15177,1,0,11 2 5 12,1,70,,15204,1,0,11 2 5 12,1,30,,15156,1,0,11 2 5 12,1,70,,15189,1,0,11 2 5 12,1,30,,15180,1,0,11 2 5 12,1,70,,15201,1,0,13 2 14 15 16 17,1,17,,15162,1,0,18 2 19 16 17,1,13,,15176,1,0,13 2 14 15 16 17,1,17,,15153,1,0,18 2 19 16 17,1,53,,15163,1,0,13 2 14 15 16 17,1,17,,15197,1,0,18 2 19 16 17,1,13,,15198,1,0,13 2 14 15 16 17,1,17,,15167,1,0,18 2 19 16 17,1,53,,15185,1,0,13 2 14 15 16 17,1,17,,15183,1,0,18 2 19 16 17,1,13,,15200,1,0,13 2 14 15 16 17,1,17,,15186,1,0,18 2 19 16 17,1,53,,15181,1,0,13 2 14 15 16 17,1,17,,15161,1,0,18 2 19 16 17,1,13,,15184,1,0,20 21 5 12,1,70,,15154,1,0,20 21 5 12,1,30,,15196,1,0,20 21 5 12,1,70,,15202,1,0,20 21 5 12,1,30,,15179,1,0,20 21 5 12,1,70,,15199,1,0,20 21 5 12,1,30,,15195,1,0,20 21 5 12,1,70,,15191,1,0,20 21 5 12,1,30,,15159,1,0,20 21 5 12,1
7001,'1',737,,15213,8,0,22 2 6 2 7,1,100,,15221,8,0,22 2 6 2 7,1,100,,15222,8,0,22 2 6 2 7,1,100,,15210,8,0,22 2 6 2 7,1,100,,15214,8,0,22 2 6 2 7,1,100,,15211,8,0,22 2 6 2 7,1,100,,15207,8,0,22 2 6 2 7,1,100,,15212,8,0,22 2 6 2 7,1,100,,15209,8,0,22 2 6 2 7,1,100,,15215,8,0,22 2 6 2 7,1,100,,15220,8,0,22 2 6 2 7,1,100,,15217,8,0,22 2 6 2 7,1,100,,15219,8,0,22 2 6 2 7,1,100,,15216,8,0,22 2 6 2 7,1,100,,15218,8,0,22 2 6 2 7,1,100,,15208,8,0,22 2 6 2 7,1
7001,'10',1037,,15225,8,0,22 2 6 2 7,1,100,,15230,8,0,22 2 6 2 7,1,100,,15228,8,0,22 2 6 2 7,1,100,,15224,8,0,22 2 6 2 7,1,100,,15223,8,0,22 2 6 2 7,1,100,,15226,8,0,22 2 6 2 7,1,100,,15227,8,0,22 2 6 2 7,1,100,,15229,8,0,22 2 6 2 7,1
7001,'11',1037,,15238,8,0,22 2 6 2 7,1,100,,15234,8,0,22 2 6 2 7,1,100,,15235,8,0,22 2 6 2 7,1,100,,15232,8,0,22 2 6 2 7,1,100,,15233,8,0,22 2 6 2 7,1,100,,15237,8,0,22 2 6 2 7,1,100,,15236,8,0,22 2 6 2 7,1,100,,15231,8,0,22 2 6 2 7,1
7001,'2',737,,15266,7,0,11 2 7,1,70,,15246,7,0,11 2 7,1,30,,15261,7,0,11 2 7,1,70,,15254,7,0,11 2 7,1,30,,15244,7,0,11 2 7,1,70,,15268,7,0,11 2 7,1,30,,15251,7,0,11 2 7,1,70,,15250,7,0,11 2 7,1,30,,15257,7,0,11 2 7,1,70,,15263,7,0,11 2 7,1,30,,15248,7,0,11 2 7,1,70,,15265,7,0,11 2 7,1,30,,15256,7,0,11 2 7,1,70,,15239,7,0,11 2 7,1,30,,15252,7,0,11 2 7,1,70,,15242,7,0,11 2 7,1,30,,15269,7,0,11 2 7,1,70,,15262,7,0,11 2 7,1,30,,15260,7,0,11 2 7,1,70,,15253,7,0,11 2 7,1,30,,15249,8,0,22 2 6 2 7,1,70,,15259,8,0,22 2 6 2 7,1,30,,15247,8,0,22 2 6 2 7,1,70,,15240,8,0,22 2 6 2 7,1,30,,15258,8,0,22 2 6 2 7,1,70,,15245,8,0,22 2 6 2 7,1,30,,15241,8,0,22 2 6 2 7,1,70,,15255,8,0,22 2 6 2 7,1,30,,15264,8,0,22 2 6 2 7,1,70,,15267,8,0,22 2 6 2 7,1,30,,11539,8,0,22 2 6 2 7,1,70,,15243,8,0,22 2 6 2 7,1
7001,'3',737,,15277,7,0,11 2 7,1,70,,15271,7,0,11 2 7,1,30,,15299,7,0,11 2 7,1,70,,15285,7,0,11 2 7,1,30,,15274,7,0,11 2 7,1,70,,15291,7,0,11 2 7,1,30,,15298,7,0,11 2 7,1,70,,15297,7,0,11 2 7,1,30,,15275,7,0,11 2 7,1,70,,15281,7,0,11 2 7,1,30,,15272,7,0,11 2 7,1,70,,15293,7,0,11 2 7,1,30,,15290,7,0,11 2 7,1,70,,15301,7,0,11 2 7,1,30,,15286,7,0,11 2 7,1,70,,15300,7,0,11 2 7,1,30,,15296,7,0,11 2 7,1,70,,15295,7,0,11 2 7,1,30,,15280,7,0,11 2 7,1,70,,15284,7,0,11 2 7,1,30,,15282,8,0,22 2 6 2 7,1,70,,15270,8,0,22 2 6 2 7,1,30,,15289,8,0,22 2 6 2 7,1,70,,15294,8,0,22 2 6 2 7,1,30,,15292,8,0,22 2 6 2 7,1,70,,15278,8,0,22 2 6 2 7,1,30,,15288,8,0,22 2 6 2 7,1,70,,15273,8,0,22 2 6 2 7,1,30,,15287,8,0,22 2 6 2 7,1,70,,15279,8,0,22 2 6 2 7,1,30,,15276,8,0,22 2 6 2 7,1,70,,15283,8,0,22 2 6 2 7,1
7001,'4',737,,15320,7,0,11 2 7,1,70,,11071,7,0,11 2 7,1,30,,15323,7,0,11 2 7,1,70,,15321,7,0,11 2 7,1,30,,15309,7,0,11 2 7,1,70,,15310,7,0,11 2 7,1,30,,15328,7,0,11 2 7,1,70,,15313,7,0,11 2 7,1,30,,15324,7,0,11 2 7,1,70,,15330,7,0,11 2 7,1,30,,15304,7,0,11 2 7,1,70,,15322,7,0,11 2 7,1,30,,15331,7,0,11 2 7,1,70,,15306,7,0,11 2 7,1,30,,15316,7,0,11 2 7,1,70,,15326,7,0,11 2 7,1,30,,15314,7,0,11 2 7,1,70,,15315,7,0,11 2 7,1,30,,15318,7,0,11 2 7,1,70,,15317,7,0,11 2 7,1,30,,15302,8,0,22 2 6 2 7,1,70,,15307,8,0,22 2 6 2 7,1,30,,15311,8,0,22 2 6 2 7,1,70,,15327,8,0,22 2 6 2 7,1,30,,15312,8,0,22 2 6 2 7,1,70,,15308,8,0,22 2 6 2 7,1,30,,15305,8,0,22 2 6 2 7,1,70,,15332,8,0,22 2 6 2 7,1,30,,15319,8,0,22 2 6 2 7,1,70,,15303,8,0,22 2 6 2 7,1,30,,15329,8,0,22 2 6 2 7,1,70,,15325,8,0,22 2 6 2 7,1
7001,'5',737,,15344,8,0,22 2 6 2 7,1,100,,15346,8,0,22 2 6 2 7,1,100,,15347,8,0,22 2 6 2 7,1,100,,15339,8,0,22 2 6 2 7,1,100,,15333,8,0,22 2 6 2 7,1,100,,15334,8,0,22 2 6 2 7,1,100,,15341,8,0,22 2 6 2 7,1,100,,15345,8,0,22 2 6 2 7,1,100,,15338,8,0,22 2 6 2 7,1,100,,15343,8,0,22 2 6 2 7,1,100,,15342,8,0,22 2 6 2 7,1,100,,15335,8,0,22 2 6 2 7,1,100,,15348,8,0,22 2 6 2 7,1,100,,15340,8,0,22 2 6 2 7,1,100,,15337,8,0,22 2 6 2 7,1,100,,15336,8,0,22 2 6 2 7,1
7001,'6',1037,,15356,8,0,22 2 6 2 7,1,100,,15353,8,0,22 2 6 2 7,1,100,,15354,8,0,22 2 6 2 7,1,100,,15355,8,0,22 2 6 2 7,1,100,,15351,8,0,22 2 6 2 7,1,100,,15352,8,0,22 2 6 2 7,1,100,,15349,8,0,22 2 6 2 7,1,100,,15350,8,0,22 2 6 2 7,1
7001,'7',737,,15357,7,0,11 2 7,1,70,,15387,7,0,11 2 7,1,30,,15363,7,0,11 2 7,1,70,,15362,7,0,11 2 7,1,30,,15366,7,0,11 2 7,1,70,,15384,7,0,11 2 7,1,30,,15385,7,0,11 2 7,1,70,,15376,7,0,11 2 7,1,30,,15377,7,0,11 2 7,1,70,,15374,7,0,11 2 7,1,30,,15359,7,0,11 2 7,1,70,,15371,7,0,11 2 7,1,30,,15380,7,0,11 2 7,1,70,,15382,7,0,11 2 7,1,30,,15369,7,0,11 2 7,1,70,,15373,7,0,11 2 7,1,30,,15375,7,0,11 2 7,1,70,,15368,7,0,11 2 7,1,30,,15360,7,0,11 2 7,1,70,,15361,7,0,11 2 7,1,30,,15364,8,0,22 2 6 2 7,1,70,,15378,8,0,22 2 6 2 7,1,30,,15386,8,0,22 2 6 2 7,1,70,,15381,8,0,22 2 6 2 7,1,30,,15370,8,0,22 2 6 2 7,1,70,,15367,8,0,22 2 6 2 7,1,30,,15379,8,0,22 2 6 2 7,1,70,,15383,8,0,22 2 6 2 7,1,30,,15365,8,0,22 2 6 2 7,1,70,,15388,8,0,22 2 6 2 7,1,30,,15358,8,0,22 2 6 2 7,1,70,,15372,8,0,22 2 6 2 7,1
7001,'8',737,,15416,7,0,11 2 7,1,70,,15411,7,0,11 2 7,1,30,,15410,7,0,11 2 7,1,70,,15405,7,0,11 2 7,1,30,,15398,7,0,11 2 7,1,70,,15418,7,0,11 2 7,1,30,,15414,7,0,11 2 7,1,70,,15408,7,0,11 2 7,1,30,,15396,7,0,11 2 7,1,70,,15417,7,0,11 2 7,1,30,,15401,7,0,11 2 7,1,70,,15406,7,0,11 2 7,1,30,,15394,7,0,11 2 7,1,70,,15395,7,0,11 2 7,1,30,,15420,7,0,11 2 7,1,70,,15407,7,0,11 2 7,1,30,,15413,7,0,11 2 7,1,70,,15402,7,0,11 2 7,1,30,,15419,7,0,11 2 7,1,70,,15390,7,0,11 2 7,1,30,,15400,8,0,22 2 6 2 7,1,70,,15412,8,0,22 2 6 2 7,1,30,,15399,8,0,22 2 6 2 7,1,70,,15389,8,0,22 2 6 2 7,1,30,,15392,8,0,22 2 6 2 7,1,70,,15397,8,0,22 2 6 2 7,1,30,,15404,8,0,22 2 6 2 7,1,70,,15391,8,0,22 2 6 2 7,1,30,,15409,8,0,22 2 6 2 7,1,70,,15415,8,0,22 2 6 2 7,1,30,,15403,8,0,22 2 6 2 7,1,70,,15393,8,0,22 2 6 2 7,1
7001,'9',737,,15448,7,0,11 2 7,1,70,,15438,7,0,11 2 7,1,30,,15435,7,0,11 2 7,1,70,,15422,7,0,11 2 7,1,30,,15433,7,0,11 2 7,1,70,,15447,7,0,11 2 7,1,30,,15450,7,0,11 2 7,1,70,,15439,7,0,11 2 7,1,30,,15421,7,0,11 2 7,1,70,,15441,7,0,11 2 7,1,30,,15452,7,0,11 2 7,1,70,,15443,7,0,11 2 7,1,30,,15451,7,0,11 2 7,1,70,,15426,7,0,11 2 7,1,30,,15440,7,0,11 2 7,1,70,,15436,7,0,11 2 7,1,30,,15434,7,0,11 2 7,1,70,,15446,7,0,11 2 7,1,30,,15442,7,0,11 2 7,1,70,,15437,7,0,11 2 7,1,30,,15424,8,0,22 2 6 2 7,1,70,,15444,8,0,22 2 6 2 7,1,30,,15423,8,0,22 2 6 2 7,1,70,,15432,8,0,22 2 6 2 7,1,30,,15429,8,0,22 2 6 2 7,1,70,,15430,8,0,22 2 6 2 7,1,30,,15431,8,0,22 2 6 2 7,1,70,,15425,8,0,22 2 6 2 7,1,30,,15449,8,0,22 2 6 2 7,1,70,,15427,8,0,22 2 6 2 7,1,30,,15428,8,0,22 2 6 2 7,1,70,,15445,8,0,22 2 6 2 7,1
7501,'1',714,,15467,3,0,20 21 23 24,1,100,,15465,3,0,20 21 23 24,1,100,,15463,3,0,20 21 23 24,1,100,,15468,3,0,20 21 23 24,1,100,,15455,3,0,20 21 23 24,1,100,,15457,3,0,20 21 23 24,1,100,,15456,3,0,20 21 23 24,1,100,,15459,3,0,20 21 23 24,1,100,,15461,3,0,20 21 23 24,1,100,,15453,3,0,20 21 23 24,1,100,,15462,3,0,20 21 23 24,1,100,,15458,3,0,20 21 23 24,1,100,,15454,3,0,20 21 23 24,1,100,,15464,3,0,20 21 23 24,1,100,,15466,3,0,20 21 23 24,1,100,,15460,3,0,20 21 23 24,1
7501,'10',1014,,15474,3,0,20 21 23 24,1,100,,15472,3,0,20 21 23 24,1,100,,15469,3,0,20 21 23 24,1,100,,15470,3,0,20 21 23 24,1,100,,15471,3,0,20 21 23 24,1,100,,15473,3,0,20 21 23 24,1,100,,15476,3,0,20 21 23 24,1,100,,15475,3,0,20 21 23 24,1
7501,'11',1014,,15480,3,0,20 21 23 24,1,100,,15479,3,0,20 21 23 24,1,100,,15484,3,0,20 21 23 24,1,100,,15477,3,0,20 21 23 24,1,100,,15481,3,0,20 21 23 24,1,100,,15483,3,0,20 21 23 24,1,100,,15482,3,0,20 21 23 24,1,100,,15478,3,0,20 21 23 24,1
7501,'2',714,,15516,2,0,11 2 23 24,1,30,,15498,2,0,11 2 23 24,1,70,,15501,2,0,11 2 23 24,1,30,,15502,2,0,11 2 23 24,1,70,,15505,2,0,11 2 23 24,1,30,,15509,2,0,11 2 23 24,1,70,,15506,2,0,11 2 23 24,1,30,,15503,2,0,11 2 23 24,1,70,,15495,2,0,11 2 23 24,1,30,,15507,2,0,11 2 23 24,1,70,,15488,2,0,11 2 23 24,1,30,,15487,2,0,11 2 23 24,1,70,,15497,2,0,11 2 23 24,1,30,,15490,2,0,11 2 23 24,1,70,,15514,2,0,11 2 23 24,1,30,,15485,2,0,11 2 23 24,1,70,,15508,2,0,11 2 23 24,1,30,,15515,2,0,11 2 23 24,1,70,,15496,2,0,11 2 23 24,1,30,,15486,2,0,11 2 23 24,1,70,,15512,3,0,20 21 23 24,1,30,,15510,3,0,20 21 23 24,1,70,,15504,3,0,20 21 23 24,1,30,,15511,3,0,20 21 23 24,1,70,,15491,3,0,20 21 23 24,1,30,,15493,3,0,20 21 23 24,1,70,,15513,3,0,20 21 23 24,1,30,,15499,3,0,20 21 23 24,1,70,,15492,3,0,20 21 23 24,1,30,,15489,3,0,20 21 23 24,1,70,,15500,3,0,20 21 23 24,1,30,,15494,3,0,20 21 23 24,1
7501,'3',714,,15532,2,0,11 2 23 24,1,30,,15520,2,0,11 2 23 24,1,70,,15540,2,0,11 2 23 24,1,30,,15521,2,0,11 2 23 24,1,70,,15522,2,0,11 2 23 24,1,30,,15529,2,0,11 2 23 24,1,70,,15519,2,0,11 2 23 24,1,30,,15518,2,0,11 2 23 24,1,70,,15533,2,0,11 2 23 24,1,30,,15523,2,0,11 2 23 24,1,70,,15538,2,0,11 2 23 24,1,30,,15541,2,0,11 2 23 24,1,70,,15545,2,0,11 2 23 24,1,30,,15517,2,0,11 2 23 24,1,70,,15536,2,0,11 2 23 24,1,30,,15526,2,0,11 2 23 24,1,70,,15535,2,0,11 2 23 24,1,30,,15547,2,0,11 2 23 24,1,70,,15528,2,0,11 2 23 24,1,30,,15539,2,0,11 2 23 24,1,70,,15527,3,0,20 21 23 24,1,30,,15524,3,0,20 21 23 24,1,70,,15546,3,0,20 21 23 24,1,30,,15543,3,0,20 21 23 24,1,70,,15548,3,0,20 21 23 24,1,30,,15537,3,0,20 21 23 24,1,70,,15534,3,0,20 21 23 24,1,30,,15531,3,0,20 21 23 24,1,70,,15542,3,0,20 21 23 24,1,30,,15544,3,0,20 21 23 24,1,70,,15530,3,0,20 21 23 24,1,30,,15525,3,0,20 21 23 24,1
7501,'4',714,,15550,2,0,11 2 23 24,1,30,,15572,2,0,11 2 23 24,1,70,,15563,2,0,11 2 23 24,1,30,,15567,2,0,11 2 23 24,1,70,,15564,2,0,11 2 23 24,1,30,,15571,2,0,11 2 23 24,1,70,,15551,2,0,11 2 23 24,1,30,,15577,2,0,11 2 23 24,1,70,,15574,2,0,11 2 23 24,1,30,,15579,2,0,11 2 23 24,1,70,,15578,2,0,11 2 23 24,1,30,,15566,2,0,11 2 23 24,1,70,,15555,2,0,11 2 23 24,1,30,,15552,2,0,11 2 23 24,1,70,,15559,2,0,11 2 23 24,1,30,,15562,2,0,11 2 23 24,1,70,,15560,2,0,11 2 23 24,1,30,,15576,2,0,11 2 23 24,1,70,,15565,2,0,11 2 23 24,1,30,,15569,2,0,11 2 23 24,1,70,,15557,3,0,20 21 23 24,1,30,,15558,3,0,20 21 23 24,1,70,,15573,3,0,20 21 23 24,1,30,,11937,3,0,20 21 23 24,1,70,,15568,3,0,20 21 23 24,1,30,,15570,3,0,20 21 23 24,1,70,,15549,3,0,20 21 23 24,1,30,,15561,3,0,20 21 23 24,1,70,,15554,3,0,20 21 23 24,1,30,,15553,3,0,20 21 23 24,1,70,,15556,3,0,20 21 23 24,1,30,,15575,3,0,20 21 23 24,1
7501,'5',714,,15580,3,0,20 21 23 24,1,100,,15594,3,0,20 21 23 24,1,100,,15590,3,0,20 21 23 24,1,100,,15592,3,0,20 21 23 24,1,100,,15586,3,0,20 21 23 24,1,100,,15588,3,0,20 21 23 24,1,100,,15585,3,0,20 21 23 24,1,100,,15591,3,0,20 21 23 24,1,100,,15581,3,0,20 21 23 24,1,100,,15583,3,0,20 21 23 24,1,100,,15584,3,0,20 21 23 24,1,100,,15587,3,0,20 21 23 24,1,100,,15589,3,0,20 21 23 24,1,100,,15593,3,0,20 21 23 24,1,100,,15595,3,0,20 21 23 24,1,100,,15582,3,0,20 21 23 24,1
7501,'6',1014,,15601,3,0,20 21 23 24,1,100,,15597,3,0,20 21 23 24,1,100,,15596,3,0,20 21 23 24,1,100,,15599,3,0,20 21 23 24,1,100,,15602,3,0,20 21 23 24,1,100,,15598,3,0,20 21 23 24,1,100,,15603,3,0,20 21 23 24,1,100,,15600,3,0,20 21 23 24,1
7501,'7',714,,15620,2,0,11 2 23 24,1,30,,15619,2,0,11 2 23 24,1,70,,15622,2,0,11 2 23 24,1,30,,15635,2,0,11 2 23 24,1,70,,15627,2,0,11 2 23 24,1,30,,15612,2,0,11 2 23 24,1,70,,15626,2,0,11 2 23 24,1,30,,15610,2,0,11 2 23 24,1,70,,15632,2,0,11 2 23 24,1,30,,15605,2,0,11 2 23 24,1,70,,15613,2,0,11 2 23 24,1,30,,15604,2,0,11 2 23 24,1,70,,15617,2,0,11 2 23 24,1,30,,15623,2,0,11 2 23 24,1,70,,15609,2,0,11 2 23 24,1,30,,15631,2,0,11 2 23 24,1,70,,15628,2,0,11 2 23 24,1,30,,15629,2,0,11 2 23 24,1,70,,15630,2,0,11 2 23 24,1,30,,15621,2,0,11 2 23 24,1,70,,15625,3,0,20 21 23 24,1,30,,15633,3,0,20 21 23 24,1,70,,15606,3,0,20 21 23 24,1,30,,15634,3,0,20 21 23 24,1,70,,15615,3,0,20 21 23 24,1,30,,15624,3,0,20 21 23 24,1,70,,15616,3,0,20 21 23 24,1,30,,15614,3,0,20 21 23 24,1,70,,15618,3,0,20 21 23 24,1,30,,15607,3,0,20 21 23 24,1,70,,15611,3,0,20 21 23 24,1,30,,15608,3,0,20 21 23 24,1
7501,'8',714,,15662,2,0,11 2 23 24,1,30,,15650,2,0,11 2 23 24,1,70,,15664,2,0,11 2 23 24,1,30,,15663,2,0,11 2 23 24,1,70,,15644,2,0,11 2 23 24,1,30,,15658,2,0,11 2 23 24,1,70,,15653,2,0,11 2 23 24,1,30,,15667,2,0,11 2 23 24,1,70,,15657,2,0,11 2 23 24,1,30,,15659,2,0,11 2 23 24,1,70,,15636,2,0,11 2 23 24,1,30,,15641,2,0,11 2 23 24,1,70,,15665,2,0,11 2 23 24,1,30,,15649,2,0,11 2 23 24,1,70,,15654,2,0,11 2 23 24,1,30,,15648,2,0,11 2 23 24,1,70,,15652,2,0,11 2 23 24,1,30,,15647,2,0,11 2 23 24,1,70,,15642,2,0,11 2 23 24,1,30,,15639,2,0,11 2 23 24,1,70,,15637,3,0,20 21 23 24,1,30,,15640,3,0,20 21 23 24,1,70,,15661,3,0,20 21 23 24,1,30,,15643,3,0,20 21 23 24,1,70,,15646,3,0,20 21 23 24,1,30,,15666,3,0,20 21 23 24,1,70,,15651,3,0,20 21 23 24,1,30,,15655,3,0,20 21 23 24,1,70,,15645,3,0,20 21 23 24,1,30,,15656,3,0,20 21 23 24,1,70,,15660,3,0,20 21 23 24,1,30,,15638,3,0,20 21 23 24,1
7501,'9',714,,15688,2,0,11 2 23 24,1,30,,15685,2,0,11 2 23 24,1,70,,15672,2,0,11 2 23 24,1,30,,15687,2,0,11 2 23 24,1,70,,15696,2,0,11 2 23 24,1,30,,15684,2,0,11 2 23 24,1,70,,15675,2,0,11 2 23 24,1,30,,15694,2,0,11 2 23 24,1,70,,15697,2,0,11 2 23 24,1,30,,15690,2,0,11 2 23 24,1,70,,15680,2,0,11 2 23 24,1,30,,15689,2,0,11 2 23 24,1,70,,15698,2,0,11 2 23 24,1,30,,15674,2,0,11 2 23 24,1,70,,15669,2,0,11 2 23 24,1,30,,15678,2,0,11 2 23 24,1,70,,15679,2,0,11 2 23 24,1,30,,15671,2,0,11 2 23 24,1,70,,15691,2,0,11 2 23 24,1,30,,15681,2,0,11 2 23 24,1,70,,15682,3,0,20 21 23 24,1,30,,15676,3,0,20 21 23 24,1,70,,15683,3,0,20 21 23 24,1,30,,15668,3,0,20 21 23 24,1,70,,15692,3,0,20 21 23 24,1,30,,15699,3,0,20 21 23 24,1,70,,15686,3,0,20 21 23 24,1,30,,15677,3,0,20 21 23 24,1,70,,15693,3,0,20 21 23 24,1,30,,15673,3,0,20 21 23 24,1,70,,15695,3,0,20 21 23 24,1,30,,15670,3,0,20 21 23 24,1
