2500,'1',722,,11794,18,0,26 27 28,1,100,,12296,18,0,26 27 28,1,100,,12297,18,0,26 27 28,1,100,,12302,18,0,26 27 28,1,100,,12301,18,0,26 27 28,1,100,,12310,18,0,26 27 28,1,100,,12308,18,0,26 27 28,1,100,,12306,18,0,26 27 28,1,100,,12299,18,0,26 27 28,1,100,,12309,18,0,26 27 28,1,100,,12307,18,0,26 27 28,1,100,,12300,18,0,26 27 28,1,100,,12298,18,0,26 27 28,1,100,,12305,18,0,26 27 28,1,100,,12303,18,0,26 27 28,1,100,,12304,18,0,26 27 28,1
2500,'10',1022,,12318,18,0,26 27 28,1,100,,12311,18,0,26 27 28,1,100,,12314,18,0,26 27 28,1,100,,12312,18,0,26 27 28,1,100,,12315,18,0,26 27 28,1,100,,12316,18,0,26 27 28,1,100,,12317,18,0,26 27 28,1,100,,12313,18,0,26 27 28,1
2500,'11',1022,,12324,18,0,26 27 28,1,100,,12325,18,0,26 27 28,1,100,,12322,18,0,26 27 28,1,100,,12323,18,0,26 27 28,1,100,,12319,18,0,26 27 28,1,100,,12320,18,0,26 27 28,1,100,,12321,18,0,26 27 28,1,100,,12326,18,0,26 27 28,1
2500,'2',722,,12330,18,0,26 27 28,1,100,,12329,18,0,26 27 28,1,100,,12334,18,0,26 27 28,1,100,,12335,18,0,26 27 28,1,100,,12337,18,0,26 27 28,1,100,,12333,18,0,26 27 28,1,100,,12341,18,0,26 27 28,1,100,,12328,18,0,26 27 28,1,100,,12339,18,0,26 27 28,1,100,,12331,18,0,26 27 28,1,100,,12338,18,0,26 27 28,1,100,,12340,18,0,26 27 28,1,100,,12332,18,0,26 27 28,1,100,,12327,18,0,26 27 28,1,100,,12342,18,0,26 27 28,1,100,,12336,18,0,26 27 28,1
2500,'3',722,,12351,18,0,26 27 28,1,100,,12356,18,0,26 27 28,1,100,,12353,18,0,26 27 28,1,100,,12350,18,0,26 27 28,1,100,,12355,18,0,26 27 28,1,100,,12354,18,0,26 27 28,1,100,,12348,18,0,26 27 28,1,100,,12352,18,0,26 27 28,1,100,,12344,18,0,26 27 28,1,100,,12345,18,0,26 27 28,1,100,,12357,18,0,26 27 28,1,100,,12358,18,0,26 27 28,1,100,,12346,18,0,26 27 28,1,100,,12343,18,0,26 27 28,1,100,,12349,18,0,26 27 28,1,100,,12347,18,0,26 27 28,1
2500,'4',722,,12367,18,0,26 27 28,1,100,,12373,18,0,26 27 28,1,100,,12359,18,0,26 27 28,1,100,,12370,18,0,26 27 28,1,100,,12364,18,0,26 27 28,1,100,,12372,18,0,26 27 28,1,100,,12362,18,0,26 27 28,1,100,,12371,18,0,26 27 28,1,100,,11778,18,0,26 27 28,1,100,,12363,18,0,26 27 28,1,100,,12360,18,0,26 27 28,1,100,,12368,18,0,26 27 28,1,100,,12369,18,0,26 27 28,1,100,,12361,18,0,26 27 28,1,100,,12366,18,0,26 27 28,1,100,,12365,18,0,26 27 28,1
2500,'5',722,,12376,18,0,26 27 28,1,100,,12383,18,0,26 27 28,1,100,,12377,18,0,26 27 28,1,100,,12380,18,0,26 27 28,1,100,,12386,18,0,26 27 28,1,100,,12375,18,0,26 27 28,1,100,,12381,18,0,26 27 28,1,100,,12382,18,0,26 27 28,1,100,,12384,18,0,26 27 28,1,100,,12389,18,0,26 27 28,1,100,,12379,18,0,26 27 28,1,100,,12387,18,0,26 27 28,1,100,,12378,18,0,26 27 28,1,100,,12374,18,0,26 27 28,1,100,,12385,18,0,26 27 28,1,100,,12388,18,0,26 27 28,1
2500,'6',1022,,12391,18,0,26 27 28,1,100,,12397,18,0,26 27 28,1,100,,12395,18,0,26 27 28,1,100,,12394,18,0,26 27 28,1,100,,12396,18,0,26 27 28,1,100,,12390,18,0,26 27 28,1,100,,12393,18,0,26 27 28,1,100,,12392,18,0,26 27 28,1
2500,'7',722,,12412,18,0,26 27 28,1,100,,12400,18,0,26 27 28,1,100,,12402,18,0,26 27 28,1,100,,12408,18,0,26 27 28,1,100,,12413,18,0,26 27 28,1,100,,12409,18,0,26 27 28,1,100,,12404,18,0,26 27 28,1,100,,12401,18,0,26 27 28,1,100,,12410,18,0,26 27 28,1,100,,12398,18,0,26 27 28,1,100,,12399,18,0,26 27 28,1,100,,12407,18,0,26 27 28,1,100,,12405,18,0,26 27 28,1,100,,12406,18,0,26 27 28,1,100,,12403,18,0,26 27 28,1,100,,12411,18,0,26 27 28,1
2500,'8',722,,12417,18,0,26 27 28,1,100,,12424,18,0,26 27 28,1,100,,12414,18,0,26 27 28,1,100,,12423,18,0,26 27 28,1,100,,12422,18,0,26 27 28,1,100,,12426,18,0,26 27 28,1,100,,12420,18,0,26 27 28,1,100,,12416,18,0,26 27 28,1,100,,12428,18,0,26 27 28,1,100,,12419,18,0,26 27 28,1,100,,12421,18,0,26 27 28,1,100,,12425,18,0,26 27 28,1,100,,12415,18,0,26 27 28,1,100,,12427,18,0,26 27 28,1,100,,12429,18,0,26 27 28,1,100,,12418,18,0,26 27 28,1
2500,'9',722,,12438,18,0,26 27 28,1,100,,12433,18,0,26 27 28,1,100,,12432,18,0,26 27 28,1,100,,12440,18,0,26 27 28,1,100,,12445,18,0,26 27 28,1,100,,12430,18,0,26 27 28,1,100,,12431,18,0,26 27 28,1,100,,12441,18,0,26 27 28,1,100,,12434,18,0,26 27 28,1,100,,12442,18,0,26 27 28,1,100,,12439,18,0,26 27 28,1,100,,12437,18,0,26 27 28,1,100,,12436,18,0,26 27 28,1,100,,12435,18,0,26 27 28,1,100,,12443,18,0,26 27 28,1,100,,12444,18,0,26 27 28,1
