2200,'1',632,,11989,2,,,1,100,,11977,2,,,1,100,,11984,2,,,1,100,,11991,2,,,1,100,,11976,2,,,1,100,,11981,2,,,1,100,,11980,2,,,1,100,,11979,2,,,1,100,,11988,2,,,1,100,,11982,2,,,1,100,,11990,2,,,1,100,,11987,2,,,1,100,,11986,2,,,1,100,,11983,2,,,1,100,,11985,2,,,1,100,,11975,2,,,1,100,,11978,2,,,1
2200,'10',932,,11999,2,,,1,100,,11994,2,,,1,100,,11996,2,,,1,100,,11995,2,,,1,100,,11993,2,,,1,100,,11997,2,,,1,100,,11998,2,,,1,100,,11992,2,,,1
2200,'11',932,,12000,2,,,1,100,,12007,2,,,1,100,,12002,2,,,1,100,,12001,2,,,1,100,,12006,2,,,1,100,,12003,2,,,1,100,,12005,2,,,1,100,,12004,2,,,1
2200,'2',632,,12017,2,,,1,100,,12010,2,,,1,100,,12011,2,,,1,100,,12019,2,,,1,100,,12015,2,,,1,100,,12024,2,,,1,100,,12020,2,,,1,100,,12013,2,,,1,100,,12023,2,,,1,100,,12022,2,,,1,100,,12009,2,,,1,100,,12016,2,,,1,100,,12018,2,,,1,100,,12021,2,,,1,100,,12012,2,,,1,100,,12008,2,,,1,100,,12014,2,,,1
2200,'3',632,,12034,2,,,1,100,,12028,2,,,1,100,,12026,2,,,1,100,,12037,2,,,1,100,,12032,2,,,1,100,,12041,2,,,1,100,,12040,2,,,1,100,,12027,2,,,1,100,,12025,2,,,1,100,,12030,2,,,1,100,,12038,2,,,1,100,,12036,2,,,1,100,,12033,2,,,1,100,,12039,2,,,1,100,,12029,2,,,1,100,,12031,2,,,1,100,,12035,2,,,1
2200,'4',632,,12048,2,,,1,100,,12042,2,,,1,100,,12051,2,,,1,100,,12056,2,,,1,100,,12043,2,,,1,100,,12046,2,,,1,100,,12052,2,,,1,100,,12055,2,,,1,100,,12044,2,,,1,100,,12045,2,,,1,100,,8385,2,,,1,100,,12047,2,,,1,100,,12057,2,,,1,100,,12053,2,,,1,100,,12049,2,,,1,100,,12054,2,,,1,100,,12050,2,,,1
2200,'5',632,,12065,2,,,1,100,,12063,2,,,1,100,,12066,2,,,1,100,,12074,2,,,1,100,,12064,2,,,1,100,,12058,2,,,1,100,,12068,2,,,1,100,,12062,2,,,1,100,,12070,2,,,1,100,,12069,2,,,1,100,,12060,2,,,1,100,,12059,2,,,1,100,,12071,2,,,1,100,,12067,2,,,1,100,,12073,2,,,1,100,,12061,2,,,1,100,,12072,2,,,1
2200,'6',932,,12077,2,,,1,100,,12079,2,,,1,100,,12076,2,,,1,100,,12082,2,,,1,100,,12075,2,,,1,100,,12081,2,,,1,100,,12080,2,,,1,100,,12078,2,,,1
2200,'7',632,,12094,2,,,1,100,,12083,2,,,1,100,,12086,2,,,1,100,,12096,2,,,1,100,,12091,2,,,1,100,,12085,2,,,1,100,,12098,2,,,1,100,,12093,2,,,1,100,,12092,2,,,1,100,,12088,2,,,1,100,,12087,2,,,1,100,,12097,2,,,1,100,,12095,2,,,1,100,,12090,2,,,1,100,,12084,2,,,1,100,,12089,2,,,1,100,,12099,2,,,1
2200,'8',632,,12105,2,,,1,100,,12100,2,,,1,100,,12103,2,,,1,100,,12107,2,,,1,100,,12115,2,,,1,100,,12113,2,,,1,100,,12101,2,,,1,100,,12116,2,,,1,100,,12110,2,,,1,100,,12112,2,,,1,100,,12111,2,,,1,100,,12102,2,,,1,100,,12106,2,,,1,100,,12108,2,,,1,100,,12114,2,,,1,100,,12104,2,,,1,100,,12109,2,,,1
2200,'9',632,,12119,2,,,1,100,,12121,2,,,1,100,,12127,2,,,1,100,,12123,2,,,1,100,,12117,2,,,1,100,,12122,2,,,1,100,,12133,2,,,1,100,,12124,2,,,1,100,,12120,2,,,1,100,,12125,2,,,1,100,,12130,2,,,1,100,,12131,2,,,1,100,,12128,2,,,1,100,,12129,2,,,1,100,,12132,2,,,1,100,,12126,2,,,1,100,,12118,2,,,1
6001,'1',720,,14454,5,0,20 21 7,1,100,,14449,5,0,20 21 7,1,100,,14451,5,0,20 21 7,1,100,,14455,5,0,20 21 7,1,100,,14453,5,0,20 21 7,1,100,,14464,5,0,20 21 7,1,100,,14461,5,0,20 21 7,1,100,,14463,5,0,20 21 7,1,100,,14460,5,0,20 21 7,1,100,,14450,5,0,20 21 7,1,100,,14459,5,0,20 21 7,1,100,,14458,5,0,20 21 7,1,100,,14457,5,0,20 21 7,1,100,,14462,5,0,20 21 7,1,100,,14456,5,0,20 21 7,1,100,,14452,5,0,20 21 7,1
6001,'10',1020,,14466,5,0,20 21 7,1,100,,14472,5,0,20 21 7,1,100,,14465,5,0,20 21 7,1,100,,14469,5,0,20 21 7,1,100,,14471,5,0,20 21 7,1,100,,14470,5,0,20 21 7,1,100,,14468,5,0,20 21 7,1,100,,14467,5,0,20 21 7,1
6001,'11',1020,,14474,5,0,20 21 7,1,100,,14475,5,0,20 21 7,1,100,,14480,5,0,20 21 7,1,100,,14478,5,0,20 21 7,1,100,,14477,5,0,20 21 7,1,100,,14479,5,0,20 21 7,1,100,,14473,5,0,20 21 7,1,100,,14476,5,0,20 21 7,1
6001,'2',720,,14530,4,0,11 2 7,1,30,,14492,4,0,11 2 7,1,70,,14493,4,0,11 2 7,1,30,,14505,4,0,11 2 7,1,70,,14494,4,0,11 2 7,1,30,,14509,4,0,11 2 7,1,70,,14502,4,0,11 2 7,1,30,,14485,4,0,11 2 7,1,70,,14515,4,0,11 2 7,1,30,,14507,4,0,11 2 7,1,70,,14508,4,0,11 2 7,1,30,,14513,4,0,11 2 7,1,70,,14522,4,0,11 2 7,1,30,,14523,4,0,11 2 7,1,70,,14516,4,0,11 2 7,1,30,,14520,4,0,11 2 7,1,70,,14487,4,0,11 2 7,1,30,,14528,4,0,11 2 7,1,70,,14491,4,0,11 2 7,1,30,,14496,4,0,11 2 7,1,70,,14484,5,0,20 21 7,1,30,,9425,5,0,20 21 7,1,70,,14490,5,0,20 21 7,1,30,,14483,5,0,20 21 7,1,70,,14503,5,0,20 21 7,1,30,,14497,5,0,20 21 7,1,70,,14518,5,0,20 21 7,1,30,,14525,5,0,20 21 7,1,70,,14511,5,0,20 21 7,1,30,,14517,5,0,20 21 7,1,70,,14489,5,0,20 21 7,1,30,,14504,5,0,20 21 7,1
6001,'3',720,,14535,4,0,11 2 7,1,30,,14548,4,0,11 2 7,1,70,,14547,4,0,11 2 7,1,30,,14565,4,0,11 2 7,1,70,,14575,4,0,11 2 7,1,30,,14543,4,0,11 2 7,1,70,,14554,4,0,11 2 7,1,30,,14546,4,0,11 2 7,1,70,,14571,4,0,11 2 7,1,30,,14538,4,0,11 2 7,1,70,,14561,4,0,11 2 7,1,30,,14552,4,0,11 2 7,1,70,,14556,4,0,11 2 7,1,30,,14567,4,0,11 2 7,1,70,,14533,4,0,11 2 7,1,30,,14539,4,0,11 2 7,1,70,,14540,4,0,11 2 7,1,30,,14564,4,0,11 2 7,1,70,,14581,4,0,11 2 7,1,30,,14555,4,0,11 2 7,1,70,,14544,5,0,20 21 7,1,30,,14551,5,0,20 21 7,1,70,,14580,5,0,20 21 7,1,30,,14560,5,0,20 21 7,1,70,,14582,5,0,20 21 7,1,30,,14542,5,0,20 21 7,1,70,,14545,5,0,20 21 7,1,30,,14537,5,0,20 21 7,1,70,,14566,5,0,20 21 7,1,30,,14572,5,0,20 21 7,1,70,,14553,5,0,20 21 7,1,30,,14534,5,0,20 21 7,1
6001,'4',720,,14625,4,0,11 2 7,1,30,,14604,4,0,11 2 7,1,70,,14622,4,0,11 2 7,1,30,,14623,4,0,11 2 7,1,70,,14614,4,0,11 2 7,1,30,,14596,4,0,11 2 7,1,70,,14617,4,0,11 2 7,1,30,,14624,4,0,11 2 7,1,70,,14589,4,0,11 2 7,1,30,,14632,4,0,11 2 7,1,70,,14615,4,0,11 2 7,1,30,,11120,4,0,11 2 7,1,70,,14597,4,0,11 2 7,1,30,,14629,4,0,11 2 7,1,70,,14635,4,0,11 2 7,1,30,,14609,4,0,11 2 7,1,70,,14598,4,0,11 2 7,1,30,,14600,4,0,11 2 7,1,70,,14586,4,0,11 2 7,1,30,,14612,4,0,11 2 7,1,70,,14633,5,0,20 21 7,1,30,,14631,5,0,20 21 7,1,70,,14605,5,0,20 21 7,1,30,,14607,5,0,20 21 7,1,70,,14595,5,0,20 21 7,1,30,,14618,5,0,20 21 7,1,70,,14602,5,0,20 21 7,1,30,,14587,5,0,20 21 7,1,70,,14621,5,0,20 21 7,1,30,,14610,5,0,20 21 7,1,70,,14594,5,0,20 21 7,1,30,,14619,5,0,20 21 7,1
6001,'5',720,,14642,5,0,20 21 7,1,100,,14641,5,0,20 21 7,1,100,,14652,5,0,20 21 7,1,100,,14645,5,0,20 21 7,1,100,,14648,5,0,20 21 7,1,100,,14649,5,0,20 21 7,1,100,,14638,5,0,20 21 7,1,100,,14643,5,0,20 21 7,1,100,,14650,5,0,20 21 7,1,100,,14651,5,0,20 21 7,1,100,,14644,5,0,20 21 7,1,100,,14647,5,0,20 21 7,1,100,,14640,5,0,20 21 7,1,100,,14639,5,0,20 21 7,1,100,,14646,5,0,20 21 7,1,100,,14653,5,0,20 21 7,1
6001,'6',1020,,14659,5,0,20 21 7,1,100,,14655,5,0,20 21 7,1,100,,14660,5,0,20 21 7,1,100,,14654,5,0,20 21 7,1,100,,14656,5,0,20 21 7,1,100,,14657,5,0,20 21 7,1,100,,14658,5,0,20 21 7,1,100,,14661,5,0,20 21 7,1
6001,'7',720,,14684,4,0,11 2 7,1,30,,14663,4,0,11 2 7,1,70,,14702,4,0,11 2 7,1,30,,14700,4,0,11 2 7,1,70,,14710,4,0,11 2 7,1,30,,14682,4,0,11 2 7,1,70,,14706,4,0,11 2 7,1,30,,14667,4,0,11 2 7,1,70,,14692,4,0,11 2 7,1,30,,14675,4,0,11 2 7,1,70,,14712,4,0,11 2 7,1,30,,14686,4,0,11 2 7,1,70,,14696,4,0,11 2 7,1,30,,14694,4,0,11 2 7,1,70,,14678,4,0,11 2 7,1,30,,14689,4,0,11 2 7,1,70,,14673,4,0,11 2 7,1,30,,14713,4,0,11 2 7,1,70,,14671,4,0,11 2 7,1,30,,14670,4,0,11 2 7,1,70,,14701,5,0,20 21 7,1,30,,14680,5,0,20 21 7,1,70,,14704,5,0,20 21 7,1,30,,14699,5,0,20 21 7,1,70,,14697,5,0,20 21 7,1,30,,14709,5,0,20 21 7,1,70,,14711,5,0,20 21 7,1,30,,14676,5,0,20 21 7,1,70,,14690,5,0,20 21 7,1,30,,14708,5,0,20 21 7,1,70,,14664,5,0,20 21 7,1,30,,14685,5,0,20 21 7,1
6001,'8',720,,14740,4,0,11 2 7,1,30,,14763,4,0,11 2 7,1,70,,14739,4,0,11 2 7,1,30,,14760,4,0,11 2 7,1,70,,14748,4,0,11 2 7,1,30,,14764,4,0,11 2 7,1,70,,14721,4,0,11 2 7,1,30,,14744,4,0,11 2 7,1,70,,14741,4,0,11 2 7,1,30,,14734,4,0,11 2 7,1,70,,14729,4,0,11 2 7,1,30,,14757,4,0,11 2 7,1,70,,14727,4,0,11 2 7,1,30,,14730,4,0,11 2 7,1,70,,14737,4,0,11 2 7,1,30,,14761,4,0,11 2 7,1,70,,14749,4,0,11 2 7,1,30,,14743,4,0,11 2 7,1,70,,14756,4,0,11 2 7,1,30,,14731,4,0,11 2 7,1,70,,14751,5,0,20 21 7,1,30,,14752,5,0,20 21 7,1,70,,14717,5,0,20 21 7,1,30,,14762,5,0,20 21 7,1,70,,14755,5,0,20 21 7,1,30,,14723,5,0,20 21 7,1,70,,14736,5,0,20 21 7,1,30,,14745,5,0,20 21 7,1,70,,14724,5,0,20 21 7,1,30,,14750,5,0,20 21 7,1,70,,14733,5,0,20 21 7,1,30,,14718,5,0,20 21 7,1
6001,'9',720,,14820,4,0,11 2 7,1,30,,14805,4,0,11 2 7,1,70,,14797,4,0,11 2 7,1,30,,14781,4,0,11 2 7,1,70,,14804,4,0,11 2 7,1,30,,14783,4,0,11 2 7,1,70,,14814,4,0,11 2 7,1,30,,14807,4,0,11 2 7,1,70,,14802,4,0,11 2 7,1,30,,14786,4,0,11 2 7,1,70,,14784,4,0,11 2 7,1,30,,14808,4,0,11 2 7,1,70,,14809,4,0,11 2 7,1,30,,14815,4,0,11 2 7,1,70,,14775,4,0,11 2 7,1,30,,14771,4,0,11 2 7,1,70,,14770,4,0,11 2 7,1,30,,14768,4,0,11 2 7,1,70,,14817,4,0,11 2 7,1,30,,14803,4,0,11 2 7,1,70,,14813,5,0,20 21 7,1,30,,14774,5,0,20 21 7,1,70,,14818,5,0,20 21 7,1,30,,14776,5,0,20 21 7,1,70,,14787,5,0,20 21 7,1,30,,14810,5,0,20 21 7,1,70,,14799,5,0,20 21 7,1,30,,14789,5,0,20 21 7,1,70,,14790,5,0,20 21 7,1,30,,14794,5,0,20 21 7,1,70,,14816,5,0,20 21 7,1,30,,14777,5,0,20 21 7,1
