2501,'1',649,,12446,18,4,,1,100,,12449,18,4,,1,100,,12461,18,4,,1,100,,12460,18,4,,1,100,,12453,18,4,,1,100,,12450,18,4,,1,100,,12459,18,4,,1,100,,12451,18,4,,1,100,,12454,18,4,,1,100,,12455,18,4,,1,100,,12448,18,4,,1,100,,12456,18,4,,1,100,,12458,18,4,,1,100,,12457,18,4,,1,100,,12452,18,4,,1,100,,12447,18,4,,1
2501,'10',1049,,12465,18,4,,1,100,,12469,18,4,,1,100,,12466,18,4,,1,100,,12462,18,4,,1,100,,12468,18,4,,1,100,,12467,18,4,,1,100,,12463,18,4,,1,100,,12464,18,4,,1
2501,'11',1049,,12477,18,4,,1,100,,12471,18,4,,1,100,,12475,18,4,,1,100,,12470,18,4,,1,100,,12476,18,4,,1,100,,12474,18,4,,1,100,,12473,18,4,,1,100,,12472,18,4,,1
2501,'2',649,,12487,18,4,,1,100,,12491,18,4,,1,100,,12492,18,4,,1,100,,12486,18,4,,1,100,,12490,18,4,,1,100,,12479,18,4,,1,100,,12481,18,4,,1,100,,12480,18,4,,1,100,,12493,18,4,,1,100,,12484,18,4,,1,100,,12483,18,4,,1,100,,12489,18,4,,1,100,,12488,18,4,,1,100,,12485,18,4,,1,100,,12482,18,4,,1,100,,12478,18,4,,1
2501,'3',649,,12502,18,4,,1,100,,12504,18,4,,1,100,,12495,18,4,,1,100,,12494,18,4,,1,100,,12500,18,4,,1,100,,12506,18,4,,1,100,,12503,18,4,,1,100,,12507,18,4,,1,100,,12499,18,4,,1,100,,12498,18,4,,1,100,,12496,18,4,,1,100,,12497,18,4,,1,100,,12501,18,4,,1,100,,12505,18,4,,1,100,,12508,18,4,,1,100,,12509,18,4,,1
2501,'4',649,,12519,18,4,,1,100,,12522,18,4,,1,100,,12523,18,4,,1,100,,12516,18,4,,1,100,,12512,18,4,,1,100,,12520,18,4,,1,100,,12518,18,4,,1,100,,12525,18,4,,1,100,,12515,18,4,,1,100,,12517,18,4,,1,100,,12524,18,4,,1,100,,12513,18,4,,1,100,,12511,18,4,,1,100,,12521,18,4,,1,100,,12510,18,4,,1,100,,12514,18,4,,1
2501,'5',649,,12533,18,4,,1,100,,12529,18,4,,1,100,,12534,18,4,,1,100,,12539,18,4,,1,100,,12528,18,4,,1,100,,12541,18,4,,1,100,,12537,18,4,,1,100,,12532,18,4,,1,100,,12530,18,4,,1,100,,12527,18,4,,1,100,,12526,18,4,,1,100,,12535,18,4,,1,100,,12538,18,4,,1,100,,12536,18,4,,1,100,,12540,18,4,,1,100,,12531,18,4,,1
2501,'6',1049,,12542,18,4,,1,100,,12549,18,4,,1,100,,12546,18,4,,1,100,,12544,18,4,,1,100,,12543,18,4,,1,100,,12545,18,4,,1,100,,12548,18,4,,1,100,,12547,18,4,,1
2501,'7',649,,12560,18,4,,1,100,,12558,18,4,,1,100,,12563,18,4,,1,100,,12551,18,4,,1,100,,12552,18,4,,1,100,,12557,18,4,,1,100,,12561,18,4,,1,100,,12562,18,4,,1,100,,12553,18,4,,1,100,,12564,18,4,,1,100,,12556,18,4,,1,100,,12554,18,4,,1,100,,12550,18,4,,1,100,,12565,18,4,,1,100,,12559,18,4,,1,100,,12555,18,4,,1
2501,'8',649,,12570,18,4,,1,100,,12566,18,4,,1,100,,12571,18,4,,1,100,,12581,18,4,,1,100,,12575,18,4,,1,100,,12573,18,4,,1,100,,12579,18,4,,1,100,,12578,18,4,,1,100,,12577,18,4,,1,100,,12568,18,4,,1,100,,12574,18,4,,1,100,,12567,18,4,,1,100,,12576,18,4,,1,100,,12580,18,4,,1,100,,12572,18,4,,1,100,,12569,18,4,,1
2501,'9',649,,12596,18,4,,1,100,,12597,18,4,,1,100,,12595,18,4,,1,100,,12590,18,4,,1,100,,12586,18,4,,1,100,,12584,18,4,,1,100,,12582,18,4,,1,100,,12589,18,4,,1,100,,12591,18,4,,1,100,,12585,18,4,,1,100,,12593,18,4,,1,100,,12587,18,4,,1,100,,12588,18,4,,1,100,,12592,18,4,,1,100,,12594,18,4,,1,100,,12583,18,4,,1
