3400,'2',709,,10898,2,0,5 6 7 8 2 9 8,1,130,,10900,2,0,5 6 7 8 2 9 8,1,170,,10894,2,0,5 6 7 8 2 9 8,1,130,,10901,2,0,5 6 7 8 2 9 8,1,170,,10577,2,0,5 6 7 8 2 9 8,1,130,,10896,2,0,5 6 7 8 2 9 8,1,170,,9432,2,0,5 6 7 8 2 9 8,1,130,,10895,2,0,5 6 7 8 2 9 8,1,170,,10897,2,0,5 6 7 8 2 9 8,1,130,,10899,2,0,5 6 7 8 2 9 8,1
3400,'8',709,,10906,2,0,5 6 7 8 2 9 8,1,130,,10908,2,0,5 6 7 8 2 9 8,1,170,,10902,2,0,5 6 7 8 2 9 8,1,130,,10909,2,0,5 6 7 8 2 9 8,1,170,,10531,2,0,5 6 7 8 2 9 8,1,130,,10904,2,0,5 6 7 8 2 9 8,1,170,,9333,2,0,5 6 7 8 2 9 8,1,130,,10903,2,0,5 6 7 8 2 9 8,1,170,,10905,2,0,5 6 7 8 2 9 8,1,130,,10907,2,0,5 6 7 8 2 9 8,1
3401,'2',812,,10910,4,0,5 6 7 8 2 7 10,1,130,,10913,4,0,5 6 7 8 2 7 10,1,170,,10919,4,0,5 6 7 8 2 7 10,1,130,,10915,4,0,5 6 7 8 2 7 10,1,170,,10916,4,0,5 6 7 8 2 7 10,1,130,,10917,4,0,5 6 7 8 2 7 10,1,170,,10912,4,0,5 6 7 8 2 7 10,1,130,,10914,4,0,5 6 7 8 2 7 10,1,170,,10918,4,0,5 6 7 8 2 7 10,1,130,,10911,4,0,5 6 7 8 2 7 10,1
3401,'8',812,,10920,4,0,5 6 7 8 2 7 10,1,130,,10923,4,0,5 6 7 8 2 7 10,1,170,,10929,4,0,5 6 7 8 2 7 10,1,130,,10925,4,0,5 6 7 8 2 7 10,1,170,,10926,4,0,5 6 7 8 2 7 10,1,130,,10927,4,0,5 6 7 8 2 7 10,1,170,,10922,4,0,5 6 7 8 2 7 10,1,130,,10924,4,0,5 6 7 8 2 7 10,1,170,,10928,4,0,5 6 7 8 2 7 10,1,130,,10921,4,0,5 6 7 8 2 7 10,1
6001,'11',748,,11529,9,4,,1,100,,11530,9,4,,1,100,,11523,9,4,,1,100,,11525,9,4,,1,100,,11527,9,4,,1,100,,11531,9,4,,1,100,,11533,9,4,,1,100,,9747,9,4,,1,100,,11535,9,4,,1,100,,11528,9,4,,1,100,,11524,9,4,,1,100,,11534,9,4,,1,100,,11536,9,4,,1,100,,11526,9,4,,1,100,,11532,9,4,,1,100,,8626,9,4,,1
6001,'2',739,,11546,5,4,,1,7,,11564,3,4,,1,2,,11542,7,4,,1,57,,11555,5,4,,1,9,,11567,3,4,,1,4,,11544,7,4,,1,21,,11562,5,4,,1,7,,11568,3,4,,1,2,,11570,7,4,,1,57,,11584,5,4,,1,9,,8977,3,4,,1,4,,11538,7,4,,1,21,,11583,3,4,,1,9,,11569,7,4,,1,66,,11537,3,4,,1,4,,11572,7,4,,1,30,,11539,7,4,,1,70,,11558,7,4,,1,30,,11581,7,4,,1,70,,11548,7,4,,1,30,,11552,7,4,,1,70,,11550,7,4,,1,30,,11571,7,4,,1,70,,11576,7,4,,1,30,,11541,7,4,,1,70,,11549,7,4,,1,6,,8303,3,4,,1,24,,11578,7,4,,1,6,,11554,3,4,,1,62,,11582,3,4,,1,2,,11547,7,4,,1,6,,11561,3,4,,1,22,,11574,3,4,,1,2,,11551,7,4,,1,6,,8528,3,4,,1,62,,11566,3,4,,1,2,,11575,7,4,,1,6,,11553,3,4,,1,22,,11573,3,4,,1,2,,11565,7,4,,1,6,,11563,3,4,,1,62,,11557,3,4,,1,2,,11540,7,4,,1,30,,11577,9,4,,1,70,,11545,9,4,,1,30,,11579,9,4,,1,70,,11585,9,4,,1,30,,11556,9,4,,1,70,,11559,9,4,,1,30,,11560,9,4,,1,70,,11543,9,4,,1,30,,11580,9,4,,1,70,,9759,9,4,,1
6001,'6',1048,,11593,9,4,,1,100,,11587,9,4,,1,100,,11588,9,4,,1,100,,11586,9,4,,1,100,,11591,9,4,,1,100,,11592,9,4,,1,100,,11590,9,4,,1,100,,11589,9,4,,1
6001,'8',739,,11603,5,4,,1,7,,11621,3,4,,1,2,,11599,7,4,,1,57,,11612,5,4,,1,9,,11624,3,4,,1,4,,11601,7,4,,1,21,,11619,5,4,,1,7,,11625,3,4,,1,2,,11627,7,4,,1,57,,11641,5,4,,1,9,,8878,3,4,,1,4,,11595,7,4,,1,21,,11640,3,4,,1,9,,11626,7,4,,1,66,,11594,3,4,,1,4,,11629,7,4,,1,30,,11596,7,4,,1,70,,11615,7,4,,1,30,,11638,7,4,,1,70,,11605,7,4,,1,30,,11609,7,4,,1,70,,11607,7,4,,1,30,,11628,7,4,,1,70,,11633,7,4,,1,30,,11598,7,4,,1,70,,11606,7,4,,1,6,,8269,3,4,,1,24,,11635,7,4,,1,6,,11611,3,4,,1,62,,11639,3,4,,1,2,,11604,7,4,,1,6,,11618,3,4,,1,22,,11631,3,4,,1,2,,11608,7,4,,1,6,,8496,3,4,,1,62,,11623,3,4,,1,2,,11632,7,4,,1,6,,11610,3,4,,1,22,,11630,3,4,,1,2,,11622,7,4,,1,6,,11620,3,4,,1,62,,11614,3,4,,1,2,,11597,7,4,,1,30,,11634,9,4,,1,70,,11602,9,4,,1,30,,11636,9,4,,1,70,,11642,9,4,,1,30,,11613,9,4,,1,70,,11616,9,4,,1,30,,11617,9,4,,1,70,,11600,9,4,,1,30,,11637,9,4,,1,70,,9728,9,4,,1
6001,'9',1048,,11648,9,4,,1,100,,11643,9,4,,1,100,,11644,9,4,,1,100,,11647,9,4,,1,100,,11650,9,4,,1,100,,11649,9,4,,1,100,,11646,9,4,,1,100,,11645,9,4,,1
6501,'11',700,,11665,1,0,20 21 5 12,1,100,,11663,1,0,20 21 5 12,1,100,,11659,1,0,20 21 5 12,1,100,,11655,1,0,20 21 5 12,1,100,,11664,1,0,20 21 5 12,1,100,,11656,1,0,20 21 5 12,1,100,,11657,1,0,20 21 5 12,1,100,,11662,1,0,20 21 5 12,1,100,,11653,1,0,20 21 5 12,1,100,,11651,1,0,20 21 5 12,1,100,,11658,1,0,20 21 5 12,1,100,,11661,1,0,20 21 5 12,1,100,,11666,1,0,20 21 5 12,1,100,,11660,1,0,20 21 5 12,1,100,,11654,1,0,20 21 5 12,1,100,,11652,1,0,20 21 5 12,1
6501,'2',700,,11707,1,0,11 2 5 12,1,30,,11687,1,0,11 2 5 12,1,10,,11718,1,0,13 2 14 15 16 17,1,7,,11719,1,0,18 2 19 16 17,1,53,,11701,1,0,11 2 5 12,1,9,,11694,1,0,13 2 14 15 16 17,1,6,,11668,1,0,18 2 19 16 17,1,15,,11711,1,0,11 2 5 12,1,10,,8950,1,0,13 2 14 15 16 17,1,7,,11682,1,0,18 2 19 16 17,1,53,,11699,1,0,11 2 5 12,1,9,,11677,1,0,13 2 14 15 16 17,1,6,,11669,1,0,18 2 19 16 17,1,15,,11695,1,0,11 2 5 12,1,10,,11703,1,0,13 2 14 15 16 17,1,60,,11678,1,0,11 2 5 12,1,30,,11680,1,0,11 2 5 12,1,70,,11708,1,0,11 2 5 12,1,30,,11671,1,0,11 2 5 12,1,70,,11713,1,0,11 2 5 12,1,30,,11692,1,0,11 2 5 12,1,70,,11685,1,0,11 2 5 12,1,30,,11698,1,0,11 2 5 12,1,70,,11688,1,0,11 2 5 12,1,30,,11691,1,0,11 2 5 12,1,70,,11716,1,0,13 2 14 15 16 17,1,17,,11674,1,0,18 2 19 16 17,1,13,,11673,1,0,13 2 14 15 16 17,1,17,,11714,1,0,18 2 19 16 17,1,53,,11696,1,0,13 2 14 15 16 17,1,17,,11700,1,0,18 2 19 16 17,1,13,,11676,1,0,13 2 14 15 16 17,1,17,,11702,1,0,18 2 19 16 17,1,53,,11697,1,0,13 2 14 15 16 17,1,17,,11681,1,0,18 2 19 16 17,1,13,,11672,1,0,13 2 14 15 16 17,1,17,,11717,1,0,18 2 19 16 17,1,53,,11675,1,0,13 2 14 15 16 17,1,17,,11684,1,0,18 2 19 16 17,1,13,,11670,1,0,20 21 5 12,1,70,,11683,1,0,20 21 5 12,1,30,,11715,1,0,20 21 5 12,1,70,,11679,1,0,20 21 5 12,1,30,,11720,1,0,20 21 5 12,1,70,,11712,1,0,20 21 5 12,1,30,,11706,1,0,20 21 5 12,1,70,,11693,1,0,20 21 5 12,1,30,,11709,1,0,20 21 5 12,1
6501,'6',1000,,11727,1,0,20 21 5 12,1,100,,11723,1,0,20 21 5 12,1,100,,11726,1,0,20 21 5 12,1,100,,11724,1,0,20 21 5 12,1,100,,11725,1,0,20 21 5 12,1,100,,11721,1,0,20 21 5 12,1,100,,11728,1,0,20 21 5 12,1,100,,11722,1,0,20 21 5 12,1
6501,'8',700,,11769,1,0,11 2 5 12,1,30,,11748,1,0,11 2 5 12,1,10,,11780,1,0,13 2 14 15 16 17,1,7,,11781,1,0,18 2 19 16 17,1,53,,11763,1,0,11 2 5 12,1,9,,11756,1,0,13 2 14 15 16 17,1,6,,11730,1,0,18 2 19 16 17,1,15,,11773,1,0,11 2 5 12,1,10,,8851,1,0,13 2 14 15 16 17,1,7,,11743,1,0,18 2 19 16 17,1,53,,11761,1,0,11 2 5 12,1,9,,11738,1,0,13 2 14 15 16 17,1,6,,11731,1,0,18 2 19 16 17,1,15,,11757,1,0,11 2 5 12,1,10,,11765,1,0,13 2 14 15 16 17,1,60,,11739,1,0,11 2 5 12,1,30,,11741,1,0,11 2 5 12,1,70,,11770,1,0,11 2 5 12,1,30,,11733,1,0,11 2 5 12,1,70,,11775,1,0,11 2 5 12,1,30,,11754,1,0,11 2 5 12,1,70,,11746,1,0,11 2 5 12,1,30,,11760,1,0,11 2 5 12,1,70,,11749,1,0,11 2 5 12,1,30,,11753,1,0,11 2 5 12,1,70,,11778,1,0,13 2 14 15 16 17,1,17,,11735,1,0,18 2 19 16 17,1,13,,11734,1,0,13 2 14 15 16 17,1,17,,11776,1,0,18 2 19 16 17,1,53,,11758,1,0,13 2 14 15 16 17,1,17,,11762,1,0,18 2 19 16 17,1,13,,11737,1,0,13 2 14 15 16 17,1,17,,11764,1,0,18 2 19 16 17,1,53,,11759,1,0,13 2 14 15 16 17,1,17,,11742,1,0,18 2 19 16 17,1,13,,11752,1,0,13 2 14 15 16 17,1,17,,11779,1,0,18 2 19 16 17,1,53,,11736,1,0,13 2 14 15 16 17,1,17,,11745,1,0,18 2 19 16 17,1,13,,11732,1,0,20 21 5 12,1,70,,11744,1,0,20 21 5 12,1,30,,11777,1,0,20 21 5 12,1,70,,11740,1,0,20 21 5 12,1,30,,11782,1,0,20 21 5 12,1,70,,11774,1,0,20 21 5 12,1,30,,11768,1,0,20 21 5 12,1,70,,11755,1,0,20 21 5 12,1,30,,11771,1,0,20 21 5 12,1
6501,'9',1000,,11788,1,0,20 21 5 12,1,100,,11785,1,0,20 21 5 12,1,100,,11787,1,0,20 21 5 12,1,100,,11786,1,0,20 21 5 12,1,100,,11783,1,0,20 21 5 12,1,100,,11789,1,0,20 21 5 12,1,100,,11784,1,0,20 21 5 12,1,100,,11790,1,0,20 21 5 12,1
7001,'11',737,,11795,8,0,2 22 7,1,100,,11799,8,0,2 22 7,1,100,,9369,8,0,2 22 7,1,100,,11803,8,0,2 22 7,1,100,,11794,8,0,2 22 7,1,100,,11791,8,0,2 22 7,1,100,,11801,8,0,2 22 7,1,100,,11804,8,0,2 22 7,1,100,,11802,8,0,2 22 7,1,100,,11796,8,0,2 22 7,1,100,,11793,8,0,2 22 7,1,100,,8932,8,0,2 22 7,1,100,,11798,8,0,2 22 7,1,100,,11800,8,0,2 22 7,1,100,,11797,8,0,2 22 7,1,100,,11792,8,0,2 22 7,1
7001,'2',737,,11808,7,0,11 2 7,1,70,,11833,7,0,11 2 7,1,30,,11814,7,0,11 2 7,1,70,,11830,7,0,11 2 7,1,30,,11812,7,0,11 2 7,1,70,,11810,7,0,11 2 7,1,30,,11815,7,0,11 2 7,1,70,,11809,7,0,11 2 7,1,30,,11813,7,0,11 2 7,1,70,,11832,7,0,11 2 7,1,30,,11817,7,0,11 2 7,1,70,,11806,7,0,11 2 7,1,30,,11805,7,0,11 2 7,1,70,,11834,7,0,11 2 7,1,30,,11816,7,0,11 2 7,1,70,,11827,7,0,11 2 7,1,30,,11825,7,0,11 2 7,1,70,,11818,7,0,11 2 7,1,30,,11820,7,0,11 2 7,1,70,,11811,7,0,11 2 7,1,30,,11823,7,0,11 2 7,1,70,,11821,7,0,11 2 7,1,30,,11831,8,0,2 22 7,1,70,,11819,8,0,2 22 7,1,30,,11822,8,0,2 22 7,1,70,,11807,8,0,2 22 7,1,30,,11836,8,0,2 22 7,1,70,,11828,8,0,2 22 7,1,30,,11826,8,0,2 22 7,1,70,,11835,8,0,2 22 7,1,30,,11829,8,0,2 22 7,1,70,,11824,8,0,2 22 7,1
7001,'6',1037,,11838,8,0,2 22 7,1,100,,11840,8,0,2 22 7,1,100,,11841,8,0,2 22 7,1,100,,11839,8,0,2 22 7,1,100,,11842,8,0,2 22 7,1,100,,11843,8,0,2 22 7,1,100,,11837,8,0,2 22 7,1,100,,11844,8,0,2 22 7,1
7001,'8',737,,11850,7,0,11 2 7,1,70,,11845,7,0,11 2 7,1,30,,11855,7,0,11 2 7,1,70,,11871,7,0,11 2 7,1,30,,11853,7,0,11 2 7,1,70,,11858,7,0,11 2 7,1,30,,11856,7,0,11 2 7,1,70,,11851,7,0,11 2 7,1,30,,11854,7,0,11 2 7,1,70,,9875,7,0,11 2 7,1,30,,11859,7,0,11 2 7,1,70,,11847,7,0,11 2 7,1,30,,11846,7,0,11 2 7,1,70,,11849,7,0,11 2 7,1,30,,11857,7,0,11 2 7,1,70,,8887,7,0,11 2 7,1,30,,11867,7,0,11 2 7,1,70,,11860,7,0,11 2 7,1,30,,11862,7,0,11 2 7,1,70,,11852,7,0,11 2 7,1,30,,11865,7,0,11 2 7,1,70,,11863,7,0,11 2 7,1,30,,11872,8,0,2 22 7,1,70,,11861,8,0,2 22 7,1,30,,11864,8,0,2 22 7,1,70,,11848,8,0,2 22 7,1,30,,11874,8,0,2 22 7,1,70,,11869,8,0,2 22 7,1,30,,11868,8,0,2 22 7,1,70,,11873,8,0,2 22 7,1,30,,11870,8,0,2 22 7,1,70,,11866,8,0,2 22 7,1
7001,'9',1037,,11881,8,0,2 22 7,1,100,,11882,8,0,2 22 7,1,100,,11879,8,0,2 22 7,1,100,,11875,8,0,2 22 7,1,100,,11880,8,0,2 22 7,1,100,,11876,8,0,2 22 7,1,100,,11878,8,0,2 22 7,1,100,,11877,8,0,2 22 7,1
7501,'11',714,,11892,3,0,25 24,1,100,,11885,3,0,25 24,1,100,,11891,3,0,25 24,1,100,,11895,3,0,25 24,1,100,,11888,3,0,25 24,1,100,,11889,3,0,25 24,1,100,,11893,3,0,25 24,1,100,,11897,3,0,25 24,1,100,,11883,3,0,25 24,1,100,,11884,3,0,25 24,1,100,,11890,3,0,25 24,1,100,,11896,3,0,25 24,1,100,,11894,3,0,25 24,1,100,,11898,3,0,25 24,1,100,,11886,3,0,25 24,1,100,,11887,3,0,25 24,1
7501,'2',714,,11920,2,0,11 2 23 24,1,30,,11911,2,0,11 2 23 24,1,70,,11924,2,0,11 2 23 24,1,30,,11902,2,0,11 2 23 24,1,70,,11925,2,0,11 2 23 24,1,30,,11919,2,0,11 2 23 24,1,70,,11917,2,0,11 2 23 24,1,30,,11928,2,0,11 2 23 24,1,70,,11903,2,0,11 2 23 24,1,30,,11913,2,0,11 2 23 24,1,70,,11927,2,0,11 2 23 24,1,30,,11906,2,0,11 2 23 24,1,70,,8971,2,0,11 2 23 24,1,30,,9948,2,0,11 2 23 24,1,70,,11922,2,0,11 2 23 24,1,30,,11905,2,0,11 2 23 24,1,70,,11910,2,0,11 2 23 24,1,30,,11926,2,0,11 2 23 24,1,70,,11918,2,0,11 2 23 24,1,30,,11904,2,0,11 2 23 24,1,70,,11914,2,0,11 2 23 24,1,30,,11909,2,0,11 2 23 24,1,70,,11921,3,0,25 24,1,30,,11899,3,0,25 24,1,70,,11915,3,0,25 24,1,30,,11923,3,0,25 24,1,70,,11908,3,0,25 24,1,30,,11916,3,0,25 24,1,70,,11907,3,0,25 24,1,30,,11901,3,0,25 24,1,70,,11912,3,0,25 24,1,30,,11900,3,0,25 24,1
7501,'6',1014,,11930,3,0,25 24,1,100,,11935,3,0,25 24,1,100,,11932,3,0,25 24,1,100,,11929,3,0,25 24,1,100,,11933,3,0,25 24,1,100,,11931,3,0,25 24,1,100,,11936,3,0,25 24,1,100,,11934,3,0,25 24,1
7501,'8',714,,11958,2,0,11 2 23 24,1,30,,11949,2,0,11 2 23 24,1,70,,11962,2,0,11 2 23 24,1,30,,11946,2,0,11 2 23 24,1,70,,11963,2,0,11 2 23 24,1,30,,11957,2,0,11 2 23 24,1,70,,11955,2,0,11 2 23 24,1,30,,11943,2,0,11 2 23 24,1,70,,11941,2,0,11 2 23 24,1,30,,11951,2,0,11 2 23 24,1,70,,11965,2,0,11 2 23 24,1,30,,11966,2,0,11 2 23 24,1,70,,8871,2,0,11 2 23 24,1,30,,9879,2,0,11 2 23 24,1,70,,11960,2,0,11 2 23 24,1,30,,11940,2,0,11 2 23 24,1,70,,11948,2,0,11 2 23 24,1,30,,11964,2,0,11 2 23 24,1,70,,11956,2,0,11 2 23 24,1,30,,11942,2,0,11 2 23 24,1,70,,11952,2,0,11 2 23 24,1,30,,11947,2,0,11 2 23 24,1,70,,11959,3,0,25 24,1,30,,11937,3,0,25 24,1,70,,11953,3,0,25 24,1,30,,11961,3,0,25 24,1,70,,11945,3,0,25 24,1,30,,11954,3,0,25 24,1,70,,11944,3,0,25 24,1,30,,11939,3,0,25 24,1,70,,11950,3,0,25 24,1,30,,11938,3,0,25 24,1
7501,'9',1014,,11967,3,0,25 24,1,100,,11973,3,0,25 24,1,100,,11970,3,0,25 24,1,100,,11971,3,0,25 24,1,100,,11972,3,0,25 24,1,100,,11968,3,0,25 24,1,100,,11974,3,0,25 24,1,100,,11969,3,0,25 24,1
