2500,'1',702,,11794,3,0,26 27 28,1,100,,12296,3,0,26 27 28,1,100,,12297,3,0,26 27 28,1,100,,12302,3,0,26 27 28,1,100,,12301,3,0,26 27 28,1,100,,12310,3,0,26 27 28,1,100,,12308,3,0,26 27 28,1,100,,12306,3,0,26 27 28,1,100,,12299,3,0,26 27 28,1,100,,12309,3,0,26 27 28,1,100,,12307,3,0,26 27 28,1,100,,12300,3,0,26 27 28,1,100,,12298,3,0,26 27 28,1,100,,12305,3,0,26 27 28,1,100,,12303,3,0,26 27 28,1,100,,12304,3,0,26 27 28,1
2500,'10',1002,,12318,3,0,26 27 28,1,100,,12311,3,0,26 27 28,1,100,,12314,3,0,26 27 28,1,100,,12312,3,0,26 27 28,1,100,,12315,3,0,26 27 28,1,100,,12316,3,0,26 27 28,1,100,,12317,3,0,26 27 28,1,100,,12313,3,0,26 27 28,1
2500,'11',1002,,12324,3,0,26 27 28,1,100,,12325,3,0,26 27 28,1,100,,12322,3,0,26 27 28,1,100,,12323,3,0,26 27 28,1,100,,12319,3,0,26 27 28,1,100,,12320,3,0,26 27 28,1,100,,12321,3,0,26 27 28,1,100,,12326,3,0,26 27 28,1
2500,'2',702,,12330,3,0,26 27 28,1,100,,12329,3,0,26 27 28,1,100,,12334,3,0,26 27 28,1,100,,12335,3,0,26 27 28,1,100,,12337,3,0,26 27 28,1,100,,12333,3,0,26 27 28,1,100,,12341,3,0,26 27 28,1,100,,12328,3,0,26 27 28,1,100,,12339,3,0,26 27 28,1,100,,12331,3,0,26 27 28,1,100,,12338,3,0,26 27 28,1,100,,12340,3,0,26 27 28,1,100,,12332,3,0,26 27 28,1,100,,12327,3,0,26 27 28,1,100,,12342,3,0,26 27 28,1,100,,12336,3,0,26 27 28,1
2500,'3',702,,12351,3,0,26 27 28,1,100,,12356,3,0,26 27 28,1,100,,12353,3,0,26 27 28,1,100,,12350,3,0,26 27 28,1,100,,12355,3,0,26 27 28,1,100,,12354,3,0,26 27 28,1,100,,12348,3,0,26 27 28,1,100,,12352,3,0,26 27 28,1,100,,12344,3,0,26 27 28,1,100,,12345,3,0,26 27 28,1,100,,12357,3,0,26 27 28,1,100,,12358,3,0,26 27 28,1,100,,12346,3,0,26 27 28,1,100,,12343,3,0,26 27 28,1,100,,12349,3,0,26 27 28,1,100,,12347,3,0,26 27 28,1
2500,'4',702,,12367,3,0,26 27 28,1,100,,12373,3,0,26 27 28,1,100,,12359,3,0,26 27 28,1,100,,12370,3,0,26 27 28,1,100,,12364,3,0,26 27 28,1,100,,12372,3,0,26 27 28,1,100,,12362,3,0,26 27 28,1,100,,12371,3,0,26 27 28,1,100,,11778,3,0,26 27 28,1,100,,12363,3,0,26 27 28,1,100,,12360,3,0,26 27 28,1,100,,12368,3,0,26 27 28,1,100,,12369,3,0,26 27 28,1,100,,12361,3,0,26 27 28,1,100,,12366,3,0,26 27 28,1,100,,12365,3,0,26 27 28,1
2500,'5',702,,12376,3,0,26 27 28,1,100,,12383,3,0,26 27 28,1,100,,12377,3,0,26 27 28,1,100,,12380,3,0,26 27 28,1,100,,12386,3,0,26 27 28,1,100,,12375,3,0,26 27 28,1,100,,12381,3,0,26 27 28,1,100,,12382,3,0,26 27 28,1,100,,12384,3,0,26 27 28,1,100,,12389,3,0,26 27 28,1,100,,12379,3,0,26 27 28,1,100,,12387,3,0,26 27 28,1,100,,12378,3,0,26 27 28,1,100,,12374,3,0,26 27 28,1,100,,12385,3,0,26 27 28,1,100,,12388,3,0,26 27 28,1
2500,'6',1002,,12391,3,0,26 27 28,1,100,,12397,3,0,26 27 28,1,100,,12395,3,0,26 27 28,1,100,,12394,3,0,26 27 28,1,100,,12396,3,0,26 27 28,1,100,,12390,3,0,26 27 28,1,100,,12393,3,0,26 27 28,1,100,,12392,3,0,26 27 28,1
2500,'7',702,,12412,3,0,26 27 28,1,100,,12400,3,0,26 27 28,1,100,,12402,3,0,26 27 28,1,100,,12408,3,0,26 27 28,1,100,,12413,3,0,26 27 28,1,100,,12409,3,0,26 27 28,1,100,,12404,3,0,26 27 28,1,100,,12401,3,0,26 27 28,1,100,,12410,3,0,26 27 28,1,100,,12398,3,0,26 27 28,1,100,,12399,3,0,26 27 28,1,100,,12407,3,0,26 27 28,1,100,,12405,3,0,26 27 28,1,100,,12406,3,0,26 27 28,1,100,,12403,3,0,26 27 28,1,100,,12411,3,0,26 27 28,1
2500,'8',702,,12417,3,0,26 27 28,1,100,,12424,3,0,26 27 28,1,100,,12414,3,0,26 27 28,1,100,,12423,3,0,26 27 28,1,100,,12422,3,0,26 27 28,1,100,,12426,3,0,26 27 28,1,100,,12420,3,0,26 27 28,1,100,,12416,3,0,26 27 28,1,100,,12428,3,0,26 27 28,1,100,,12419,3,0,26 27 28,1,100,,12421,3,0,26 27 28,1,100,,12425,3,0,26 27 28,1,100,,12415,3,0,26 27 28,1,100,,12427,3,0,26 27 28,1,100,,12429,3,0,26 27 28,1,100,,12418,3,0,26 27 28,1
2500,'9',702,,12438,3,0,26 27 28,1,100,,12433,3,0,26 27 28,1,100,,12432,3,0,26 27 28,1,100,,12440,3,0,26 27 28,1,100,,12445,3,0,26 27 28,1,100,,12430,3,0,26 27 28,1,100,,12431,3,0,26 27 28,1,100,,12441,3,0,26 27 28,1,100,,12434,3,0,26 27 28,1,100,,12442,3,0,26 27 28,1,100,,12439,3,0,26 27 28,1,100,,12437,3,0,26 27 28,1,100,,12436,3,0,26 27 28,1,100,,12435,3,0,26 27 28,1,100,,12443,3,0,26 27 28,1,100,,12444,3,0,26 27 28,1
