2501,'1',647,,12446,15,4,,1,100,,12449,15,4,,1,100,,12461,15,4,,1,100,,12460,15,4,,1,100,,12453,15,4,,1,100,,12450,15,4,,1,100,,12459,15,4,,1,100,,12451,15,4,,1,100,,12454,15,4,,1,100,,12455,15,4,,1,100,,12448,15,4,,1,100,,12456,15,4,,1,100,,12458,15,4,,1,100,,12457,15,4,,1,100,,12452,15,4,,1,100,,12447,15,4,,1
2501,'10',1047,,12465,15,4,,1,100,,12469,15,4,,1,100,,12466,15,4,,1,100,,12462,15,4,,1,100,,12468,15,4,,1,100,,12467,15,4,,1,100,,12463,15,4,,1,100,,12464,15,4,,1
2501,'11',1047,,12477,15,4,,1,100,,12471,15,4,,1,100,,12475,15,4,,1,100,,12470,15,4,,1,100,,12476,15,4,,1,100,,12474,15,4,,1,100,,12473,15,4,,1,100,,12472,15,4,,1
2501,'2',647,,12487,15,4,,1,100,,12491,15,4,,1,100,,12492,15,4,,1,100,,12486,15,4,,1,100,,12490,15,4,,1,100,,12479,15,4,,1,100,,12481,15,4,,1,100,,12480,15,4,,1,100,,12493,15,4,,1,100,,12484,15,4,,1,100,,12483,15,4,,1,100,,12489,15,4,,1,100,,12488,15,4,,1,100,,12485,15,4,,1,100,,12482,15,4,,1,100,,12478,15,4,,1
2501,'3',647,,12502,15,4,,1,100,,12504,15,4,,1,100,,12495,15,4,,1,100,,12494,15,4,,1,100,,12500,15,4,,1,100,,12506,15,4,,1,100,,12503,15,4,,1,100,,12507,15,4,,1,100,,12499,15,4,,1,100,,12498,15,4,,1,100,,12496,15,4,,1,100,,12497,15,4,,1,100,,12501,15,4,,1,100,,12505,15,4,,1,100,,12508,15,4,,1,100,,12509,15,4,,1
2501,'4',647,,12519,15,4,,1,100,,12522,15,4,,1,100,,12523,15,4,,1,100,,12516,15,4,,1,100,,12512,15,4,,1,100,,12520,15,4,,1,100,,12518,15,4,,1,100,,12525,15,4,,1,100,,12515,15,4,,1,100,,12517,15,4,,1,100,,12524,15,4,,1,100,,12513,15,4,,1,100,,12511,15,4,,1,100,,12521,15,4,,1,100,,12510,15,4,,1,100,,12514,15,4,,1
2501,'5',647,,12533,15,4,,1,100,,12529,15,4,,1,100,,12534,15,4,,1,100,,12539,15,4,,1,100,,12528,15,4,,1,100,,12541,15,4,,1,100,,12537,15,4,,1,100,,12532,15,4,,1,100,,12530,15,4,,1,100,,12527,15,4,,1,100,,12526,15,4,,1,100,,12535,15,4,,1,100,,12538,15,4,,1,100,,12536,15,4,,1,100,,12540,15,4,,1,100,,12531,15,4,,1
2501,'6',1047,,12542,15,4,,1,100,,12549,15,4,,1,100,,12546,15,4,,1,100,,12544,15,4,,1,100,,12543,15,4,,1,100,,12545,15,4,,1,100,,12548,15,4,,1,100,,12547,15,4,,1
2501,'7',647,,12560,15,4,,1,100,,12558,15,4,,1,100,,12563,15,4,,1,100,,12551,15,4,,1,100,,12552,15,4,,1,100,,12557,15,4,,1,100,,12561,15,4,,1,100,,12562,15,4,,1,100,,12553,15,4,,1,100,,12564,15,4,,1,100,,12556,15,4,,1,100,,12554,15,4,,1,100,,12550,15,4,,1,100,,12565,15,4,,1,100,,12559,15,4,,1,100,,12555,15,4,,1
2501,'8',647,,12570,15,4,,1,100,,12566,15,4,,1,100,,12571,15,4,,1,100,,12581,15,4,,1,100,,12575,15,4,,1,100,,12573,15,4,,1,100,,12579,15,4,,1,100,,12578,15,4,,1,100,,12577,15,4,,1,100,,12568,15,4,,1,100,,12574,15,4,,1,100,,12567,15,4,,1,100,,12576,15,4,,1,100,,12580,15,4,,1,100,,12572,15,4,,1,100,,12569,15,4,,1
2501,'9',647,,12596,15,4,,1,100,,12597,15,4,,1,100,,12595,15,4,,1,100,,12590,15,4,,1,100,,12586,15,4,,1,100,,12584,15,4,,1,100,,12582,15,4,,1,100,,12589,15,4,,1,100,,12591,15,4,,1,100,,12585,15,4,,1,100,,12593,15,4,,1,100,,12587,15,4,,1,100,,12588,15,4,,1,100,,12592,15,4,,1,100,,12594,15,4,,1,100,,12583,15,4,,1
