2500,'1',719,,11794,13,0,26 27 28,1,100,,12296,13,0,26 27 28,1,100,,12297,13,0,26 27 28,1,100,,12302,13,0,26 27 28,1,100,,12301,13,0,26 27 28,1,100,,12310,13,0,26 27 28,1,100,,12308,13,0,26 27 28,1,100,,12306,13,0,26 27 28,1,100,,12299,13,0,26 27 28,1,100,,12309,13,0,26 27 28,1,100,,12307,13,0,26 27 28,1,100,,12300,13,0,26 27 28,1,100,,12298,13,0,26 27 28,1,100,,12305,13,0,26 27 28,1,100,,12303,13,0,26 27 28,1,100,,12304,13,0,26 27 28,1
2500,'10',1019,,12318,13,0,26 27 28,1,100,,12311,13,0,26 27 28,1,100,,12314,13,0,26 27 28,1,100,,12312,13,0,26 27 28,1,100,,12315,13,0,26 27 28,1,100,,12316,13,0,26 27 28,1,100,,12317,13,0,26 27 28,1,100,,12313,13,0,26 27 28,1
2500,'11',1019,,12324,13,0,26 27 28,1,100,,12325,13,0,26 27 28,1,100,,12322,13,0,26 27 28,1,100,,12323,13,0,26 27 28,1,100,,12319,13,0,26 27 28,1,100,,12320,13,0,26 27 28,1,100,,12321,13,0,26 27 28,1,100,,12326,13,0,26 27 28,1
2500,'2',719,,12330,13,0,26 27 28,1,100,,12329,13,0,26 27 28,1,100,,12334,13,0,26 27 28,1,100,,12335,13,0,26 27 28,1,100,,12337,13,0,26 27 28,1,100,,12333,13,0,26 27 28,1,100,,12341,13,0,26 27 28,1,100,,12328,13,0,26 27 28,1,100,,12339,13,0,26 27 28,1,100,,12331,13,0,26 27 28,1,100,,12338,13,0,26 27 28,1,100,,12340,13,0,26 27 28,1,100,,12332,13,0,26 27 28,1,100,,12327,13,0,26 27 28,1,100,,12342,13,0,26 27 28,1,100,,12336,13,0,26 27 28,1
2500,'3',719,,12351,13,0,26 27 28,1,100,,12356,13,0,26 27 28,1,100,,12353,13,0,26 27 28,1,100,,12350,13,0,26 27 28,1,100,,12355,13,0,26 27 28,1,100,,12354,13,0,26 27 28,1,100,,12348,13,0,26 27 28,1,100,,12352,13,0,26 27 28,1,100,,12344,13,0,26 27 28,1,100,,12345,13,0,26 27 28,1,100,,12357,13,0,26 27 28,1,100,,12358,13,0,26 27 28,1,100,,12346,13,0,26 27 28,1,100,,12343,13,0,26 27 28,1,100,,12349,13,0,26 27 28,1,100,,12347,13,0,26 27 28,1
2500,'4',719,,12367,13,0,26 27 28,1,100,,12373,13,0,26 27 28,1,100,,12359,13,0,26 27 28,1,100,,12370,13,0,26 27 28,1,100,,12364,13,0,26 27 28,1,100,,12372,13,0,26 27 28,1,100,,12362,13,0,26 27 28,1,100,,12371,13,0,26 27 28,1,100,,11778,13,0,26 27 28,1,100,,12363,13,0,26 27 28,1,100,,12360,13,0,26 27 28,1,100,,12368,13,0,26 27 28,1,100,,12369,13,0,26 27 28,1,100,,12361,13,0,26 27 28,1,100,,12366,13,0,26 27 28,1,100,,12365,13,0,26 27 28,1
2500,'5',719,,12376,13,0,26 27 28,1,100,,12383,13,0,26 27 28,1,100,,12377,13,0,26 27 28,1,100,,12380,13,0,26 27 28,1,100,,12386,13,0,26 27 28,1,100,,12375,13,0,26 27 28,1,100,,12381,13,0,26 27 28,1,100,,12382,13,0,26 27 28,1,100,,12384,13,0,26 27 28,1,100,,12389,13,0,26 27 28,1,100,,12379,13,0,26 27 28,1,100,,12387,13,0,26 27 28,1,100,,12378,13,0,26 27 28,1,100,,12374,13,0,26 27 28,1,100,,12385,13,0,26 27 28,1,100,,12388,13,0,26 27 28,1
2500,'6',1019,,12391,13,0,26 27 28,1,100,,12397,13,0,26 27 28,1,100,,12395,13,0,26 27 28,1,100,,12394,13,0,26 27 28,1,100,,12396,13,0,26 27 28,1,100,,12390,13,0,26 27 28,1,100,,12393,13,0,26 27 28,1,100,,12392,13,0,26 27 28,1
2500,'7',719,,12412,13,0,26 27 28,1,100,,12400,13,0,26 27 28,1,100,,12402,13,0,26 27 28,1,100,,12408,13,0,26 27 28,1,100,,12413,13,0,26 27 28,1,100,,12409,13,0,26 27 28,1,100,,12404,13,0,26 27 28,1,100,,12401,13,0,26 27 28,1,100,,12410,13,0,26 27 28,1,100,,12398,13,0,26 27 28,1,100,,12399,13,0,26 27 28,1,100,,12407,13,0,26 27 28,1,100,,12405,13,0,26 27 28,1,100,,12406,13,0,26 27 28,1,100,,12403,13,0,26 27 28,1,100,,12411,13,0,26 27 28,1
2500,'8',719,,12417,13,0,26 27 28,1,100,,12424,13,0,26 27 28,1,100,,12414,13,0,26 27 28,1,100,,12423,13,0,26 27 28,1,100,,12422,13,0,26 27 28,1,100,,12426,13,0,26 27 28,1,100,,12420,13,0,26 27 28,1,100,,12416,13,0,26 27 28,1,100,,12428,13,0,26 27 28,1,100,,12419,13,0,26 27 28,1,100,,12421,13,0,26 27 28,1,100,,12425,13,0,26 27 28,1,100,,12415,13,0,26 27 28,1,100,,12427,13,0,26 27 28,1,100,,12429,13,0,26 27 28,1,100,,12418,13,0,26 27 28,1
2500,'9',719,,12438,13,0,26 27 28,1,100,,12433,13,0,26 27 28,1,100,,12432,13,0,26 27 28,1,100,,12440,13,0,26 27 28,1,100,,12445,13,0,26 27 28,1,100,,12430,13,0,26 27 28,1,100,,12431,13,0,26 27 28,1,100,,12441,13,0,26 27 28,1,100,,12434,13,0,26 27 28,1,100,,12442,13,0,26 27 28,1,100,,12439,13,0,26 27 28,1,100,,12437,13,0,26 27 28,1,100,,12436,13,0,26 27 28,1,100,,12435,13,0,26 27 28,1,100,,12443,13,0,26 27 28,1,100,,12444,13,0,26 27 28,1
