2500,'1',700,,8448,1,0,26 27 28,1,100,,8450,1,0,26 27 28,1,100,,8458,1,0,26 27 28,1,100,,8460,1,0,26 27 28,1,100,,8452,1,0,26 27 28,1,100,,8451,1,0,26 27 28,1,100,,8456,1,0,26 27 28,1,100,,8449,1,0,26 27 28,1,100,,8455,1,0,26 27 28,1,100,,8454,1,0,26 27 28,1,100,,8453,1,0,26 27 28,1,100,,8447,1,0,26 27 28,1,100,,8459,1,0,26 27 28,1,100,,8446,1,0,26 27 28,1,100,,8457,1,0,26 27 28,1,100,,8461,1,0,26 27 28,1
2500,'11',700,,8464,1,0,26 27 28,1,100,,8466,1,0,26 27 28,1,100,,8474,1,0,26 27 28,1,100,,8476,1,0,26 27 28,1,100,,8468,1,0,26 27 28,1,100,,8467,1,0,26 27 28,1,100,,8472,1,0,26 27 28,1,100,,8465,1,0,26 27 28,1,100,,8471,1,0,26 27 28,1,100,,8470,1,0,26 27 28,1,100,,8469,1,0,26 27 28,1,100,,8463,1,0,26 27 28,1,100,,8475,1,0,26 27 28,1,100,,8462,1,0,26 27 28,1,100,,8473,1,0,26 27 28,1,100,,8477,1,0,26 27 28,1
2500,'12',700,,8490,1,0,26 27 28,1,100,,8487,1,0,26 27 28,1,100,,8483,1,0,26 27 28,1,100,,8479,1,0,26 27 28,1,100,,8480,1,0,26 27 28,1,100,,8478,1,0,26 27 28,1,100,,8481,1,0,26 27 28,1,100,,8491,1,0,26 27 28,1,100,,8482,1,0,26 27 28,1,100,,8493,1,0,26 27 28,1,100,,8484,1,0,26 27 28,1,100,,8492,1,0,26 27 28,1,100,,8489,1,0,26 27 28,1,100,,8488,1,0,26 27 28,1,100,,8485,1,0,26 27 28,1,100,,8486,1,0,26 27 28,1
2500,'13',700,,8506,1,0,26 27 28,1,100,,8503,1,0,26 27 28,1,100,,8499,1,0,26 27 28,1,100,,8495,1,0,26 27 28,1,100,,8496,1,0,26 27 28,1,100,,8494,1,0,26 27 28,1,100,,8497,1,0,26 27 28,1,100,,8507,1,0,26 27 28,1,100,,8498,1,0,26 27 28,1,100,,8509,1,0,26 27 28,1,100,,8500,1,0,26 27 28,1,100,,8508,1,0,26 27 28,1,100,,8505,1,0,26 27 28,1,100,,8504,1,0,26 27 28,1,100,,8501,1,0,26 27 28,1,100,,8502,1,0,26 27 28,1
2500,'16',700,,8512,1,0,26 27 28,1,100,,8514,1,0,26 27 28,1,100,,8522,1,0,26 27 28,1,100,,8524,1,0,26 27 28,1,100,,8516,1,0,26 27 28,1,100,,8515,1,0,26 27 28,1,100,,8520,1,0,26 27 28,1,100,,8513,1,0,26 27 28,1,100,,8519,1,0,26 27 28,1,100,,8518,1,0,26 27 28,1,100,,8517,1,0,26 27 28,1,100,,8511,1,0,26 27 28,1,100,,8523,1,0,26 27 28,1,100,,8510,1,0,26 27 28,1,100,,8521,1,0,26 27 28,1,100,,8525,1,0,26 27 28,1
2500,'3',700,,8538,1,0,26 27 28,1,100,,8535,1,0,26 27 28,1,100,,8531,1,0,26 27 28,1,100,,8527,1,0,26 27 28,1,100,,8528,1,0,26 27 28,1,100,,8526,1,0,26 27 28,1,100,,8529,1,0,26 27 28,1,100,,8539,1,0,26 27 28,1,100,,8530,1,0,26 27 28,1,100,,8541,1,0,26 27 28,1,100,,8532,1,0,26 27 28,1,100,,8540,1,0,26 27 28,1,100,,8537,1,0,26 27 28,1,100,,8536,1,0,26 27 28,1,100,,8533,1,0,26 27 28,1,100,,8534,1,0,26 27 28,1
2500,'6',700,,8554,1,0,26 27 28,1,100,,8551,1,0,26 27 28,1,100,,8547,1,0,26 27 28,1,100,,8543,1,0,26 27 28,1,100,,8544,1,0,26 27 28,1,100,,8542,1,0,26 27 28,1,100,,8545,1,0,26 27 28,1,100,,8555,1,0,26 27 28,1,100,,8546,1,0,26 27 28,1,100,,8557,1,0,26 27 28,1,100,,8548,1,0,26 27 28,1,100,,8556,1,0,26 27 28,1,100,,8553,1,0,26 27 28,1,100,,8552,1,0,26 27 28,1,100,,8549,1,0,26 27 28,1,100,,8550,1,0,26 27 28,1
2501,'1',652,,8566,23,4,,1,100,,7119,23,4,,1,100,,8558,23,4,,1,100,,8572,23,4,,1,100,,8561,23,4,,1,100,,8567,23,4,,1,100,,8571,23,4,,1,100,,8565,23,4,,1,100,,8564,23,4,,1,100,,8559,23,4,,1,100,,8569,23,4,,1,100,,8563,23,4,,1,100,,8560,23,4,,1,100,,8570,23,4,,1,100,,8568,23,4,,1,100,,8562,23,4,,1
2501,'11',652,,8582,23,4,,1,100,,8575,23,4,,1,100,,8573,23,4,,1,100,,8588,23,4,,1,100,,8577,23,4,,1,100,,8583,23,4,,1,100,,8587,23,4,,1,100,,8581,23,4,,1,100,,8580,23,4,,1,100,,8574,23,4,,1,100,,8585,23,4,,1,100,,8579,23,4,,1,100,,8576,23,4,,1,100,,8586,23,4,,1,100,,8584,23,4,,1,100,,8578,23,4,,1
2501,'12',652,,8599,23,4,,1,100,,8603,23,4,,1,100,,8600,23,4,,1,100,,8602,23,4,,1,100,,8596,23,4,,1,100,,8592,23,4,,1,100,,8604,23,4,,1,100,,8590,23,4,,1,100,,8601,23,4,,1,100,,8591,23,4,,1,100,,8594,23,4,,1,100,,8597,23,4,,1,100,,8598,23,4,,1,100,,8589,23,4,,1,100,,8595,23,4,,1,100,,8593,23,4,,1
2501,'13',652,,8615,23,4,,1,100,,8619,23,4,,1,100,,8616,23,4,,1,100,,8618,23,4,,1,100,,8612,23,4,,1,100,,8608,23,4,,1,100,,8620,23,4,,1,100,,8606,23,4,,1,100,,8617,23,4,,1,100,,8607,23,4,,1,100,,8610,23,4,,1,100,,8613,23,4,,1,100,,8614,23,4,,1,100,,8605,23,4,,1,100,,8611,23,4,,1,100,,8609,23,4,,1
2501,'16',652,,8629,23,4,,1,100,,7149,23,4,,1,100,,8621,23,4,,1,100,,8635,23,4,,1,100,,8624,23,4,,1,100,,8630,23,4,,1,100,,8634,23,4,,1,100,,8628,23,4,,1,100,,8627,23,4,,1,100,,8622,23,4,,1,100,,8632,23,4,,1,100,,8626,23,4,,1,100,,8623,23,4,,1,100,,8633,23,4,,1,100,,8631,23,4,,1,100,,8625,23,4,,1
2501,'3',652,,8646,23,4,,1,100,,8650,23,4,,1,100,,8647,23,4,,1,100,,8649,23,4,,1,100,,8643,23,4,,1,100,,8639,23,4,,1,100,,8651,23,4,,1,100,,8637,23,4,,1,100,,8648,23,4,,1,100,,8638,23,4,,1,100,,8641,23,4,,1,100,,8644,23,4,,1,100,,8645,23,4,,1,100,,8636,23,4,,1,100,,8642,23,4,,1,100,,8640,23,4,,1
2501,'6',652,,8662,23,4,,1,100,,8666,23,4,,1,100,,8663,23,4,,1,100,,8665,23,4,,1,100,,8659,23,4,,1,100,,8655,23,4,,1,100,,8667,23,4,,1,100,,8653,23,4,,1,100,,8664,23,4,,1,100,,8654,23,4,,1,100,,8657,23,4,,1,100,,8660,23,4,,1,100,,8661,23,4,,1,100,,8652,23,4,,1,100,,8658,23,4,,1,100,,8656,23,4,,1
3400,'12',700,,8672,1,0,5 6 7 8 2 9 8,1,130,,8668,1,0,5 6 7 8 2 9 8,1,170,,8670,1,0,5 6 7 8 2 9 8,1,130,,8673,1,0,5 6 7 8 2 9 8,1,170,,8675,1,0,5 6 7 8 2 9 8,1,130,,8669,1,0,5 6 7 8 2 9 8,1,170,,8671,1,0,5 6 7 8 2 9 8,1,130,,8674,1,0,5 6 7 8 2 9 8,1,170,,8677,1,0,5 6 7 8 2 9 8,1,130,,8676,1,0,5 6 7 8 2 9 8,1
3400,'6',1000,,8679,1,0,5 6 7 8 2 9 8,1,130,,8681,1,0,5 6 7 8 2 9 8,1,170,,8683,1,0,5 6 7 8 2 9 8,1,130,,8678,1,0,5 6 7 8 2 9 8,1,170,,8680,1,0,5 6 7 8 2 9 8,1,130,,8682,1,0,5 6 7 8 2 9 8,1,170,,8685,1,0,5 6 7 8 2 9 8,1,130,,8684,1,0,5 6 7 8 2 9 8,1
3401,'12',821,,8692,5,4,,1,130,,8694,5,4,,1,170,,8687,5,4,,1,130,,8691,5,4,,1,170,,8690,5,4,,1,130,,8693,5,4,,1,170,,8688,5,4,,1,130,,8689,5,4,,1,170,,8686,5,4,,1,130,,8695,5,4,,1
3401,'6',1121,,8697,5,4,,1,130,,8701,5,4,,1,170,,8700,5,4,,1,130,,8702,5,4,,1,170,,8698,5,4,,1,130,,8699,5,4,,1,170,,8696,5,4,,1,130,,8703,5,4,,1
6001,'1',739,,9785,8,0,20 21 7,1,100,,9799,8,0,20 21 7,1,100,,9800,8,0,20 21 7,1,100,,9792,8,0,20 21 7,1,100,,9798,8,0,20 21 7,1,100,,9790,8,0,20 21 7,1,100,,9789,8,0,20 21 7,1,100,,9793,8,0,20 21 7,1,100,,9795,8,0,20 21 7,1,100,,9791,8,0,20 21 7,1,100,,9788,8,0,20 21 7,1,100,,9797,8,0,20 21 7,1,100,,9794,8,0,20 21 7,1,100,,9786,8,0,20 21 7,1,100,,9787,8,0,20 21 7,1,100,,9796,8,0,20 21 7,1
6001,'11',739,,9801,8,0,20 21 7,1,100,,9815,8,0,20 21 7,1,100,,9816,8,0,20 21 7,1,100,,9808,8,0,20 21 7,1,100,,9814,8,0,20 21 7,1,100,,9806,8,0,20 21 7,1,100,,9805,8,0,20 21 7,1,100,,9809,8,0,20 21 7,1,100,,9811,8,0,20 21 7,1,100,,9807,8,0,20 21 7,1,100,,9804,8,0,20 21 7,1,100,,9813,8,0,20 21 7,1,100,,9810,8,0,20 21 7,1,100,,9802,8,0,20 21 7,1,100,,9803,8,0,20 21 7,1,100,,9812,8,0,20 21 7,1
6001,'12',739,,9854,6,0,11 2 7,1,70,,9819,6,0,11 2 7,1,30,,9827,6,0,11 2 7,1,70,,9859,6,0,11 2 7,1,30,,9840,6,0,11 2 7,1,70,,9844,6,0,11 2 7,1,30,,9823,6,0,11 2 7,1,70,,9866,6,0,11 2 7,1,30,,9863,6,0,11 2 7,1,70,,9832,6,0,11 2 7,1,30,,9817,6,0,11 2 7,1,70,,9818,6,0,11 2 7,1,30,,9824,6,0,11 2 7,1,70,,9867,6,0,11 2 7,1,30,,9830,6,0,11 2 7,1,70,,9841,6,0,11 2 7,1,30,,9869,6,0,11 2 7,1,70,,9834,6,0,11 2 7,1,30,,9825,6,0,11 2 7,1,70,,9839,6,0,11 2 7,1,30,,9835,6,0,11 2 7,1,70,,9842,6,0,11 2 7,1,30,,9861,8,0,20 21 7,1,70,,9826,8,0,20 21 7,1,30,,9821,8,0,20 21 7,1,70,,9851,8,0,20 21 7,1,30,,9831,8,0,20 21 7,1,70,,9845,8,0,20 21 7,1,30,,9850,8,0,20 21 7,1,70,,9822,8,0,20 21 7,1,30,,9829,8,0,20 21 7,1,70,,9837,8,0,20 21 7,1
6001,'13',739,,9907,6,0,11 2 7,1,70,,9872,6,0,11 2 7,1,30,,9880,6,0,11 2 7,1,70,,9912,6,0,11 2 7,1,30,,9893,6,0,11 2 7,1,70,,9897,6,0,11 2 7,1,30,,9876,6,0,11 2 7,1,70,,9919,6,0,11 2 7,1,30,,9916,6,0,11 2 7,1,70,,9885,6,0,11 2 7,1,30,,9870,6,0,11 2 7,1,70,,9871,6,0,11 2 7,1,30,,9877,6,0,11 2 7,1,70,,9920,6,0,11 2 7,1,30,,9883,6,0,11 2 7,1,70,,9894,6,0,11 2 7,1,30,,9922,6,0,11 2 7,1,70,,9887,6,0,11 2 7,1,30,,9878,6,0,11 2 7,1,70,,9892,6,0,11 2 7,1,30,,9888,6,0,11 2 7,1,70,,9895,6,0,11 2 7,1,30,,9914,8,0,20 21 7,1,70,,9879,8,0,20 21 7,1,30,,9874,8,0,20 21 7,1,70,,9904,8,0,20 21 7,1,30,,9884,8,0,20 21 7,1,70,,9898,8,0,20 21 7,1,30,,9903,8,0,20 21 7,1,70,,9875,8,0,20 21 7,1,30,,9882,8,0,20 21 7,1,70,,9890,8,0,20 21 7,1
6001,'16',739,,9923,8,0,20 21 7,1,100,,9937,8,0,20 21 7,1,100,,9938,8,0,20 21 7,1,100,,9930,8,0,20 21 7,1,100,,9936,8,0,20 21 7,1,100,,9928,8,0,20 21 7,1,100,,9927,8,0,20 21 7,1,100,,9931,8,0,20 21 7,1,100,,9933,8,0,20 21 7,1,100,,9929,8,0,20 21 7,1,100,,9926,8,0,20 21 7,1,100,,9935,8,0,20 21 7,1,100,,9932,8,0,20 21 7,1,100,,9924,8,0,20 21 7,1,100,,9925,8,0,20 21 7,1,100,,9934,8,0,20 21 7,1
6001,'3',739,,9976,6,0,11 2 7,1,70,,9941,6,0,11 2 7,1,30,,9949,6,0,11 2 7,1,70,,9981,6,0,11 2 7,1,30,,9962,6,0,11 2 7,1,70,,9966,6,0,11 2 7,1,30,,9945,6,0,11 2 7,1,70,,9988,6,0,11 2 7,1,30,,9985,6,0,11 2 7,1,70,,9954,6,0,11 2 7,1,30,,9939,6,0,11 2 7,1,70,,9940,6,0,11 2 7,1,30,,9946,6,0,11 2 7,1,70,,9989,6,0,11 2 7,1,30,,9952,6,0,11 2 7,1,70,,9963,6,0,11 2 7,1,30,,9991,6,0,11 2 7,1,70,,9956,6,0,11 2 7,1,30,,9947,6,0,11 2 7,1,70,,9961,6,0,11 2 7,1,30,,9957,6,0,11 2 7,1,70,,9964,6,0,11 2 7,1,30,,9983,8,0,20 21 7,1,70,,9948,8,0,20 21 7,1,30,,9943,8,0,20 21 7,1,70,,9973,8,0,20 21 7,1,30,,9953,8,0,20 21 7,1,70,,9967,8,0,20 21 7,1,30,,9972,8,0,20 21 7,1,70,,9944,8,0,20 21 7,1,30,,9951,8,0,20 21 7,1,70,,9959,8,0,20 21 7,1
6001,'6',739,,10026,6,0,11 2 7,1,70,,9994,6,0,11 2 7,1,30,,10002,6,0,11 2 7,1,70,,10030,6,0,11 2 7,1,30,,10014,6,0,11 2 7,1,70,,10018,6,0,11 2 7,1,30,,9998,6,0,11 2 7,1,70,,10037,6,0,11 2 7,1,30,,10034,6,0,11 2 7,1,70,,10007,6,0,11 2 7,1,30,,9992,6,0,11 2 7,1,70,,9993,6,0,11 2 7,1,30,,9999,6,0,11 2 7,1,70,,10038,6,0,11 2 7,1,30,,10005,6,0,11 2 7,1,70,,10015,6,0,11 2 7,1,30,,10039,6,0,11 2 7,1,70,,10009,6,0,11 2 7,1,30,,10000,6,0,11 2 7,1,70,,10013,6,0,11 2 7,1,30,,10010,6,0,11 2 7,1,70,,10016,6,0,11 2 7,1,30,,10032,8,0,20 21 7,1,70,,10001,8,0,20 21 7,1,30,,9996,8,0,20 21 7,1,70,,10024,8,0,20 21 7,1,30,,10006,8,0,20 21 7,1,70,,10019,8,0,20 21 7,1,30,,10023,8,0,20 21 7,1,70,,9997,8,0,20 21 7,1,30,,10004,8,0,20 21 7,1,70,,10012,8,0,20 21 7,1
6501,'1',708,,10055,2,0,20 21 5 12,1,100,,10044,2,0,20 21 5 12,1,100,,10045,2,0,20 21 5 12,1,100,,10042,2,0,20 21 5 12,1,100,,10052,2,0,20 21 5 12,1,100,,10041,2,0,20 21 5 12,1,100,,10054,2,0,20 21 5 12,1,100,,10048,2,0,20 21 5 12,1,100,,10050,2,0,20 21 5 12,1,100,,10047,2,0,20 21 5 12,1,100,,10046,2,0,20 21 5 12,1,100,,10049,2,0,20 21 5 12,1,100,,10053,2,0,20 21 5 12,1,100,,10043,2,0,20 21 5 12,1,100,,10040,2,0,20 21 5 12,1,100,,10051,2,0,20 21 5 12,1
6501,'11',708,,10071,2,0,20 21 5 12,1,100,,10060,2,0,20 21 5 12,1,100,,10061,2,0,20 21 5 12,1,100,,10058,2,0,20 21 5 12,1,100,,10068,2,0,20 21 5 12,1,100,,10057,2,0,20 21 5 12,1,100,,10070,2,0,20 21 5 12,1,100,,10064,2,0,20 21 5 12,1,100,,10066,2,0,20 21 5 12,1,100,,10063,2,0,20 21 5 12,1,100,,10062,2,0,20 21 5 12,1,100,,10065,2,0,20 21 5 12,1,100,,10069,2,0,20 21 5 12,1,100,,10059,2,0,20 21 5 12,1,100,,10056,2,0,20 21 5 12,1,100,,10067,2,0,20 21 5 12,1
6501,'12',708,,10113,2,0,11 2 5 12,1,30,,10126,2,0,11 2 5 12,1,70,,10091,2,0,11 2 5 12,1,30,,10086,2,0,11 2 5 12,1,70,,10073,2,0,11 2 5 12,1,30,,10110,2,0,11 2 5 12,1,70,,10081,2,0,11 2 5 12,1,30,,10089,2,0,11 2 5 12,1,70,,10098,2,0,11 2 5 12,1,30,,10090,2,0,11 2 5 12,1,70,,10124,2,0,11 2 5 12,1,30,,10075,2,0,11 2 5 12,1,70,,10079,2,0,11 2 5 12,1,30,,10104,2,0,11 2 5 12,1,70,,10078,2,0,11 2 5 12,1,30,,10103,2,0,11 2 5 12,1,70,,10115,2,0,11 2 5 12,1,30,,10105,2,0,11 2 5 12,1,70,,10072,2,0,11 2 5 12,1,30,,10122,2,0,11 2 5 12,1,70,,10101,2,0,11 2 5 12,1,30,,10080,2,0,11 2 5 12,1,70,,10114,2,0,20 21 5 12,1,30,,10100,2,0,20 21 5 12,1,70,,10092,2,0,20 21 5 12,1,30,,10093,2,0,20 21 5 12,1,70,,10121,2,0,20 21 5 12,1,30,,10125,2,0,20 21 5 12,1,70,,10117,2,0,20 21 5 12,1,30,,10084,2,0,20 21 5 12,1,70,,10085,2,0,20 21 5 12,1,30,,10116,2,0,20 21 5 12,1
6501,'13',708,,10165,2,0,11 2 5 12,1,30,,10177,2,0,11 2 5 12,1,70,,10144,2,0,11 2 5 12,1,30,,10140,2,0,11 2 5 12,1,70,,10128,2,0,11 2 5 12,1,30,,10162,2,0,11 2 5 12,1,70,,10135,2,0,11 2 5 12,1,30,,10143,2,0,11 2 5 12,1,70,,10150,2,0,11 2 5 12,1,30,,7279,2,0,11 2 5 12,1,70,,10175,2,0,11 2 5 12,1,30,,10130,2,0,11 2 5 12,1,70,,10133,2,0,11 2 5 12,1,30,,10156,2,0,11 2 5 12,1,70,,10132,2,0,11 2 5 12,1,30,,10155,2,0,11 2 5 12,1,70,,10167,2,0,11 2 5 12,1,30,,10157,2,0,11 2 5 12,1,70,,10127,2,0,11 2 5 12,1,30,,7076,2,0,11 2 5 12,1,70,,10153,2,0,11 2 5 12,1,30,,10134,2,0,11 2 5 12,1,70,,10166,2,0,20 21 5 12,1,30,,10152,2,0,20 21 5 12,1,70,,10145,2,0,20 21 5 12,1,30,,10146,2,0,20 21 5 12,1,70,,10173,2,0,20 21 5 12,1,30,,10176,2,0,20 21 5 12,1,70,,10169,2,0,20 21 5 12,1,30,,10138,2,0,20 21 5 12,1,70,,10139,2,0,20 21 5 12,1,30,,10168,2,0,20 21 5 12,1
6501,'16',708,,10193,2,0,20 21 5 12,1,100,,10182,2,0,20 21 5 12,1,100,,10183,2,0,20 21 5 12,1,100,,10180,2,0,20 21 5 12,1,100,,10190,2,0,20 21 5 12,1,100,,10179,2,0,20 21 5 12,1,100,,10192,2,0,20 21 5 12,1,100,,10186,2,0,20 21 5 12,1,100,,10188,2,0,20 21 5 12,1,100,,10185,2,0,20 21 5 12,1,100,,10184,2,0,20 21 5 12,1,100,,10187,2,0,20 21 5 12,1,100,,10191,2,0,20 21 5 12,1,100,,10181,2,0,20 21 5 12,1,100,,10178,2,0,20 21 5 12,1,100,,10189,2,0,20 21 5 12,1
6501,'3',708,,10232,2,0,11 2 5 12,1,30,,10244,2,0,11 2 5 12,1,70,,10211,2,0,11 2 5 12,1,30,,10207,2,0,11 2 5 12,1,70,,10195,2,0,11 2 5 12,1,30,,10229,2,0,11 2 5 12,1,70,,10202,2,0,11 2 5 12,1,30,,10210,2,0,11 2 5 12,1,70,,10217,2,0,11 2 5 12,1,30,,7376,2,0,11 2 5 12,1,70,,10242,2,0,11 2 5 12,1,30,,10197,2,0,11 2 5 12,1,70,,10200,2,0,11 2 5 12,1,30,,10223,2,0,11 2 5 12,1,70,,10199,2,0,11 2 5 12,1,30,,10222,2,0,11 2 5 12,1,70,,10234,2,0,11 2 5 12,1,30,,10224,2,0,11 2 5 12,1,70,,10194,2,0,11 2 5 12,1,30,,7110,2,0,11 2 5 12,1,70,,10220,2,0,11 2 5 12,1,30,,10201,2,0,11 2 5 12,1,70,,10233,2,0,20 21 5 12,1,30,,10219,2,0,20 21 5 12,1,70,,10212,2,0,20 21 5 12,1,30,,10213,2,0,20 21 5 12,1,70,,10240,2,0,20 21 5 12,1,30,,10243,2,0,20 21 5 12,1,70,,10236,2,0,20 21 5 12,1,30,,10205,2,0,20 21 5 12,1,70,,10206,2,0,20 21 5 12,1,30,,10235,2,0,20 21 5 12,1
6501,'6',708,,10281,2,0,11 2 5 12,1,30,,10293,2,0,11 2 5 12,1,70,,10264,2,0,11 2 5 12,1,30,,10260,2,0,11 2 5 12,1,70,,10246,2,0,11 2 5 12,1,30,,10278,2,0,11 2 5 12,1,70,,10254,2,0,11 2 5 12,1,30,,10262,2,0,11 2 5 12,1,70,,10269,2,0,11 2 5 12,1,30,,10263,2,0,11 2 5 12,1,70,,10291,2,0,11 2 5 12,1,30,,10248,2,0,11 2 5 12,1,70,,10252,2,0,11 2 5 12,1,30,,10274,2,0,11 2 5 12,1,70,,10251,2,0,11 2 5 12,1,30,,10273,2,0,11 2 5 12,1,70,,10283,2,0,11 2 5 12,1,30,,10275,2,0,11 2 5 12,1,70,,10245,2,0,11 2 5 12,1,30,,10289,2,0,11 2 5 12,1,70,,10271,2,0,11 2 5 12,1,30,,10253,2,0,11 2 5 12,1,70,,10282,2,0,20 21 5 12,1,30,,10270,2,0,20 21 5 12,1,70,,10265,2,0,20 21 5 12,1,30,,10266,2,0,20 21 5 12,1,70,,10288,2,0,20 21 5 12,1,30,,10292,2,0,20 21 5 12,1,70,,10285,2,0,20 21 5 12,1,30,,10258,2,0,20 21 5 12,1,70,,10259,2,0,20 21 5 12,1,30,,10284,2,0,20 21 5 12,1
7001,'1',748,,10301,11,4,,1,100,,10303,11,4,,1,100,,10298,11,4,,1,100,,10309,11,4,,1,100,,10305,11,4,,1,100,,10297,11,4,,1,100,,10300,11,4,,1,100,,10307,11,4,,1,100,,10306,11,4,,1,100,,10296,11,4,,1,100,,10294,11,4,,1,100,,10295,11,4,,1,100,,10299,11,4,,1,100,,10302,11,4,,1,100,,10304,11,4,,1,100,,10308,11,4,,1
7001,'11',748,,10317,11,4,,1,100,,10319,11,4,,1,100,,10314,11,4,,1,100,,10325,11,4,,1,100,,10321,11,4,,1,100,,10313,11,4,,1,100,,10316,11,4,,1,100,,10323,11,4,,1,100,,10322,11,4,,1,100,,10312,11,4,,1,100,,10310,11,4,,1,100,,10311,11,4,,1,100,,10315,11,4,,1,100,,10318,11,4,,1,100,,10320,11,4,,1,100,,10324,11,4,,1
7001,'12',748,,10329,8,4,,1,70,,10342,8,4,,1,30,,10352,8,4,,1,70,,10349,8,4,,1,30,,10344,8,4,,1,70,,10334,8,4,,1,30,,10354,8,4,,1,70,,10330,8,4,,1,30,,10343,8,4,,1,70,,10347,8,4,,1,30,,10337,8,4,,1,70,,10345,8,4,,1,30,,10357,8,4,,1,70,,10340,8,4,,1,30,,10350,8,4,,1,70,,10327,8,4,,1,30,,10351,8,4,,1,70,,10341,8,4,,1,30,,10332,8,4,,1,70,,10331,8,4,,1,30,,10338,8,4,,1,70,,10326,8,4,,1,30,,10355,11,4,,1,70,,10328,11,4,,1,30,,10356,11,4,,1,70,,10353,11,4,,1,30,,10346,11,4,,1,70,,10335,11,4,,1,30,,10339,11,4,,1,70,,10348,11,4,,1,30,,10333,11,4,,1,70,,10336,11,4,,1
7001,'13',748,,10361,8,4,,1,70,,10383,8,4,,1,30,,10379,8,4,,1,70,,10377,8,4,,1,30,,10375,8,4,,1,70,,10380,8,4,,1,30,,10382,8,4,,1,70,,10362,8,4,,1,30,,10374,8,4,,1,70,,10365,8,4,,1,30,,10369,8,4,,1,70,,7293,8,4,,1,30,,10386,8,4,,1,70,,10371,8,4,,1,30,,7309,8,4,,1,70,,10359,8,4,,1,30,,10378,8,4,,1,70,,10373,8,4,,1,30,,10364,8,4,,1,70,,10363,8,4,,1,30,,10370,8,4,,1,70,,10358,8,4,,1,30,,10384,11,4,,1,70,,10360,11,4,,1,30,,10385,11,4,,1,70,,10381,11,4,,1,30,,10376,11,4,,1,70,,10367,11,4,,1,30,,10372,11,4,,1,70,,7653,11,4,,1,30,,10366,11,4,,1,70,,10368,11,4,,1
7001,'16',748,,10394,11,4,,1,100,,10396,11,4,,1,100,,10391,11,4,,1,100,,10402,11,4,,1,100,,10398,11,4,,1,100,,10390,11,4,,1,100,,10393,11,4,,1,100,,10400,11,4,,1,100,,10399,11,4,,1,100,,10389,11,4,,1,100,,10387,11,4,,1,100,,10388,11,4,,1,100,,10392,11,4,,1,100,,10395,11,4,,1,100,,10397,11,4,,1,100,,10401,11,4,,1
7001,'3',748,,10406,8,4,,1,70,,10419,8,4,,1,30,,10426,8,4,,1,70,,10424,8,4,,1,30,,10421,8,4,,1,70,,10411,8,4,,1,30,,10428,8,4,,1,70,,10407,8,4,,1,30,,10420,8,4,,1,70,,10423,8,4,,1,30,,10414,8,4,,1,70,,7390,8,4,,1,30,,10431,8,4,,1,70,,10417,8,4,,1,30,,7406,8,4,,1,70,,10404,8,4,,1,30,,10425,8,4,,1,70,,10418,8,4,,1,30,,10409,8,4,,1,70,,10408,8,4,,1,30,,10415,8,4,,1,70,,10403,8,4,,1,30,,10429,11,4,,1,70,,10405,11,4,,1,30,,10430,11,4,,1,70,,10427,11,4,,1,30,,10422,11,4,,1,70,,10412,11,4,,1,30,,10416,11,4,,1,70,,7684,11,4,,1,30,,10410,11,4,,1,70,,10413,11,4,,1
7001,'6',748,,10435,8,4,,1,70,,10460,8,4,,1,30,,10456,8,4,,1,70,,10453,8,4,,1,30,,10449,8,4,,1,70,,10457,8,4,,1,30,,10459,8,4,,1,70,,10436,8,4,,1,30,,10448,8,4,,1,70,,10439,8,4,,1,30,,10443,8,4,,1,70,,10450,8,4,,1,30,,10463,8,4,,1,70,,10445,8,4,,1,30,,10454,8,4,,1,70,,10433,8,4,,1,30,,10455,8,4,,1,70,,10447,8,4,,1,30,,10438,8,4,,1,70,,10437,8,4,,1,30,,10444,8,4,,1,70,,10432,8,4,,1,30,,10461,11,4,,1,70,,10434,11,4,,1,30,,10462,11,4,,1,70,,10458,11,4,,1,30,,10451,11,4,,1,70,,10441,11,4,,1,30,,10446,11,4,,1,70,,10452,11,4,,1,30,,10440,11,4,,1,70,,10442,11,4,,1
7501,'1',703,,10474,1,0,20 21 23 24,1,100,,10465,1,0,20 21 23 24,1,100,,10467,1,0,20 21 23 24,1,100,,10478,1,0,20 21 23 24,1,100,,7765,1,0,20 21 23 24,1,100,,10477,1,0,20 21 23 24,1,100,,10468,1,0,20 21 23 24,1,100,,10472,1,0,20 21 23 24,1,100,,10473,1,0,20 21 23 24,1,100,,10466,1,0,20 21 23 24,1,100,,10470,1,0,20 21 23 24,1,100,,10471,1,0,20 21 23 24,1,100,,10464,1,0,20 21 23 24,1,100,,10469,1,0,20 21 23 24,1,100,,10476,1,0,20 21 23 24,1,100,,10475,1,0,20 21 23 24,1
7501,'11',703,,10489,1,0,20 21 23 24,1,100,,10480,1,0,20 21 23 24,1,100,,10482,1,0,20 21 23 24,1,100,,10494,1,0,20 21 23 24,1,100,,10493,1,0,20 21 23 24,1,100,,10492,1,0,20 21 23 24,1,100,,10483,1,0,20 21 23 24,1,100,,10487,1,0,20 21 23 24,1,100,,10488,1,0,20 21 23 24,1,100,,10481,1,0,20 21 23 24,1,100,,10485,1,0,20 21 23 24,1,100,,10486,1,0,20 21 23 24,1,100,,10479,1,0,20 21 23 24,1,100,,10484,1,0,20 21 23 24,1,100,,10491,1,0,20 21 23 24,1,100,,10490,1,0,20 21 23 24,1
7501,'12',703,,10500,1,0,11 2 23 24,1,30,,10522,1,0,11 2 23 24,1,70,,10505,1,0,11 2 23 24,1,30,,10502,1,0,11 2 23 24,1,70,,10518,1,0,11 2 23 24,1,30,,10497,1,0,11 2 23 24,1,70,,10498,1,0,11 2 23 24,1,30,,10513,1,0,11 2 23 24,1,70,,10499,1,0,11 2 23 24,1,30,,10521,1,0,11 2 23 24,1,70,,10503,1,0,11 2 23 24,1,30,,10517,1,0,11 2 23 24,1,70,,10506,1,0,11 2 23 24,1,30,,10509,1,0,11 2 23 24,1,70,,10512,1,0,11 2 23 24,1,30,,10524,1,0,11 2 23 24,1,70,,10507,1,0,11 2 23 24,1,30,,10514,1,0,11 2 23 24,1,70,,10508,1,0,11 2 23 24,1,30,,10504,1,0,11 2 23 24,1,70,,10495,1,0,11 2 23 24,1,30,,10501,1,0,11 2 23 24,1,70,,10515,1,0,20 21 23 24,1,30,,10523,1,0,20 21 23 24,1,70,,10526,1,0,20 21 23 24,1,30,,10525,1,0,20 21 23 24,1,70,,10511,1,0,20 21 23 24,1,30,,10516,1,0,20 21 23 24,1,70,,10510,1,0,20 21 23 24,1,30,,10519,1,0,20 21 23 24,1,70,,10520,1,0,20 21 23 24,1,30,,10496,1,0,20 21 23 24,1
7501,'13',703,,10532,1,0,11 2 23 24,1,30,,10553,1,0,11 2 23 24,1,70,,10537,1,0,11 2 23 24,1,30,,10548,1,0,11 2 23 24,1,70,,10549,1,0,11 2 23 24,1,30,,8039,1,0,11 2 23 24,1,70,,10530,1,0,11 2 23 24,1,30,,10555,1,0,11 2 23 24,1,70,,10531,1,0,11 2 23 24,1,30,,10552,1,0,11 2 23 24,1,70,,10535,1,0,11 2 23 24,1,30,,10527,1,0,11 2 23 24,1,70,,10538,1,0,11 2 23 24,1,30,,10541,1,0,11 2 23 24,1,70,,10544,1,0,11 2 23 24,1,30,,10533,1,0,11 2 23 24,1,70,,10539,1,0,11 2 23 24,1,30,,10545,1,0,11 2 23 24,1,70,,10540,1,0,11 2 23 24,1,30,,10536,1,0,11 2 23 24,1,70,,10528,1,0,11 2 23 24,1,30,,10534,1,0,11 2 23 24,1,70,,10546,1,0,20 21 23 24,1,30,,10554,1,0,20 21 23 24,1,70,,10557,1,0,20 21 23 24,1,30,,10556,1,0,20 21 23 24,1,70,,10543,1,0,20 21 23 24,1,30,,10547,1,0,20 21 23 24,1,70,,10542,1,0,20 21 23 24,1,30,,10550,1,0,20 21 23 24,1,70,,10551,1,0,20 21 23 24,1,30,,10529,1,0,20 21 23 24,1
7501,'16',703,,10568,1,0,20 21 23 24,1,100,,10559,1,0,20 21 23 24,1,100,,10561,1,0,20 21 23 24,1,100,,10572,1,0,20 21 23 24,1,100,,7831,1,0,20 21 23 24,1,100,,10571,1,0,20 21 23 24,1,100,,10562,1,0,20 21 23 24,1,100,,10566,1,0,20 21 23 24,1,100,,10567,1,0,20 21 23 24,1,100,,10560,1,0,20 21 23 24,1,100,,10564,1,0,20 21 23 24,1,100,,10565,1,0,20 21 23 24,1,100,,10558,1,0,20 21 23 24,1,100,,10563,1,0,20 21 23 24,1,100,,10570,1,0,20 21 23 24,1,100,,10569,1,0,20 21 23 24,1
7501,'3',703,,10578,1,0,11 2 23 24,1,30,,10600,1,0,11 2 23 24,1,70,,10583,1,0,11 2 23 24,1,30,,10580,1,0,11 2 23 24,1,70,,10596,1,0,11 2 23 24,1,30,,10575,1,0,11 2 23 24,1,70,,10576,1,0,11 2 23 24,1,30,,10591,1,0,11 2 23 24,1,70,,10577,1,0,11 2 23 24,1,30,,10599,1,0,11 2 23 24,1,70,,10581,1,0,11 2 23 24,1,30,,10595,1,0,11 2 23 24,1,70,,10584,1,0,11 2 23 24,1,30,,10587,1,0,11 2 23 24,1,70,,10590,1,0,11 2 23 24,1,30,,10602,1,0,11 2 23 24,1,70,,10585,1,0,11 2 23 24,1,30,,10592,1,0,11 2 23 24,1,70,,10586,1,0,11 2 23 24,1,30,,10582,1,0,11 2 23 24,1,70,,10573,1,0,11 2 23 24,1,30,,10579,1,0,11 2 23 24,1,70,,10593,1,0,20 21 23 24,1,30,,10601,1,0,20 21 23 24,1,70,,10604,1,0,20 21 23 24,1,30,,10603,1,0,20 21 23 24,1,70,,10589,1,0,20 21 23 24,1,30,,10594,1,0,20 21 23 24,1,70,,10588,1,0,20 21 23 24,1,30,,10597,1,0,20 21 23 24,1,70,,10598,1,0,20 21 23 24,1,30,,10574,1,0,20 21 23 24,1
7501,'6',703,,10611,1,0,11 2 23 24,1,30,,10632,1,0,11 2 23 24,1,70,,10616,1,0,11 2 23 24,1,30,,10627,1,0,11 2 23 24,1,70,,10628,1,0,11 2 23 24,1,30,,10608,1,0,11 2 23 24,1,70,,10609,1,0,11 2 23 24,1,30,,10634,1,0,11 2 23 24,1,70,,10610,1,0,11 2 23 24,1,30,,10631,1,0,11 2 23 24,1,70,,10614,1,0,11 2 23 24,1,30,,10605,1,0,11 2 23 24,1,70,,10617,1,0,11 2 23 24,1,30,,10620,1,0,11 2 23 24,1,70,,10623,1,0,11 2 23 24,1,30,,10612,1,0,11 2 23 24,1,70,,10618,1,0,11 2 23 24,1,30,,10624,1,0,11 2 23 24,1,70,,10619,1,0,11 2 23 24,1,30,,10615,1,0,11 2 23 24,1,70,,10606,1,0,11 2 23 24,1,30,,10613,1,0,11 2 23 24,1,70,,10625,1,0,20 21 23 24,1,30,,10633,1,0,20 21 23 24,1,70,,10636,1,0,20 21 23 24,1,30,,10635,1,0,20 21 23 24,1,70,,10622,1,0,20 21 23 24,1,30,,10626,1,0,20 21 23 24,1,70,,10621,1,0,20 21 23 24,1,30,,10629,1,0,20 21 23 24,1,70,,10630,1,0,20 21 23 24,1,30,,10607,1,0,20 21 23 24,1
