2501,'1',650,,12446,19,4,,1,100,,12449,19,4,,1,100,,12461,19,4,,1,100,,12460,19,4,,1,100,,12453,19,4,,1,100,,12450,19,4,,1,100,,12459,19,4,,1,100,,12451,19,4,,1,100,,12454,19,4,,1,100,,12455,19,4,,1,100,,12448,19,4,,1,100,,12456,19,4,,1,100,,12458,19,4,,1,100,,12457,19,4,,1,100,,12452,19,4,,1,100,,12447,19,4,,1
2501,'10',1050,,12465,19,4,,1,100,,12469,19,4,,1,100,,12466,19,4,,1,100,,12462,19,4,,1,100,,12468,19,4,,1,100,,12467,19,4,,1,100,,12463,19,4,,1,100,,12464,19,4,,1
2501,'11',1050,,12477,19,4,,1,100,,12471,19,4,,1,100,,12475,19,4,,1,100,,12470,19,4,,1,100,,12476,19,4,,1,100,,12474,19,4,,1,100,,12473,19,4,,1,100,,12472,19,4,,1
2501,'2',650,,12487,19,4,,1,100,,12491,19,4,,1,100,,12492,19,4,,1,100,,12486,19,4,,1,100,,12490,19,4,,1,100,,12479,19,4,,1,100,,12481,19,4,,1,100,,12480,19,4,,1,100,,12493,19,4,,1,100,,12484,19,4,,1,100,,12483,19,4,,1,100,,12489,19,4,,1,100,,12488,19,4,,1,100,,12485,19,4,,1,100,,12482,19,4,,1,100,,12478,19,4,,1
2501,'3',650,,12502,19,4,,1,100,,12504,19,4,,1,100,,12495,19,4,,1,100,,12494,19,4,,1,100,,12500,19,4,,1,100,,12506,19,4,,1,100,,12503,19,4,,1,100,,12507,19,4,,1,100,,12499,19,4,,1,100,,12498,19,4,,1,100,,12496,19,4,,1,100,,12497,19,4,,1,100,,12501,19,4,,1,100,,12505,19,4,,1,100,,12508,19,4,,1,100,,12509,19,4,,1
2501,'4',650,,12519,19,4,,1,100,,12522,19,4,,1,100,,12523,19,4,,1,100,,12516,19,4,,1,100,,12512,19,4,,1,100,,12520,19,4,,1,100,,12518,19,4,,1,100,,12525,19,4,,1,100,,12515,19,4,,1,100,,12517,19,4,,1,100,,12524,19,4,,1,100,,12513,19,4,,1,100,,12511,19,4,,1,100,,12521,19,4,,1,100,,12510,19,4,,1,100,,12514,19,4,,1
2501,'5',650,,12533,19,4,,1,100,,12529,19,4,,1,100,,12534,19,4,,1,100,,12539,19,4,,1,100,,12528,19,4,,1,100,,12541,19,4,,1,100,,12537,19,4,,1,100,,12532,19,4,,1,100,,12530,19,4,,1,100,,12527,19,4,,1,100,,12526,19,4,,1,100,,12535,19,4,,1,100,,12538,19,4,,1,100,,12536,19,4,,1,100,,12540,19,4,,1,100,,12531,19,4,,1
2501,'6',1050,,12542,19,4,,1,100,,12549,19,4,,1,100,,12546,19,4,,1,100,,12544,19,4,,1,100,,12543,19,4,,1,100,,12545,19,4,,1,100,,12548,19,4,,1,100,,12547,19,4,,1
2501,'7',650,,12560,19,4,,1,100,,12558,19,4,,1,100,,12563,19,4,,1,100,,12551,19,4,,1,100,,12552,19,4,,1,100,,12557,19,4,,1,100,,12561,19,4,,1,100,,12562,19,4,,1,100,,12553,19,4,,1,100,,12564,19,4,,1,100,,12556,19,4,,1,100,,12554,19,4,,1,100,,12550,19,4,,1,100,,12565,19,4,,1,100,,12559,19,4,,1,100,,12555,19,4,,1
2501,'8',650,,12570,19,4,,1,100,,12566,19,4,,1,100,,12571,19,4,,1,100,,12581,19,4,,1,100,,12575,19,4,,1,100,,12573,19,4,,1,100,,12579,19,4,,1,100,,12578,19,4,,1,100,,12577,19,4,,1,100,,12568,19,4,,1,100,,12574,19,4,,1,100,,12567,19,4,,1,100,,12576,19,4,,1,100,,12580,19,4,,1,100,,12572,19,4,,1,100,,12569,19,4,,1
2501,'9',650,,12596,19,4,,1,100,,12597,19,4,,1,100,,12595,19,4,,1,100,,12590,19,4,,1,100,,12586,19,4,,1,100,,12584,19,4,,1,100,,12582,19,4,,1,100,,12589,19,4,,1,100,,12591,19,4,,1,100,,12585,19,4,,1,100,,12593,19,4,,1,100,,12587,19,4,,1,100,,12588,19,4,,1,100,,12592,19,4,,1,100,,12594,19,4,,1,100,,12583,19,4,,1
