6501,'1',736,,14827,7,0,20 21 5 12,1,100,,14824,7,0,20 21 5 12,1,100,,14831,7,0,20 21 5 12,1,100,,14830,7,0,20 21 5 12,1,100,,14832,7,0,20 21 5 12,1,100,,14835,7,0,20 21 5 12,1,100,,14828,7,0,20 21 5 12,1,100,,14836,7,0,20 21 5 12,1,100,,14822,7,0,20 21 5 12,1,100,,14833,7,0,20 21 5 12,1,100,,14826,7,0,20 21 5 12,1,100,,14825,7,0,20 21 5 12,1,100,,14821,7,0,20 21 5 12,1,100,,14823,7,0,20 21 5 12,1,100,,14829,7,0,20 21 5 12,1,100,,14834,7,0,20 21 5 12,1
6501,'10',1036,,14842,7,0,20 21 5 12,1,100,,14843,7,0,20 21 5 12,1,100,,14841,7,0,20 21 5 12,1,100,,14837,7,0,20 21 5 12,1,100,,14844,7,0,20 21 5 12,1,100,,14840,7,0,20 21 5 12,1,100,,14839,7,0,20 21 5 12,1,100,,14838,7,0,20 21 5 12,1
6501,'11',1036,,14848,7,0,20 21 5 12,1,100,,14846,7,0,20 21 5 12,1,100,,14847,7,0,20 21 5 12,1,100,,14849,7,0,20 21 5 12,1,100,,14845,7,0,20 21 5 12,1,100,,14852,7,0,20 21 5 12,1,100,,14850,7,0,20 21 5 12,1,100,,14851,7,0,20 21 5 12,1
6501,'2',1736,,14853,7,0,20 21 5 12,1,70,,14903,7,0,20 21 5 12,1,30,,14896,7,0,20 21 5 12,1,70,,14861,7,0,20 21 5 12,1,30,,14885,7,0,20 21 5 12,1,70,,14883,7,0,20 21 5 12,1,30,,14871,7,0,20 21 5 12,1,70,,14859,7,0,20 21 5 12,1,30,,14862,7,0,20 21 5 12,1,70,,14890,7,0,20 21 5 12,1,30,,14901,7,0,20 21 5 12,1,70,,14900,7,0,20 21 5 12,1
6501,'3',1736,,14949,7,0,20 21 5 12,1,70,,14942,7,0,20 21 5 12,1,30,,14934,7,0,20 21 5 12,1,70,,14917,7,0,20 21 5 12,1,30,,14938,7,0,20 21 5 12,1,70,,14920,7,0,20 21 5 12,1,30,,14911,7,0,20 21 5 12,1,70,,14913,7,0,20 21 5 12,1,30,,14928,7,0,20 21 5 12,1,70,,14918,7,0,20 21 5 12,1,30,,14914,7,0,20 21 5 12,1,70,,14912,7,0,20 21 5 12,1
6501,'4',1736,,14999,7,0,20 21 5 12,1,70,,15010,7,0,20 21 5 12,1,30,,14979,7,0,20 21 5 12,1,70,,15004,7,0,20 21 5 12,1,30,,14992,7,0,20 21 5 12,1,70,,14997,7,0,20 21 5 12,1,30,,14972,7,0,20 21 5 12,1,70,,14998,7,0,20 21 5 12,1,30,,14969,7,0,20 21 5 12,1,70,,14967,7,0,20 21 5 12,1,30,,14982,7,0,20 21 5 12,1,70,,14991,7,0,20 21 5 12,1
6501,'5',736,,15031,7,0,20 21 5 12,1,100,,15020,7,0,20 21 5 12,1,100,,15027,7,0,20 21 5 12,1,100,,15033,7,0,20 21 5 12,1,100,,15032,7,0,20 21 5 12,1,100,,15024,7,0,20 21 5 12,1,100,,15021,7,0,20 21 5 12,1,100,,15022,7,0,20 21 5 12,1,100,,15026,7,0,20 21 5 12,1,100,,15023,7,0,20 21 5 12,1,100,,15028,7,0,20 21 5 12,1,100,,15018,7,0,20 21 5 12,1,100,,15030,7,0,20 21 5 12,1,100,,15025,7,0,20 21 5 12,1,100,,15029,7,0,20 21 5 12,1,100,,15019,7,0,20 21 5 12,1
6501,'6',1036,,15034,7,0,20 21 5 12,1,100,,15037,7,0,20 21 5 12,1,100,,15039,7,0,20 21 5 12,1,100,,15041,7,0,20 21 5 12,1,100,,15038,7,0,20 21 5 12,1,100,,15040,7,0,20 21 5 12,1,100,,15035,7,0,20 21 5 12,1,100,,15036,7,0,20 21 5 12,1
6501,'7',1736,,15055,7,0,20 21 5 12,1,70,,15088,7,0,20 21 5 12,1,30,,15080,7,0,20 21 5 12,1,70,,15068,7,0,20 21 5 12,1,30,,15053,7,0,20 21 5 12,1,70,,15060,7,0,20 21 5 12,1,30,,15084,7,0,20 21 5 12,1,70,,15093,7,0,20 21 5 12,1,30,,15050,7,0,20 21 5 12,1,70,,15073,7,0,20 21 5 12,1,30,,15051,7,0,20 21 5 12,1,70,,15070,7,0,20 21 5 12,1
6501,'8',1736,,15101,7,0,20 21 5 12,1,70,,15098,7,0,20 21 5 12,1,30,,15118,7,0,20 21 5 12,1,70,,15129,7,0,20 21 5 12,1,30,,15097,7,0,20 21 5 12,1,70,,15127,7,0,20 21 5 12,1,30,,15141,7,0,20 21 5 12,1,70,,15132,7,0,20 21 5 12,1,30,,15150,7,0,20 21 5 12,1,70,,15104,7,0,20 21 5 12,1,30,,15148,7,0,20 21 5 12,1,70,,15137,7,0,20 21 5 12,1
6501,'9',1736,,15172,7,0,20 21 5 12,1,70,,15158,7,0,20 21 5 12,1,30,,15190,7,0,20 21 5 12,1,70,,15184,7,0,20 21 5 12,1,30,,15154,7,0,20 21 5 12,1,70,,15196,7,0,20 21 5 12,1,30,,15202,7,0,20 21 5 12,1,70,,15179,7,0,20 21 5 12,1,30,,15199,7,0,20 21 5 12,1,70,,15195,7,0,20 21 5 12,1,30,,15191,7,0,20 21 5 12,1,70,,15159,7,0,20 21 5 12,1
