7501,'1',716,,15467,4,0,20 21 23 24,1,100,,15465,4,0,20 21 23 24,1,100,,15463,4,0,20 21 23 24,1,100,,15468,4,0,20 21 23 24,1,100,,15455,4,0,20 21 23 24,1,100,,15457,4,0,20 21 23 24,1,100,,15456,4,0,20 21 23 24,1,100,,15459,4,0,20 21 23 24,1,100,,15461,4,0,20 21 23 24,1,100,,15453,4,0,20 21 23 24,1,100,,15462,4,0,20 21 23 24,1,100,,15458,4,0,20 21 23 24,1,100,,15454,4,0,20 21 23 24,1,100,,15464,4,0,20 21 23 24,1,100,,15466,4,0,20 21 23 24,1,100,,15460,4,0,20 21 23 24,1
7501,'10',1016,,15474,4,0,20 21 23 24,1,100,,15472,4,0,20 21 23 24,1,100,,15469,4,0,20 21 23 24,1,100,,15470,4,0,20 21 23 24,1,100,,15471,4,0,20 21 23 24,1,100,,15473,4,0,20 21 23 24,1,100,,15476,4,0,20 21 23 24,1,100,,15475,4,0,20 21 23 24,1
7501,'11',1016,,15480,4,0,20 21 23 24,1,100,,15479,4,0,20 21 23 24,1,100,,15484,4,0,20 21 23 24,1,100,,15477,4,0,20 21 23 24,1,100,,15481,4,0,20 21 23 24,1,100,,15483,4,0,20 21 23 24,1,100,,15482,4,0,20 21 23 24,1,100,,15478,4,0,20 21 23 24,1
7501,'2',716,,15516,3,0,11 2 23 24,1,30,,15498,3,0,11 2 23 24,1,70,,15501,3,0,11 2 23 24,1,30,,15502,3,0,11 2 23 24,1,70,,15505,3,0,11 2 23 24,1,30,,15509,3,0,11 2 23 24,1,70,,15506,3,0,11 2 23 24,1,30,,15503,3,0,11 2 23 24,1,70,,15495,3,0,11 2 23 24,1,30,,15507,3,0,11 2 23 24,1,70,,15488,3,0,11 2 23 24,1,30,,15487,3,0,11 2 23 24,1,70,,15497,3,0,11 2 23 24,1,30,,15490,3,0,11 2 23 24,1,70,,15514,3,0,11 2 23 24,1,30,,15485,3,0,11 2 23 24,1,70,,15508,3,0,11 2 23 24,1,30,,15515,3,0,11 2 23 24,1,70,,15496,3,0,11 2 23 24,1,30,,15486,3,0,11 2 23 24,1,70,,15512,4,0,20 21 23 24,1,30,,15510,4,0,20 21 23 24,1,70,,15504,4,0,20 21 23 24,1,30,,15511,4,0,20 21 23 24,1,70,,15491,4,0,20 21 23 24,1,30,,15493,4,0,20 21 23 24,1,70,,15513,4,0,20 21 23 24,1,30,,15499,4,0,20 21 23 24,1,70,,15492,4,0,20 21 23 24,1,30,,15489,4,0,20 21 23 24,1,70,,15500,4,0,20 21 23 24,1,30,,15494,4,0,20 21 23 24,1
7501,'3',716,,15532,3,0,11 2 23 24,1,30,,15520,3,0,11 2 23 24,1,70,,15540,3,0,11 2 23 24,1,30,,15521,3,0,11 2 23 24,1,70,,15522,3,0,11 2 23 24,1,30,,15529,3,0,11 2 23 24,1,70,,15519,3,0,11 2 23 24,1,30,,15518,3,0,11 2 23 24,1,70,,15533,3,0,11 2 23 24,1,30,,15523,3,0,11 2 23 24,1,70,,15538,3,0,11 2 23 24,1,30,,15541,3,0,11 2 23 24,1,70,,15545,3,0,11 2 23 24,1,30,,15517,3,0,11 2 23 24,1,70,,15536,3,0,11 2 23 24,1,30,,15526,3,0,11 2 23 24,1,70,,15535,3,0,11 2 23 24,1,30,,15547,3,0,11 2 23 24,1,70,,15528,3,0,11 2 23 24,1,30,,15539,3,0,11 2 23 24,1,70,,15527,4,0,20 21 23 24,1,30,,15524,4,0,20 21 23 24,1,70,,15546,4,0,20 21 23 24,1,30,,15543,4,0,20 21 23 24,1,70,,15548,4,0,20 21 23 24,1,30,,15537,4,0,20 21 23 24,1,70,,15534,4,0,20 21 23 24,1,30,,15531,4,0,20 21 23 24,1,70,,15542,4,0,20 21 23 24,1,30,,15544,4,0,20 21 23 24,1,70,,15530,4,0,20 21 23 24,1,30,,15525,4,0,20 21 23 24,1
7501,'4',716,,15550,3,0,11 2 23 24,1,30,,15572,3,0,11 2 23 24,1,70,,15563,3,0,11 2 23 24,1,30,,15567,3,0,11 2 23 24,1,70,,15564,3,0,11 2 23 24,1,30,,15571,3,0,11 2 23 24,1,70,,15551,3,0,11 2 23 24,1,30,,15577,3,0,11 2 23 24,1,70,,15574,3,0,11 2 23 24,1,30,,15579,3,0,11 2 23 24,1,70,,15578,3,0,11 2 23 24,1,30,,15566,3,0,11 2 23 24,1,70,,15555,3,0,11 2 23 24,1,30,,15552,3,0,11 2 23 24,1,70,,15559,3,0,11 2 23 24,1,30,,15562,3,0,11 2 23 24,1,70,,15560,3,0,11 2 23 24,1,30,,15576,3,0,11 2 23 24,1,70,,15565,3,0,11 2 23 24,1,30,,15569,3,0,11 2 23 24,1,70,,15557,4,0,20 21 23 24,1,30,,15558,4,0,20 21 23 24,1,70,,15573,4,0,20 21 23 24,1,30,,11937,4,0,20 21 23 24,1,70,,15568,4,0,20 21 23 24,1,30,,15570,4,0,20 21 23 24,1,70,,15549,4,0,20 21 23 24,1,30,,15561,4,0,20 21 23 24,1,70,,15554,4,0,20 21 23 24,1,30,,15553,4,0,20 21 23 24,1,70,,15556,4,0,20 21 23 24,1,30,,15575,4,0,20 21 23 24,1
7501,'5',716,,15580,4,0,20 21 23 24,1,100,,15594,4,0,20 21 23 24,1,100,,15590,4,0,20 21 23 24,1,100,,15592,4,0,20 21 23 24,1,100,,15586,4,0,20 21 23 24,1,100,,15588,4,0,20 21 23 24,1,100,,15585,4,0,20 21 23 24,1,100,,15591,4,0,20 21 23 24,1,100,,15581,4,0,20 21 23 24,1,100,,15583,4,0,20 21 23 24,1,100,,15584,4,0,20 21 23 24,1,100,,15587,4,0,20 21 23 24,1,100,,15589,4,0,20 21 23 24,1,100,,15593,4,0,20 21 23 24,1,100,,15595,4,0,20 21 23 24,1,100,,15582,4,0,20 21 23 24,1
7501,'6',1016,,15601,4,0,20 21 23 24,1,100,,15597,4,0,20 21 23 24,1,100,,15596,4,0,20 21 23 24,1,100,,15599,4,0,20 21 23 24,1,100,,15602,4,0,20 21 23 24,1,100,,15598,4,0,20 21 23 24,1,100,,15603,4,0,20 21 23 24,1,100,,15600,4,0,20 21 23 24,1
7501,'7',716,,15620,3,0,11 2 23 24,1,30,,15619,3,0,11 2 23 24,1,70,,15622,3,0,11 2 23 24,1,30,,15635,3,0,11 2 23 24,1,70,,15627,3,0,11 2 23 24,1,30,,15612,3,0,11 2 23 24,1,70,,15626,3,0,11 2 23 24,1,30,,15610,3,0,11 2 23 24,1,70,,15632,3,0,11 2 23 24,1,30,,15605,3,0,11 2 23 24,1,70,,15613,3,0,11 2 23 24,1,30,,15604,3,0,11 2 23 24,1,70,,15617,3,0,11 2 23 24,1,30,,15623,3,0,11 2 23 24,1,70,,15609,3,0,11 2 23 24,1,30,,15631,3,0,11 2 23 24,1,70,,15628,3,0,11 2 23 24,1,30,,15629,3,0,11 2 23 24,1,70,,15630,3,0,11 2 23 24,1,30,,15621,3,0,11 2 23 24,1,70,,15625,4,0,20 21 23 24,1,30,,15633,4,0,20 21 23 24,1,70,,15606,4,0,20 21 23 24,1,30,,15634,4,0,20 21 23 24,1,70,,15615,4,0,20 21 23 24,1,30,,15624,4,0,20 21 23 24,1,70,,15616,4,0,20 21 23 24,1,30,,15614,4,0,20 21 23 24,1,70,,15618,4,0,20 21 23 24,1,30,,15607,4,0,20 21 23 24,1,70,,15611,4,0,20 21 23 24,1,30,,15608,4,0,20 21 23 24,1
7501,'8',716,,15662,3,0,11 2 23 24,1,30,,15650,3,0,11 2 23 24,1,70,,15664,3,0,11 2 23 24,1,30,,15663,3,0,11 2 23 24,1,70,,15644,3,0,11 2 23 24,1,30,,15658,3,0,11 2 23 24,1,70,,15653,3,0,11 2 23 24,1,30,,15667,3,0,11 2 23 24,1,70,,15657,3,0,11 2 23 24,1,30,,15659,3,0,11 2 23 24,1,70,,15636,3,0,11 2 23 24,1,30,,15641,3,0,11 2 23 24,1,70,,15665,3,0,11 2 23 24,1,30,,15649,3,0,11 2 23 24,1,70,,15654,3,0,11 2 23 24,1,30,,15648,3,0,11 2 23 24,1,70,,15652,3,0,11 2 23 24,1,30,,15647,3,0,11 2 23 24,1,70,,15642,3,0,11 2 23 24,1,30,,15639,3,0,11 2 23 24,1,70,,15637,4,0,20 21 23 24,1,30,,15640,4,0,20 21 23 24,1,70,,15661,4,0,20 21 23 24,1,30,,15643,4,0,20 21 23 24,1,70,,15646,4,0,20 21 23 24,1,30,,15666,4,0,20 21 23 24,1,70,,15651,4,0,20 21 23 24,1,30,,15655,4,0,20 21 23 24,1,70,,15645,4,0,20 21 23 24,1,30,,15656,4,0,20 21 23 24,1,70,,15660,4,0,20 21 23 24,1,30,,15638,4,0,20 21 23 24,1
7501,'9',716,,15688,3,0,11 2 23 24,1,30,,15685,3,0,11 2 23 24,1,70,,15672,3,0,11 2 23 24,1,30,,15687,3,0,11 2 23 24,1,70,,15696,3,0,11 2 23 24,1,30,,15684,3,0,11 2 23 24,1,70,,15675,3,0,11 2 23 24,1,30,,15694,3,0,11 2 23 24,1,70,,15697,3,0,11 2 23 24,1,30,,15690,3,0,11 2 23 24,1,70,,15680,3,0,11 2 23 24,1,30,,15689,3,0,11 2 23 24,1,70,,15698,3,0,11 2 23 24,1,30,,15674,3,0,11 2 23 24,1,70,,15669,3,0,11 2 23 24,1,30,,15678,3,0,11 2 23 24,1,70,,15679,3,0,11 2 23 24,1,30,,15671,3,0,11 2 23 24,1,70,,15691,3,0,11 2 23 24,1,30,,15681,3,0,11 2 23 24,1,70,,15682,4,0,20 21 23 24,1,30,,15676,4,0,20 21 23 24,1,70,,15683,4,0,20 21 23 24,1,30,,15668,4,0,20 21 23 24,1,70,,15692,4,0,20 21 23 24,1,30,,15699,4,0,20 21 23 24,1,70,,15686,4,0,20 21 23 24,1,30,,15677,4,0,20 21 23 24,1,70,,15693,4,0,20 21 23 24,1,30,,15673,4,0,20 21 23 24,1,70,,15695,4,0,20 21 23 24,1,30,,15670,4,0,20 21 23 24,1
