5001,'1',733,,14153,9,0,20 21 23 24,1,100,,14157,9,0,20 21 23 24,1,100,,14156,9,0,20 21 23 24,1,100,,14148,9,0,20 21 23 24,1,100,,14152,9,0,20 21 23 24,1,100,,14150,9,0,20 21 23 24,1,100,,14158,9,0,20 21 23 24,1,100,,14146,9,0,20 21 23 24,1,100,,14159,9,0,20 21 23 24,1,100,,14160,9,0,20 21 23 24,1,100,,14149,9,0,20 21 23 24,1,100,,14151,9,0,20 21 23 24,1,100,,14147,9,0,20 21 23 24,1,100,,11661,9,0,20 21 23 24,1,100,,14154,9,0,20 21 23 24,1,100,,14155,9,0,20 21 23 24,1
5001,'10',1033,,14167,9,0,20 21 23 24,1,100,,14168,9,0,20 21 23 24,1,100,,14165,9,0,20 21 23 24,1,100,,14163,9,0,20 21 23 24,1,100,,14161,9,0,20 21 23 24,1,100,,14162,9,0,20 21 23 24,1,100,,14166,9,0,20 21 23 24,1,100,,14164,9,0,20 21 23 24,1
5001,'11',1033,,14170,9,0,20 21 23 24,1,100,,14175,9,0,20 21 23 24,1,100,,14173,9,0,20 21 23 24,1,100,,14176,9,0,20 21 23 24,1,100,,14169,9,0,20 21 23 24,1,100,,14172,9,0,20 21 23 24,1,100,,14174,9,0,20 21 23 24,1,100,,14171,9,0,20 21 23 24,1
5001,'2',734,,14191,9,0,11 2 23 24,1,100,,14181,9,0,11 2 23 24,1,100,,14177,9,0,11 2 23 24,1,100,,14188,9,0,11 2 23 24,1,100,,14178,9,0,11 2 23 24,1,100,,14184,9,0,11 2 23 24,1,100,,14192,9,0,11 2 23 24,1,100,,14186,9,0,11 2 23 24,1,100,,14189,9,0,11 2 23 24,1,100,,14187,9,0,11 2 23 24,1,99,,14190,9,0,20 21 23 24,1,100,,14179,9,0,20 21 23 24,1,100,,14185,9,0,20 21 23 24,1,100,,14183,9,0,20 21 23 24,1,100,,14182,9,0,20 21 23 24,1,100,,14180,9,0,20 21 23 24,1
5001,'3',734,,14204,9,0,11 2 23 24,1,100,,14196,9,0,11 2 23 24,1,100,,14208,9,0,11 2 23 24,1,100,,14205,9,0,11 2 23 24,1,100,,14200,9,0,11 2 23 24,1,100,,14201,9,0,11 2 23 24,1,100,,14206,9,0,11 2 23 24,1,100,,14197,9,0,11 2 23 24,1,100,,14194,9,0,11 2 23 24,1,100,,14202,9,0,11 2 23 24,1,99,,14198,9,0,20 21 23 24,1,100,,14193,9,0,20 21 23 24,1,100,,14203,9,0,20 21 23 24,1,100,,14199,9,0,20 21 23 24,1,100,,14195,9,0,20 21 23 24,1,100,,14207,9,0,20 21 23 24,1
5001,'4',734,,14212,9,0,11 2 23 24,1,100,,14223,9,0,11 2 23 24,1,100,,14219,9,0,11 2 23 24,1,100,,14217,9,0,11 2 23 24,1,100,,14222,9,0,11 2 23 24,1,100,,14221,9,0,11 2 23 24,1,100,,14209,9,0,11 2 23 24,1,100,,14224,9,0,11 2 23 24,1,100,,14210,9,0,11 2 23 24,1,100,,14211,9,0,11 2 23 24,1,99,,14213,9,0,20 21 23 24,1,100,,14218,9,0,20 21 23 24,1,100,,14220,9,0,20 21 23 24,1,100,,14214,9,0,20 21 23 24,1,100,,14216,9,0,20 21 23 24,1,100,,14215,9,0,20 21 23 24,1
5001,'5',733,,14237,9,0,20 21 23 24,1,100,,14233,9,0,20 21 23 24,1,100,,14229,9,0,20 21 23 24,1,100,,14225,9,0,20 21 23 24,1,100,,14230,9,0,20 21 23 24,1,100,,14239,9,0,20 21 23 24,1,100,,14231,9,0,20 21 23 24,1,100,,14235,9,0,20 21 23 24,1,100,,14232,9,0,20 21 23 24,1,100,,14240,9,0,20 21 23 24,1,100,,14228,9,0,20 21 23 24,1,100,,14227,9,0,20 21 23 24,1,100,,14226,9,0,20 21 23 24,1,100,,14238,9,0,20 21 23 24,1,100,,14234,9,0,20 21 23 24,1,100,,14236,9,0,20 21 23 24,1
5001,'6',1033,,14248,9,0,20 21 23 24,1,100,,14242,9,0,20 21 23 24,1,100,,14243,9,0,20 21 23 24,1,100,,14241,9,0,20 21 23 24,1,100,,14244,9,0,20 21 23 24,1,100,,14246,9,0,20 21 23 24,1,100,,14247,9,0,20 21 23 24,1,100,,14245,9,0,20 21 23 24,1
5001,'7',734,,14258,9,0,11 2 23 24,1,100,,14256,9,0,11 2 23 24,1,100,,14257,9,0,11 2 23 24,1,100,,14264,9,0,11 2 23 24,1,100,,14251,9,0,11 2 23 24,1,100,,14262,9,0,11 2 23 24,1,100,,14249,9,0,11 2 23 24,1,100,,14255,9,0,11 2 23 24,1,100,,14261,9,0,11 2 23 24,1,100,,14254,9,0,11 2 23 24,1,99,,14260,9,0,20 21 23 24,1,100,,14253,9,0,20 21 23 24,1,100,,14263,9,0,20 21 23 24,1,100,,14250,9,0,20 21 23 24,1,100,,14259,9,0,20 21 23 24,1,100,,14252,9,0,20 21 23 24,1
5001,'8',734,,14270,9,0,11 2 23 24,1,100,,14271,9,0,11 2 23 24,1,100,,14278,9,0,11 2 23 24,1,100,,14269,9,0,11 2 23 24,1,100,,14267,9,0,11 2 23 24,1,100,,14273,9,0,11 2 23 24,1,100,,14275,9,0,11 2 23 24,1,100,,14276,9,0,11 2 23 24,1,100,,14277,9,0,11 2 23 24,1,100,,14265,9,0,11 2 23 24,1,99,,14272,9,0,20 21 23 24,1,100,,14280,9,0,20 21 23 24,1,100,,14268,9,0,20 21 23 24,1,100,,14279,9,0,20 21 23 24,1,100,,14274,9,0,20 21 23 24,1,100,,14266,9,0,20 21 23 24,1
5001,'9',734,,14282,9,0,11 2 23 24,1,100,,14289,9,0,11 2 23 24,1,100,,14286,9,0,11 2 23 24,1,100,,14281,9,0,11 2 23 24,1,100,,14294,9,0,11 2 23 24,1,100,,14287,9,0,11 2 23 24,1,100,,14296,9,0,11 2 23 24,1,100,,14283,9,0,11 2 23 24,1,100,,14288,9,0,11 2 23 24,1,100,,14284,9,0,11 2 23 24,1,99,,14291,9,0,20 21 23 24,1,100,,14293,9,0,20 21 23 24,1,100,,14290,9,0,20 21 23 24,1,100,,14295,9,0,20 21 23 24,1,100,,14292,9,0,20 21 23 24,1,100,,14285,9,0,20 21 23 24,1
5501,'1',721,,14310,5,0,20 21 5 12,1,100,,14307,5,0,20 21 5 12,1,100,,14303,5,0,20 21 5 12,1,100,,14301,5,0,20 21 5 12,1,100,,14299,5,0,20 21 5 12,1,100,,14308,5,0,20 21 5 12,1,100,,14298,5,0,20 21 5 12,1,100,,14305,5,0,20 21 5 12,1,100,,14311,5,0,20 21 5 12,1,100,,14306,5,0,20 21 5 12,1,100,,14312,5,0,20 21 5 12,1,100,,14300,5,0,20 21 5 12,1,100,,14309,5,0,20 21 5 12,1,100,,14302,5,0,20 21 5 12,1,100,,14297,5,0,20 21 5 12,1,100,,14304,5,0,20 21 5 12,1
5501,'10',1021,,14317,5,0,20 21 5 12,1,100,,14316,5,0,20 21 5 12,1,100,,14313,5,0,20 21 5 12,1,100,,14319,5,0,20 21 5 12,1,100,,14320,5,0,20 21 5 12,1,100,,14315,5,0,20 21 5 12,1,100,,14318,5,0,20 21 5 12,1,100,,14314,5,0,20 21 5 12,1
5501,'11',1021,,14327,5,0,20 21 5 12,1,100,,14321,5,0,20 21 5 12,1,100,,14323,5,0,20 21 5 12,1,100,,14326,5,0,20 21 5 12,1,100,,14325,5,0,20 21 5 12,1,100,,14322,5,0,20 21 5 12,1,100,,14324,5,0,20 21 5 12,1,100,,14328,5,0,20 21 5 12,1
5501,'2',718,,14332,4,0,11 2 5 12,1,100,,14336,4,0,11 2 5 12,1,100,,14342,4,0,11 2 5 12,1,100,,14331,4,0,11 2 5 12,1,100,,14339,4,0,11 2 5 12,1,100,,14334,4,0,11 2 5 12,1,100,,14338,4,0,11 2 5 12,1,100,,14344,4,0,11 2 5 12,1,100,,14329,4,0,11 2 5 12,1,100,,14337,4,0,11 2 5 12,1,103,,14335,5,0,20 21 5 12,1,100,,14340,5,0,20 21 5 12,1,100,,14343,5,0,20 21 5 12,1,100,,14341,5,0,20 21 5 12,1,100,,14333,5,0,20 21 5 12,1,100,,14330,5,0,20 21 5 12,1
5501,'3',718,,14347,4,0,11 2 5 12,1,100,,14352,4,0,11 2 5 12,1,100,,14345,4,0,11 2 5 12,1,100,,14349,4,0,11 2 5 12,1,100,,14356,4,0,11 2 5 12,1,100,,14358,4,0,11 2 5 12,1,100,,14346,4,0,11 2 5 12,1,100,,14351,4,0,11 2 5 12,1,100,,14350,4,0,11 2 5 12,1,100,,14359,4,0,11 2 5 12,1,103,,14355,5,0,20 21 5 12,1,100,,14348,5,0,20 21 5 12,1,100,,14354,5,0,20 21 5 12,1,100,,14357,5,0,20 21 5 12,1,100,,14353,5,0,20 21 5 12,1,100,,14360,5,0,20 21 5 12,1
5501,'4',718,,14372,4,0,11 2 5 12,1,100,,14375,4,0,11 2 5 12,1,100,,14367,4,0,11 2 5 12,1,100,,14363,4,0,11 2 5 12,1,100,,14371,4,0,11 2 5 12,1,100,,14361,4,0,11 2 5 12,1,100,,14369,4,0,11 2 5 12,1,100,,14373,4,0,11 2 5 12,1,100,,14365,4,0,11 2 5 12,1,100,,14374,4,0,11 2 5 12,1,103,,14364,5,0,20 21 5 12,1,100,,14370,5,0,20 21 5 12,1,100,,14366,5,0,20 21 5 12,1,100,,14362,5,0,20 21 5 12,1,100,,14376,5,0,20 21 5 12,1,100,,14368,5,0,20 21 5 12,1
5501,'5',721,,14391,5,0,20 21 5 12,1,100,,14390,5,0,20 21 5 12,1,100,,14389,5,0,20 21 5 12,1,100,,14386,5,0,20 21 5 12,1,100,,14382,5,0,20 21 5 12,1,100,,14384,5,0,20 21 5 12,1,100,,14381,5,0,20 21 5 12,1,100,,14385,5,0,20 21 5 12,1,100,,14380,5,0,20 21 5 12,1,100,,14392,5,0,20 21 5 12,1,100,,14377,5,0,20 21 5 12,1,100,,14379,5,0,20 21 5 12,1,100,,14388,5,0,20 21 5 12,1,100,,14378,5,0,20 21 5 12,1,100,,14383,5,0,20 21 5 12,1,100,,14387,5,0,20 21 5 12,1
5501,'6',1021,,14395,5,0,20 21 5 12,1,100,,14398,5,0,20 21 5 12,1,100,,14397,5,0,20 21 5 12,1,100,,14394,5,0,20 21 5 12,1,100,,14400,5,0,20 21 5 12,1,100,,14399,5,0,20 21 5 12,1,100,,14396,5,0,20 21 5 12,1,100,,14393,5,0,20 21 5 12,1
5501,'7',718,,14407,4,0,11 2 5 12,1,100,,14416,4,0,11 2 5 12,1,100,,14401,4,0,11 2 5 12,1,100,,14410,4,0,11 2 5 12,1,100,,14414,4,0,11 2 5 12,1,100,,14403,4,0,11 2 5 12,1,100,,14412,4,0,11 2 5 12,1,100,,14408,4,0,11 2 5 12,1,100,,14405,4,0,11 2 5 12,1,100,,14415,4,0,11 2 5 12,1,103,,14411,5,0,20 21 5 12,1,100,,14413,5,0,20 21 5 12,1,100,,14409,5,0,20 21 5 12,1,100,,14402,5,0,20 21 5 12,1,100,,14406,5,0,20 21 5 12,1,100,,14404,5,0,20 21 5 12,1
5501,'8',718,,14431,4,0,11 2 5 12,1,100,,14425,4,0,11 2 5 12,1,100,,14417,4,0,11 2 5 12,1,100,,14427,4,0,11 2 5 12,1,100,,14423,4,0,11 2 5 12,1,100,,14419,4,0,11 2 5 12,1,100,,14418,4,0,11 2 5 12,1,100,,14428,4,0,11 2 5 12,1,100,,14422,4,0,11 2 5 12,1,100,,14429,4,0,11 2 5 12,1,103,,14430,5,0,20 21 5 12,1,100,,14426,5,0,20 21 5 12,1,100,,14420,5,0,20 21 5 12,1,100,,14421,5,0,20 21 5 12,1,100,,14424,5,0,20 21 5 12,1,100,,14432,5,0,20 21 5 12,1
5501,'9',718,,14435,4,0,11 2 5 12,1,100,,14439,4,0,11 2 5 12,1,100,,14437,4,0,11 2 5 12,1,100,,14442,4,0,11 2 5 12,1,100,,14446,4,0,11 2 5 12,1,100,,14447,4,0,11 2 5 12,1,100,,14443,4,0,11 2 5 12,1,100,,14440,4,0,11 2 5 12,1,100,,14444,4,0,11 2 5 12,1,100,,14445,4,0,11 2 5 12,1,103,,14434,5,0,20 21 5 12,1,100,,14448,5,0,20 21 5 12,1,100,,14433,5,0,20 21 5 12,1,100,,14441,5,0,20 21 5 12,1,100,,14438,5,0,20 21 5 12,1,100,,14436,5,0,20 21 5 12,1
7001,'1',717,,15213,5,0,22 2 6 2 7,1,100,,15221,5,0,22 2 6 2 7,1,100,,15222,5,0,22 2 6 2 7,1,100,,15210,5,0,22 2 6 2 7,1,100,,15214,5,0,22 2 6 2 7,1,100,,15211,5,0,22 2 6 2 7,1,100,,15207,5,0,22 2 6 2 7,1,100,,15212,5,0,22 2 6 2 7,1,100,,15209,5,0,22 2 6 2 7,1,100,,15215,5,0,22 2 6 2 7,1,100,,15220,5,0,22 2 6 2 7,1,100,,15217,5,0,22 2 6 2 7,1,100,,15219,5,0,22 2 6 2 7,1,100,,15216,5,0,22 2 6 2 7,1,100,,15218,5,0,22 2 6 2 7,1,100,,15208,5,0,22 2 6 2 7,1
7001,'10',1017,,15225,5,0,22 2 6 2 7,1,100,,15230,5,0,22 2 6 2 7,1,100,,15228,5,0,22 2 6 2 7,1,100,,15224,5,0,22 2 6 2 7,1,100,,15223,5,0,22 2 6 2 7,1,100,,15226,5,0,22 2 6 2 7,1,100,,15227,5,0,22 2 6 2 7,1,100,,15229,5,0,22 2 6 2 7,1
7001,'11',1017,,15238,5,0,22 2 6 2 7,1,100,,15234,5,0,22 2 6 2 7,1,100,,15235,5,0,22 2 6 2 7,1,100,,15232,5,0,22 2 6 2 7,1,100,,15233,5,0,22 2 6 2 7,1,100,,15237,5,0,22 2 6 2 7,1,100,,15236,5,0,22 2 6 2 7,1,100,,15231,5,0,22 2 6 2 7,1
7001,'2',717,,15266,4,0,11 2 7,1,30,,15246,4,0,11 2 7,1,70,,15261,4,0,11 2 7,1,30,,15254,4,0,11 2 7,1,70,,15244,4,0,11 2 7,1,30,,15268,4,0,11 2 7,1,70,,15251,4,0,11 2 7,1,30,,15250,4,0,11 2 7,1,70,,15257,4,0,11 2 7,1,30,,15263,4,0,11 2 7,1,70,,15248,4,0,11 2 7,1,30,,15265,4,0,11 2 7,1,70,,15256,4,0,11 2 7,1,30,,15239,4,0,11 2 7,1,70,,15252,4,0,11 2 7,1,30,,15242,4,0,11 2 7,1,70,,15269,4,0,11 2 7,1,30,,15262,4,0,11 2 7,1,70,,15260,4,0,11 2 7,1,30,,15253,4,0,11 2 7,1,70,,15249,5,0,22 2 6 2 7,1,30,,15259,5,0,22 2 6 2 7,1,70,,15247,5,0,22 2 6 2 7,1,30,,15240,5,0,22 2 6 2 7,1,70,,15258,5,0,22 2 6 2 7,1,30,,15245,5,0,22 2 6 2 7,1,70,,15241,5,0,22 2 6 2 7,1,30,,15255,5,0,22 2 6 2 7,1,70,,15264,5,0,22 2 6 2 7,1,30,,15267,5,0,22 2 6 2 7,1,70,,11539,5,0,22 2 6 2 7,1,30,,15243,5,0,22 2 6 2 7,1
7001,'3',717,,15277,4,0,11 2 7,1,30,,15271,4,0,11 2 7,1,70,,15299,4,0,11 2 7,1,30,,15285,4,0,11 2 7,1,70,,15274,4,0,11 2 7,1,30,,15291,4,0,11 2 7,1,70,,15298,4,0,11 2 7,1,30,,15297,4,0,11 2 7,1,70,,15275,4,0,11 2 7,1,30,,15281,4,0,11 2 7,1,70,,15272,4,0,11 2 7,1,30,,15293,4,0,11 2 7,1,70,,15290,4,0,11 2 7,1,30,,15301,4,0,11 2 7,1,70,,15286,4,0,11 2 7,1,30,,15300,4,0,11 2 7,1,70,,15296,4,0,11 2 7,1,30,,15295,4,0,11 2 7,1,70,,15280,4,0,11 2 7,1,30,,15284,4,0,11 2 7,1,70,,15282,5,0,22 2 6 2 7,1,30,,15270,5,0,22 2 6 2 7,1,70,,15289,5,0,22 2 6 2 7,1,30,,15294,5,0,22 2 6 2 7,1,70,,15292,5,0,22 2 6 2 7,1,30,,15278,5,0,22 2 6 2 7,1,70,,15288,5,0,22 2 6 2 7,1,30,,15273,5,0,22 2 6 2 7,1,70,,15287,5,0,22 2 6 2 7,1,30,,15279,5,0,22 2 6 2 7,1,70,,15276,5,0,22 2 6 2 7,1,30,,15283,5,0,22 2 6 2 7,1
7001,'4',717,,15320,4,0,11 2 7,1,30,,11071,4,0,11 2 7,1,70,,15323,4,0,11 2 7,1,30,,15321,4,0,11 2 7,1,70,,15309,4,0,11 2 7,1,30,,15310,4,0,11 2 7,1,70,,15328,4,0,11 2 7,1,30,,15313,4,0,11 2 7,1,70,,15324,4,0,11 2 7,1,30,,15330,4,0,11 2 7,1,70,,15304,4,0,11 2 7,1,30,,15322,4,0,11 2 7,1,70,,15331,4,0,11 2 7,1,30,,15306,4,0,11 2 7,1,70,,15316,4,0,11 2 7,1,30,,15326,4,0,11 2 7,1,70,,15314,4,0,11 2 7,1,30,,15315,4,0,11 2 7,1,70,,15318,4,0,11 2 7,1,30,,15317,4,0,11 2 7,1,70,,15302,5,0,22 2 6 2 7,1,30,,15307,5,0,22 2 6 2 7,1,70,,15311,5,0,22 2 6 2 7,1,30,,15327,5,0,22 2 6 2 7,1,70,,15312,5,0,22 2 6 2 7,1,30,,15308,5,0,22 2 6 2 7,1,70,,15305,5,0,22 2 6 2 7,1,30,,15332,5,0,22 2 6 2 7,1,70,,15319,5,0,22 2 6 2 7,1,30,,15303,5,0,22 2 6 2 7,1,70,,15329,5,0,22 2 6 2 7,1,30,,15325,5,0,22 2 6 2 7,1
7001,'5',717,,15344,5,0,22 2 6 2 7,1,100,,15346,5,0,22 2 6 2 7,1,100,,15347,5,0,22 2 6 2 7,1,100,,15339,5,0,22 2 6 2 7,1,100,,15333,5,0,22 2 6 2 7,1,100,,15334,5,0,22 2 6 2 7,1,100,,15341,5,0,22 2 6 2 7,1,100,,15345,5,0,22 2 6 2 7,1,100,,15338,5,0,22 2 6 2 7,1,100,,15343,5,0,22 2 6 2 7,1,100,,15342,5,0,22 2 6 2 7,1,100,,15335,5,0,22 2 6 2 7,1,100,,15348,5,0,22 2 6 2 7,1,100,,15340,5,0,22 2 6 2 7,1,100,,15337,5,0,22 2 6 2 7,1,100,,15336,5,0,22 2 6 2 7,1
7001,'6',1017,,15356,5,0,22 2 6 2 7,1,100,,15353,5,0,22 2 6 2 7,1,100,,15354,5,0,22 2 6 2 7,1,100,,15355,5,0,22 2 6 2 7,1,100,,15351,5,0,22 2 6 2 7,1,100,,15352,5,0,22 2 6 2 7,1,100,,15349,5,0,22 2 6 2 7,1,100,,15350,5,0,22 2 6 2 7,1
7001,'7',717,,15357,4,0,11 2 7,1,30,,15387,4,0,11 2 7,1,70,,15363,4,0,11 2 7,1,30,,15362,4,0,11 2 7,1,70,,15366,4,0,11 2 7,1,30,,15384,4,0,11 2 7,1,70,,15385,4,0,11 2 7,1,30,,15376,4,0,11 2 7,1,70,,15377,4,0,11 2 7,1,30,,15374,4,0,11 2 7,1,70,,15359,4,0,11 2 7,1,30,,15371,4,0,11 2 7,1,70,,15380,4,0,11 2 7,1,30,,15382,4,0,11 2 7,1,70,,15369,4,0,11 2 7,1,30,,15373,4,0,11 2 7,1,70,,15375,4,0,11 2 7,1,30,,15368,4,0,11 2 7,1,70,,15360,4,0,11 2 7,1,30,,15361,4,0,11 2 7,1,70,,15364,5,0,22 2 6 2 7,1,30,,15378,5,0,22 2 6 2 7,1,70,,15386,5,0,22 2 6 2 7,1,30,,15381,5,0,22 2 6 2 7,1,70,,15370,5,0,22 2 6 2 7,1,30,,15367,5,0,22 2 6 2 7,1,70,,15379,5,0,22 2 6 2 7,1,30,,15383,5,0,22 2 6 2 7,1,70,,15365,5,0,22 2 6 2 7,1,30,,15388,5,0,22 2 6 2 7,1,70,,15358,5,0,22 2 6 2 7,1,30,,15372,5,0,22 2 6 2 7,1
7001,'8',717,,15416,4,0,11 2 7,1,30,,15411,4,0,11 2 7,1,70,,15410,4,0,11 2 7,1,30,,15405,4,0,11 2 7,1,70,,15398,4,0,11 2 7,1,30,,15418,4,0,11 2 7,1,70,,15414,4,0,11 2 7,1,30,,15408,4,0,11 2 7,1,70,,15396,4,0,11 2 7,1,30,,15417,4,0,11 2 7,1,70,,15401,4,0,11 2 7,1,30,,15406,4,0,11 2 7,1,70,,15394,4,0,11 2 7,1,30,,15395,4,0,11 2 7,1,70,,15420,4,0,11 2 7,1,30,,15407,4,0,11 2 7,1,70,,15413,4,0,11 2 7,1,30,,15402,4,0,11 2 7,1,70,,15419,4,0,11 2 7,1,30,,15390,4,0,11 2 7,1,70,,15400,5,0,22 2 6 2 7,1,30,,15412,5,0,22 2 6 2 7,1,70,,15399,5,0,22 2 6 2 7,1,30,,15389,5,0,22 2 6 2 7,1,70,,15392,5,0,22 2 6 2 7,1,30,,15397,5,0,22 2 6 2 7,1,70,,15404,5,0,22 2 6 2 7,1,30,,15391,5,0,22 2 6 2 7,1,70,,15409,5,0,22 2 6 2 7,1,30,,15415,5,0,22 2 6 2 7,1,70,,15403,5,0,22 2 6 2 7,1,30,,15393,5,0,22 2 6 2 7,1
7001,'9',717,,15448,4,0,11 2 7,1,30,,15438,4,0,11 2 7,1,70,,15435,4,0,11 2 7,1,30,,15422,4,0,11 2 7,1,70,,15433,4,0,11 2 7,1,30,,15447,4,0,11 2 7,1,70,,15450,4,0,11 2 7,1,30,,15439,4,0,11 2 7,1,70,,15421,4,0,11 2 7,1,30,,15441,4,0,11 2 7,1,70,,15452,4,0,11 2 7,1,30,,15443,4,0,11 2 7,1,70,,15451,4,0,11 2 7,1,30,,15426,4,0,11 2 7,1,70,,15440,4,0,11 2 7,1,30,,15436,4,0,11 2 7,1,70,,15434,4,0,11 2 7,1,30,,15446,4,0,11 2 7,1,70,,15442,4,0,11 2 7,1,30,,15437,4,0,11 2 7,1,70,,15424,5,0,22 2 6 2 7,1,30,,15444,5,0,22 2 6 2 7,1,70,,15423,5,0,22 2 6 2 7,1,30,,15432,5,0,22 2 6 2 7,1,70,,15429,5,0,22 2 6 2 7,1,30,,15430,5,0,22 2 6 2 7,1,70,,15431,5,0,22 2 6 2 7,1,30,,15425,5,0,22 2 6 2 7,1,70,,15449,5,0,22 2 6 2 7,1,30,,15427,5,0,22 2 6 2 7,1,70,,15428,5,0,22 2 6 2 7,1,30,,15445,5,0,22 2 6 2 7,1
7501,'1',735,,15467,7,0,20 21 23 24,1,100,,15465,7,0,20 21 23 24,1,100,,15463,7,0,20 21 23 24,1,100,,15468,7,0,20 21 23 24,1,100,,15455,7,0,20 21 23 24,1,100,,15457,7,0,20 21 23 24,1,100,,15456,7,0,20 21 23 24,1,100,,15459,7,0,20 21 23 24,1,100,,15461,7,0,20 21 23 24,1,100,,15453,7,0,20 21 23 24,1,100,,15462,7,0,20 21 23 24,1,100,,15458,7,0,20 21 23 24,1,100,,15454,7,0,20 21 23 24,1,100,,15464,7,0,20 21 23 24,1,100,,15466,7,0,20 21 23 24,1,100,,15460,7,0,20 21 23 24,1
7501,'10',1035,,15474,7,0,20 21 23 24,1,100,,15472,7,0,20 21 23 24,1,100,,15469,7,0,20 21 23 24,1,100,,15470,7,0,20 21 23 24,1,100,,15471,7,0,20 21 23 24,1,100,,15473,7,0,20 21 23 24,1,100,,15476,7,0,20 21 23 24,1,100,,15475,7,0,20 21 23 24,1
7501,'11',1035,,15480,7,0,20 21 23 24,1,100,,15479,7,0,20 21 23 24,1,100,,15484,7,0,20 21 23 24,1,100,,15477,7,0,20 21 23 24,1,100,,15481,7,0,20 21 23 24,1,100,,15483,7,0,20 21 23 24,1,100,,15482,7,0,20 21 23 24,1,100,,15478,7,0,20 21 23 24,1
7501,'2',735,,15516,6,0,11 2 23 24,1,70,,15498,6,0,11 2 23 24,1,30,,15501,6,0,11 2 23 24,1,70,,15502,6,0,11 2 23 24,1,30,,15505,6,0,11 2 23 24,1,70,,15509,6,0,11 2 23 24,1,30,,15506,6,0,11 2 23 24,1,70,,15503,6,0,11 2 23 24,1,30,,15495,6,0,11 2 23 24,1,70,,15507,6,0,11 2 23 24,1,30,,15488,6,0,11 2 23 24,1,70,,15487,6,0,11 2 23 24,1,30,,15497,6,0,11 2 23 24,1,70,,15490,6,0,11 2 23 24,1,30,,15514,6,0,11 2 23 24,1,70,,15485,6,0,11 2 23 24,1,30,,15508,6,0,11 2 23 24,1,70,,15515,6,0,11 2 23 24,1,30,,15496,6,0,11 2 23 24,1,70,,15486,6,0,11 2 23 24,1,30,,15512,7,0,20 21 23 24,1,70,,15510,7,0,20 21 23 24,1,30,,15504,7,0,20 21 23 24,1,70,,15511,7,0,20 21 23 24,1,30,,15491,7,0,20 21 23 24,1,70,,15493,7,0,20 21 23 24,1,30,,15513,7,0,20 21 23 24,1,70,,15499,7,0,20 21 23 24,1,30,,15492,7,0,20 21 23 24,1,70,,15489,7,0,20 21 23 24,1,30,,15500,7,0,20 21 23 24,1,70,,15494,7,0,20 21 23 24,1
7501,'3',735,,15532,6,0,11 2 23 24,1,70,,15520,6,0,11 2 23 24,1,30,,15540,6,0,11 2 23 24,1,70,,15521,6,0,11 2 23 24,1,30,,15522,6,0,11 2 23 24,1,70,,15529,6,0,11 2 23 24,1,30,,15519,6,0,11 2 23 24,1,70,,15518,6,0,11 2 23 24,1,30,,15533,6,0,11 2 23 24,1,70,,15523,6,0,11 2 23 24,1,30,,15538,6,0,11 2 23 24,1,70,,15541,6,0,11 2 23 24,1,30,,15545,6,0,11 2 23 24,1,70,,15517,6,0,11 2 23 24,1,30,,15536,6,0,11 2 23 24,1,70,,15526,6,0,11 2 23 24,1,30,,15535,6,0,11 2 23 24,1,70,,15547,6,0,11 2 23 24,1,30,,15528,6,0,11 2 23 24,1,70,,15539,6,0,11 2 23 24,1,30,,15527,7,0,20 21 23 24,1,70,,15524,7,0,20 21 23 24,1,30,,15546,7,0,20 21 23 24,1,70,,15543,7,0,20 21 23 24,1,30,,15548,7,0,20 21 23 24,1,70,,15537,7,0,20 21 23 24,1,30,,15534,7,0,20 21 23 24,1,70,,15531,7,0,20 21 23 24,1,30,,15542,7,0,20 21 23 24,1,70,,15544,7,0,20 21 23 24,1,30,,15530,7,0,20 21 23 24,1,70,,15525,7,0,20 21 23 24,1
7501,'4',735,,15550,6,0,11 2 23 24,1,70,,15572,6,0,11 2 23 24,1,30,,15563,6,0,11 2 23 24,1,70,,15567,6,0,11 2 23 24,1,30,,15564,6,0,11 2 23 24,1,70,,15571,6,0,11 2 23 24,1,30,,15551,6,0,11 2 23 24,1,70,,15577,6,0,11 2 23 24,1,30,,15574,6,0,11 2 23 24,1,70,,15579,6,0,11 2 23 24,1,30,,15578,6,0,11 2 23 24,1,70,,15566,6,0,11 2 23 24,1,30,,15555,6,0,11 2 23 24,1,70,,15552,6,0,11 2 23 24,1,30,,15559,6,0,11 2 23 24,1,70,,15562,6,0,11 2 23 24,1,30,,15560,6,0,11 2 23 24,1,70,,15576,6,0,11 2 23 24,1,30,,15565,6,0,11 2 23 24,1,70,,15569,6,0,11 2 23 24,1,30,,15557,7,0,20 21 23 24,1,70,,15558,7,0,20 21 23 24,1,30,,15573,7,0,20 21 23 24,1,70,,11937,7,0,20 21 23 24,1,30,,15568,7,0,20 21 23 24,1,70,,15570,7,0,20 21 23 24,1,30,,15549,7,0,20 21 23 24,1,70,,15561,7,0,20 21 23 24,1,30,,15554,7,0,20 21 23 24,1,70,,15553,7,0,20 21 23 24,1,30,,15556,7,0,20 21 23 24,1,70,,15575,7,0,20 21 23 24,1
7501,'5',735,,15580,7,0,20 21 23 24,1,100,,15594,7,0,20 21 23 24,1,100,,15590,7,0,20 21 23 24,1,100,,15592,7,0,20 21 23 24,1,100,,15586,7,0,20 21 23 24,1,100,,15588,7,0,20 21 23 24,1,100,,15585,7,0,20 21 23 24,1,100,,15591,7,0,20 21 23 24,1,100,,15581,7,0,20 21 23 24,1,100,,15583,7,0,20 21 23 24,1,100,,15584,7,0,20 21 23 24,1,100,,15587,7,0,20 21 23 24,1,100,,15589,7,0,20 21 23 24,1,100,,15593,7,0,20 21 23 24,1,100,,15595,7,0,20 21 23 24,1,100,,15582,7,0,20 21 23 24,1
7501,'6',1035,,15601,7,0,20 21 23 24,1,100,,15597,7,0,20 21 23 24,1,100,,15596,7,0,20 21 23 24,1,100,,15599,7,0,20 21 23 24,1,100,,15602,7,0,20 21 23 24,1,100,,15598,7,0,20 21 23 24,1,100,,15603,7,0,20 21 23 24,1,100,,15600,7,0,20 21 23 24,1
7501,'7',735,,15620,6,0,11 2 23 24,1,70,,15619,6,0,11 2 23 24,1,30,,15622,6,0,11 2 23 24,1,70,,15635,6,0,11 2 23 24,1,30,,15627,6,0,11 2 23 24,1,70,,15612,6,0,11 2 23 24,1,30,,15626,6,0,11 2 23 24,1,70,,15610,6,0,11 2 23 24,1,30,,15632,6,0,11 2 23 24,1,70,,15605,6,0,11 2 23 24,1,30,,15613,6,0,11 2 23 24,1,70,,15604,6,0,11 2 23 24,1,30,,15617,6,0,11 2 23 24,1,70,,15623,6,0,11 2 23 24,1,30,,15609,6,0,11 2 23 24,1,70,,15631,6,0,11 2 23 24,1,30,,15628,6,0,11 2 23 24,1,70,,15629,6,0,11 2 23 24,1,30,,15630,6,0,11 2 23 24,1,70,,15621,6,0,11 2 23 24,1,30,,15625,7,0,20 21 23 24,1,70,,15633,7,0,20 21 23 24,1,30,,15606,7,0,20 21 23 24,1,70,,15634,7,0,20 21 23 24,1,30,,15615,7,0,20 21 23 24,1,70,,15624,7,0,20 21 23 24,1,30,,15616,7,0,20 21 23 24,1,70,,15614,7,0,20 21 23 24,1,30,,15618,7,0,20 21 23 24,1,70,,15607,7,0,20 21 23 24,1,30,,15611,7,0,20 21 23 24,1,70,,15608,7,0,20 21 23 24,1
7501,'8',735,,15662,6,0,11 2 23 24,1,70,,15650,6,0,11 2 23 24,1,30,,15664,6,0,11 2 23 24,1,70,,15663,6,0,11 2 23 24,1,30,,15644,6,0,11 2 23 24,1,70,,15658,6,0,11 2 23 24,1,30,,15653,6,0,11 2 23 24,1,70,,15667,6,0,11 2 23 24,1,30,,15657,6,0,11 2 23 24,1,70,,15659,6,0,11 2 23 24,1,30,,15636,6,0,11 2 23 24,1,70,,15641,6,0,11 2 23 24,1,30,,15665,6,0,11 2 23 24,1,70,,15649,6,0,11 2 23 24,1,30,,15654,6,0,11 2 23 24,1,70,,15648,6,0,11 2 23 24,1,30,,15652,6,0,11 2 23 24,1,70,,15647,6,0,11 2 23 24,1,30,,15642,6,0,11 2 23 24,1,70,,15639,6,0,11 2 23 24,1,30,,15637,7,0,20 21 23 24,1,70,,15640,7,0,20 21 23 24,1,30,,15661,7,0,20 21 23 24,1,70,,15643,7,0,20 21 23 24,1,30,,15646,7,0,20 21 23 24,1,70,,15666,7,0,20 21 23 24,1,30,,15651,7,0,20 21 23 24,1,70,,15655,7,0,20 21 23 24,1,30,,15645,7,0,20 21 23 24,1,70,,15656,7,0,20 21 23 24,1,30,,15660,7,0,20 21 23 24,1,70,,15638,7,0,20 21 23 24,1
7501,'9',735,,15688,6,0,11 2 23 24,1,70,,15685,6,0,11 2 23 24,1,30,,15672,6,0,11 2 23 24,1,70,,15687,6,0,11 2 23 24,1,30,,15696,6,0,11 2 23 24,1,70,,15684,6,0,11 2 23 24,1,30,,15675,6,0,11 2 23 24,1,70,,15694,6,0,11 2 23 24,1,30,,15697,6,0,11 2 23 24,1,70,,15690,6,0,11 2 23 24,1,30,,15680,6,0,11 2 23 24,1,70,,15689,6,0,11 2 23 24,1,30,,15698,6,0,11 2 23 24,1,70,,15674,6,0,11 2 23 24,1,30,,15669,6,0,11 2 23 24,1,70,,15678,6,0,11 2 23 24,1,30,,15679,6,0,11 2 23 24,1,70,,15671,6,0,11 2 23 24,1,30,,15691,6,0,11 2 23 24,1,70,,15681,6,0,11 2 23 24,1,30,,15682,7,0,20 21 23 24,1,70,,15676,7,0,20 21 23 24,1,30,,15683,7,0,20 21 23 24,1,70,,15668,7,0,20 21 23 24,1,30,,15692,7,0,20 21 23 24,1,70,,15699,7,0,20 21 23 24,1,30,,15686,7,0,20 21 23 24,1,70,,15677,7,0,20 21 23 24,1,30,,15693,7,0,20 21 23 24,1,70,,15673,7,0,20 21 23 24,1,30,,15695,7,0,20 21 23 24,1,70,,15670,7,0,20 21 23 24,1
