5001,'1',740,,14153,11,0,20 21 23 24,1,100,,14157,11,0,20 21 23 24,1,100,,14156,11,0,20 21 23 24,1,100,,14148,11,0,20 21 23 24,1,100,,14152,11,0,20 21 23 24,1,100,,14150,11,0,20 21 23 24,1,100,,14158,11,0,20 21 23 24,1,100,,14146,11,0,20 21 23 24,1,100,,14159,11,0,20 21 23 24,1,100,,14160,11,0,20 21 23 24,1,100,,14149,11,0,20 21 23 24,1,100,,14151,11,0,20 21 23 24,1,100,,14147,11,0,20 21 23 24,1,100,,11661,11,0,20 21 23 24,1,100,,14154,11,0,20 21 23 24,1,100,,14155,11,0,20 21 23 24,1
5001,'10',1040,,14167,11,0,20 21 23 24,1,100,,14168,11,0,20 21 23 24,1,100,,14165,11,0,20 21 23 24,1,100,,14163,11,0,20 21 23 24,1,100,,14161,11,0,20 21 23 24,1,100,,14162,11,0,20 21 23 24,1,100,,14166,11,0,20 21 23 24,1,100,,14164,11,0,20 21 23 24,1
5001,'11',1040,,14170,11,0,20 21 23 24,1,100,,14175,11,0,20 21 23 24,1,100,,14173,11,0,20 21 23 24,1,100,,14176,11,0,20 21 23 24,1,100,,14169,11,0,20 21 23 24,1,100,,14172,11,0,20 21 23 24,1,100,,14174,11,0,20 21 23 24,1,100,,14171,11,0,20 21 23 24,1
5001,'2',1740,,14190,11,0,20 21 23 24,1,100,,14179,11,0,20 21 23 24,1,100,,14185,11,0,20 21 23 24,1,100,,14183,11,0,20 21 23 24,1,100,,14182,11,0,20 21 23 24,1,100,,14180,11,0,20 21 23 24,1
5001,'3',1740,,14198,11,0,20 21 23 24,1,100,,14193,11,0,20 21 23 24,1,100,,14203,11,0,20 21 23 24,1,100,,14199,11,0,20 21 23 24,1,100,,14195,11,0,20 21 23 24,1,100,,14207,11,0,20 21 23 24,1
5001,'4',1740,,14213,11,0,20 21 23 24,1,100,,14218,11,0,20 21 23 24,1,100,,14220,11,0,20 21 23 24,1,100,,14214,11,0,20 21 23 24,1,100,,14216,11,0,20 21 23 24,1,100,,14215,11,0,20 21 23 24,1
5001,'5',740,,14237,11,0,20 21 23 24,1,100,,14233,11,0,20 21 23 24,1,100,,14229,11,0,20 21 23 24,1,100,,14225,11,0,20 21 23 24,1,100,,14230,11,0,20 21 23 24,1,100,,14239,11,0,20 21 23 24,1,100,,14231,11,0,20 21 23 24,1,100,,14235,11,0,20 21 23 24,1,100,,14232,11,0,20 21 23 24,1,100,,14240,11,0,20 21 23 24,1,100,,14228,11,0,20 21 23 24,1,100,,14227,11,0,20 21 23 24,1,100,,14226,11,0,20 21 23 24,1,100,,14238,11,0,20 21 23 24,1,100,,14234,11,0,20 21 23 24,1,100,,14236,11,0,20 21 23 24,1
5001,'6',1040,,14248,11,0,20 21 23 24,1,100,,14242,11,0,20 21 23 24,1,100,,14243,11,0,20 21 23 24,1,100,,14241,11,0,20 21 23 24,1,100,,14244,11,0,20 21 23 24,1,100,,14246,11,0,20 21 23 24,1,100,,14247,11,0,20 21 23 24,1,100,,14245,11,0,20 21 23 24,1
5001,'7',1740,,14260,11,0,20 21 23 24,1,100,,14253,11,0,20 21 23 24,1,100,,14263,11,0,20 21 23 24,1,100,,14250,11,0,20 21 23 24,1,100,,14259,11,0,20 21 23 24,1,100,,14252,11,0,20 21 23 24,1
5001,'8',1740,,14272,11,0,20 21 23 24,1,100,,14280,11,0,20 21 23 24,1,100,,14268,11,0,20 21 23 24,1,100,,14279,11,0,20 21 23 24,1,100,,14274,11,0,20 21 23 24,1,100,,14266,11,0,20 21 23 24,1
5001,'9',1740,,14291,11,0,20 21 23 24,1,100,,14293,11,0,20 21 23 24,1,100,,14290,11,0,20 21 23 24,1,100,,14295,11,0,20 21 23 24,1,100,,14292,11,0,20 21 23 24,1,100,,14285,11,0,20 21 23 24,1
5501,'1',712,,14310,2,0,20 21 5 12,1,100,,14307,2,0,20 21 5 12,1,100,,14303,2,0,20 21 5 12,1,100,,14301,2,0,20 21 5 12,1,100,,14299,2,0,20 21 5 12,1,100,,14308,2,0,20 21 5 12,1,100,,14298,2,0,20 21 5 12,1,100,,14305,2,0,20 21 5 12,1,100,,14311,2,0,20 21 5 12,1,100,,14306,2,0,20 21 5 12,1,100,,14312,2,0,20 21 5 12,1,100,,14300,2,0,20 21 5 12,1,100,,14309,2,0,20 21 5 12,1,100,,14302,2,0,20 21 5 12,1,100,,14297,2,0,20 21 5 12,1,100,,14304,2,0,20 21 5 12,1
5501,'10',1012,,14317,2,0,20 21 5 12,1,100,,14316,2,0,20 21 5 12,1,100,,14313,2,0,20 21 5 12,1,100,,14319,2,0,20 21 5 12,1,100,,14320,2,0,20 21 5 12,1,100,,14315,2,0,20 21 5 12,1,100,,14318,2,0,20 21 5 12,1,100,,14314,2,0,20 21 5 12,1
5501,'11',1012,,14327,2,0,20 21 5 12,1,100,,14321,2,0,20 21 5 12,1,100,,14323,2,0,20 21 5 12,1,100,,14326,2,0,20 21 5 12,1,100,,14325,2,0,20 21 5 12,1,100,,14322,2,0,20 21 5 12,1,100,,14324,2,0,20 21 5 12,1,100,,14328,2,0,20 21 5 12,1
5501,'2',1712,,14335,2,0,20 21 5 12,1,100,,14340,2,0,20 21 5 12,1,100,,14343,2,0,20 21 5 12,1,100,,14341,2,0,20 21 5 12,1,100,,14333,2,0,20 21 5 12,1,100,,14330,2,0,20 21 5 12,1
5501,'3',1712,,14355,2,0,20 21 5 12,1,100,,14348,2,0,20 21 5 12,1,100,,14354,2,0,20 21 5 12,1,100,,14357,2,0,20 21 5 12,1,100,,14353,2,0,20 21 5 12,1,100,,14360,2,0,20 21 5 12,1
5501,'4',1712,,14364,2,0,20 21 5 12,1,100,,14370,2,0,20 21 5 12,1,100,,14366,2,0,20 21 5 12,1,100,,14362,2,0,20 21 5 12,1,100,,14376,2,0,20 21 5 12,1,100,,14368,2,0,20 21 5 12,1
5501,'5',712,,14391,2,0,20 21 5 12,1,100,,14390,2,0,20 21 5 12,1,100,,14389,2,0,20 21 5 12,1,100,,14386,2,0,20 21 5 12,1,100,,14382,2,0,20 21 5 12,1,100,,14384,2,0,20 21 5 12,1,100,,14381,2,0,20 21 5 12,1,100,,14385,2,0,20 21 5 12,1,100,,14380,2,0,20 21 5 12,1,100,,14392,2,0,20 21 5 12,1,100,,14377,2,0,20 21 5 12,1,100,,14379,2,0,20 21 5 12,1,100,,14388,2,0,20 21 5 12,1,100,,14378,2,0,20 21 5 12,1,100,,14383,2,0,20 21 5 12,1,100,,14387,2,0,20 21 5 12,1
5501,'6',1012,,14395,2,0,20 21 5 12,1,100,,14398,2,0,20 21 5 12,1,100,,14397,2,0,20 21 5 12,1,100,,14394,2,0,20 21 5 12,1,100,,14400,2,0,20 21 5 12,1,100,,14399,2,0,20 21 5 12,1,100,,14396,2,0,20 21 5 12,1,100,,14393,2,0,20 21 5 12,1
5501,'7',1712,,14411,2,0,20 21 5 12,1,100,,14413,2,0,20 21 5 12,1,100,,14409,2,0,20 21 5 12,1,100,,14402,2,0,20 21 5 12,1,100,,14406,2,0,20 21 5 12,1,100,,14404,2,0,20 21 5 12,1
5501,'8',1712,,14430,2,0,20 21 5 12,1,100,,14426,2,0,20 21 5 12,1,100,,14420,2,0,20 21 5 12,1,100,,14421,2,0,20 21 5 12,1,100,,14424,2,0,20 21 5 12,1,100,,14432,2,0,20 21 5 12,1
5501,'9',1712,,14434,2,0,20 21 5 12,1,100,,14448,2,0,20 21 5 12,1,100,,14433,2,0,20 21 5 12,1,100,,14441,2,0,20 21 5 12,1,100,,14438,2,0,20 21 5 12,1,100,,14436,2,0,20 21 5 12,1
7001,'1',709,,15213,2,0,20 21 7,1,100,,15221,2,0,20 21 7,1,100,,15222,2,0,20 21 7,1,100,,15210,2,0,20 21 7,1,100,,15214,2,0,20 21 7,1,100,,15211,2,0,20 21 7,1,100,,15207,2,0,20 21 7,1,100,,15212,2,0,20 21 7,1,100,,15209,2,0,20 21 7,1,100,,15215,2,0,20 21 7,1,100,,15220,2,0,20 21 7,1,100,,15217,2,0,20 21 7,1,100,,15219,2,0,20 21 7,1,100,,15216,2,0,20 21 7,1,100,,15218,2,0,20 21 7,1,100,,15208,2,0,20 21 7,1
7001,'10',1009,,15225,2,0,20 21 7,1,100,,15230,2,0,20 21 7,1,100,,15228,2,0,20 21 7,1,100,,15224,2,0,20 21 7,1,100,,15223,2,0,20 21 7,1,100,,15226,2,0,20 21 7,1,100,,15227,2,0,20 21 7,1,100,,15229,2,0,20 21 7,1
7001,'11',1009,,15238,2,0,20 21 7,1,100,,15234,2,0,20 21 7,1,100,,15235,2,0,20 21 7,1,100,,15232,2,0,20 21 7,1,100,,15233,2,0,20 21 7,1,100,,15237,2,0,20 21 7,1,100,,15236,2,0,20 21 7,1,100,,15231,2,0,20 21 7,1
7001,'2',1709,,15249,2,0,20 21 7,1,30,,15259,2,0,20 21 7,1,70,,15247,2,0,20 21 7,1,30,,15240,2,0,20 21 7,1,70,,15258,2,0,20 21 7,1,30,,15245,2,0,20 21 7,1,70,,15241,2,0,20 21 7,1,30,,15255,2,0,20 21 7,1,70,,15264,2,0,20 21 7,1,30,,15267,2,0,20 21 7,1,70,,11539,2,0,20 21 7,1,30,,15243,2,0,20 21 7,1
7001,'3',1709,,15282,2,0,20 21 7,1,30,,15270,2,0,20 21 7,1,70,,15289,2,0,20 21 7,1,30,,15294,2,0,20 21 7,1,70,,15292,2,0,20 21 7,1,30,,15278,2,0,20 21 7,1,70,,15288,2,0,20 21 7,1,30,,15273,2,0,20 21 7,1,70,,15287,2,0,20 21 7,1,30,,15279,2,0,20 21 7,1,70,,15276,2,0,20 21 7,1,30,,15283,2,0,20 21 7,1
7001,'4',1709,,15302,2,0,20 21 7,1,30,,15307,2,0,20 21 7,1,70,,15311,2,0,20 21 7,1,30,,15327,2,0,20 21 7,1,70,,15312,2,0,20 21 7,1,30,,15308,2,0,20 21 7,1,70,,15305,2,0,20 21 7,1,30,,15332,2,0,20 21 7,1,70,,15319,2,0,20 21 7,1,30,,15303,2,0,20 21 7,1,70,,15329,2,0,20 21 7,1,30,,15325,2,0,20 21 7,1
7001,'5',709,,15344,2,0,20 21 7,1,100,,15346,2,0,20 21 7,1,100,,15347,2,0,20 21 7,1,100,,15339,2,0,20 21 7,1,100,,15333,2,0,20 21 7,1,100,,15334,2,0,20 21 7,1,100,,15341,2,0,20 21 7,1,100,,15345,2,0,20 21 7,1,100,,15338,2,0,20 21 7,1,100,,15343,2,0,20 21 7,1,100,,15342,2,0,20 21 7,1,100,,15335,2,0,20 21 7,1,100,,15348,2,0,20 21 7,1,100,,15340,2,0,20 21 7,1,100,,15337,2,0,20 21 7,1,100,,15336,2,0,20 21 7,1
7001,'6',1009,,15356,2,0,20 21 7,1,100,,15353,2,0,20 21 7,1,100,,15354,2,0,20 21 7,1,100,,15355,2,0,20 21 7,1,100,,15351,2,0,20 21 7,1,100,,15352,2,0,20 21 7,1,100,,15349,2,0,20 21 7,1,100,,15350,2,0,20 21 7,1
7001,'7',1709,,15364,2,0,20 21 7,1,30,,15378,2,0,20 21 7,1,70,,15386,2,0,20 21 7,1,30,,15381,2,0,20 21 7,1,70,,15370,2,0,20 21 7,1,30,,15367,2,0,20 21 7,1,70,,15379,2,0,20 21 7,1,30,,15383,2,0,20 21 7,1,70,,15365,2,0,20 21 7,1,30,,15388,2,0,20 21 7,1,70,,15358,2,0,20 21 7,1,30,,15372,2,0,20 21 7,1
7001,'8',1709,,15400,2,0,20 21 7,1,30,,15412,2,0,20 21 7,1,70,,15399,2,0,20 21 7,1,30,,15389,2,0,20 21 7,1,70,,15392,2,0,20 21 7,1,30,,15397,2,0,20 21 7,1,70,,15404,2,0,20 21 7,1,30,,15391,2,0,20 21 7,1,70,,15409,2,0,20 21 7,1,30,,15415,2,0,20 21 7,1,70,,15403,2,0,20 21 7,1,30,,15393,2,0,20 21 7,1
7001,'9',1709,,15424,2,0,20 21 7,1,30,,15444,2,0,20 21 7,1,70,,15423,2,0,20 21 7,1,30,,15432,2,0,20 21 7,1,70,,15429,2,0,20 21 7,1,30,,15430,2,0,20 21 7,1,70,,15431,2,0,20 21 7,1,30,,15425,2,0,20 21 7,1,70,,15449,2,0,20 21 7,1,30,,15427,2,0,20 21 7,1,70,,15428,2,0,20 21 7,1,30,,15445,2,0,20 21 7,1
7501,'1',743,,15467,9,0,20 21 23 24,1,100,,15465,9,0,20 21 23 24,1,100,,15463,9,0,20 21 23 24,1,100,,15468,9,0,20 21 23 24,1,100,,15455,9,0,20 21 23 24,1,100,,15457,9,0,20 21 23 24,1,100,,15456,9,0,20 21 23 24,1,100,,15459,9,0,20 21 23 24,1,100,,15461,9,0,20 21 23 24,1,100,,15453,9,0,20 21 23 24,1,100,,15462,9,0,20 21 23 24,1,100,,15458,9,0,20 21 23 24,1,100,,15454,9,0,20 21 23 24,1,100,,15464,9,0,20 21 23 24,1,100,,15466,9,0,20 21 23 24,1,100,,15460,9,0,20 21 23 24,1
7501,'10',1043,,15474,9,0,20 21 23 24,1,100,,15472,9,0,20 21 23 24,1,100,,15469,9,0,20 21 23 24,1,100,,15470,9,0,20 21 23 24,1,100,,15471,9,0,20 21 23 24,1,100,,15473,9,0,20 21 23 24,1,100,,15476,9,0,20 21 23 24,1,100,,15475,9,0,20 21 23 24,1
7501,'11',1043,,15480,9,0,20 21 23 24,1,100,,15479,9,0,20 21 23 24,1,100,,15484,9,0,20 21 23 24,1,100,,15477,9,0,20 21 23 24,1,100,,15481,9,0,20 21 23 24,1,100,,15483,9,0,20 21 23 24,1,100,,15482,9,0,20 21 23 24,1,100,,15478,9,0,20 21 23 24,1
7501,'2',1743,,15512,9,0,20 21 23 24,1,70,,15510,9,0,20 21 23 24,1,30,,15504,9,0,20 21 23 24,1,70,,15511,9,0,20 21 23 24,1,30,,15491,9,0,20 21 23 24,1,70,,15493,9,0,20 21 23 24,1,30,,15513,9,0,20 21 23 24,1,70,,15499,9,0,20 21 23 24,1,30,,15492,9,0,20 21 23 24,1,70,,15489,9,0,20 21 23 24,1,30,,15500,9,0,20 21 23 24,1,70,,15494,9,0,20 21 23 24,1
7501,'3',1743,,15527,9,0,20 21 23 24,1,70,,15524,9,0,20 21 23 24,1,30,,15546,9,0,20 21 23 24,1,70,,15543,9,0,20 21 23 24,1,30,,15548,9,0,20 21 23 24,1,70,,15537,9,0,20 21 23 24,1,30,,15534,9,0,20 21 23 24,1,70,,15531,9,0,20 21 23 24,1,30,,15542,9,0,20 21 23 24,1,70,,15544,9,0,20 21 23 24,1,30,,15530,9,0,20 21 23 24,1,70,,15525,9,0,20 21 23 24,1
7501,'4',1743,,15557,9,0,20 21 23 24,1,70,,15558,9,0,20 21 23 24,1,30,,15573,9,0,20 21 23 24,1,70,,11937,9,0,20 21 23 24,1,30,,15568,9,0,20 21 23 24,1,70,,15570,9,0,20 21 23 24,1,30,,15549,9,0,20 21 23 24,1,70,,15561,9,0,20 21 23 24,1,30,,15554,9,0,20 21 23 24,1,70,,15553,9,0,20 21 23 24,1,30,,15556,9,0,20 21 23 24,1,70,,15575,9,0,20 21 23 24,1
7501,'5',743,,15580,9,0,20 21 23 24,1,100,,15594,9,0,20 21 23 24,1,100,,15590,9,0,20 21 23 24,1,100,,15592,9,0,20 21 23 24,1,100,,15586,9,0,20 21 23 24,1,100,,15588,9,0,20 21 23 24,1,100,,15585,9,0,20 21 23 24,1,100,,15591,9,0,20 21 23 24,1,100,,15581,9,0,20 21 23 24,1,100,,15583,9,0,20 21 23 24,1,100,,15584,9,0,20 21 23 24,1,100,,15587,9,0,20 21 23 24,1,100,,15589,9,0,20 21 23 24,1,100,,15593,9,0,20 21 23 24,1,100,,15595,9,0,20 21 23 24,1,100,,15582,9,0,20 21 23 24,1
7501,'6',1043,,15601,9,0,20 21 23 24,1,100,,15597,9,0,20 21 23 24,1,100,,15596,9,0,20 21 23 24,1,100,,15599,9,0,20 21 23 24,1,100,,15602,9,0,20 21 23 24,1,100,,15598,9,0,20 21 23 24,1,100,,15603,9,0,20 21 23 24,1,100,,15600,9,0,20 21 23 24,1
7501,'7',1743,,15625,9,0,20 21 23 24,1,70,,15633,9,0,20 21 23 24,1,30,,15606,9,0,20 21 23 24,1,70,,15634,9,0,20 21 23 24,1,30,,15615,9,0,20 21 23 24,1,70,,15624,9,0,20 21 23 24,1,30,,15616,9,0,20 21 23 24,1,70,,15614,9,0,20 21 23 24,1,30,,15618,9,0,20 21 23 24,1,70,,15607,9,0,20 21 23 24,1,30,,15611,9,0,20 21 23 24,1,70,,15608,9,0,20 21 23 24,1
7501,'8',1743,,15637,9,0,20 21 23 24,1,70,,15640,9,0,20 21 23 24,1,30,,15661,9,0,20 21 23 24,1,70,,15643,9,0,20 21 23 24,1,30,,15646,9,0,20 21 23 24,1,70,,15666,9,0,20 21 23 24,1,30,,15651,9,0,20 21 23 24,1,70,,15655,9,0,20 21 23 24,1,30,,15645,9,0,20 21 23 24,1,70,,15656,9,0,20 21 23 24,1,30,,15660,9,0,20 21 23 24,1,70,,15638,9,0,20 21 23 24,1
7501,'9',1743,,15682,9,0,20 21 23 24,1,70,,15676,9,0,20 21 23 24,1,30,,15683,9,0,20 21 23 24,1,70,,15668,9,0,20 21 23 24,1,30,,15692,9,0,20 21 23 24,1,70,,15699,9,0,20 21 23 24,1,30,,15686,9,0,20 21 23 24,1,70,,15677,9,0,20 21 23 24,1,30,,15693,9,0,20 21 23 24,1,70,,15673,9,0,20 21 23 24,1,30,,15695,9,0,20 21 23 24,1,70,,15670,9,0,20 21 23 24,1
