2500,'1',702,,11794,4,0,26 27 28,1,100,,12296,4,0,26 27 28,1,100,,12297,4,0,26 27 28,1,100,,12302,4,0,26 27 28,1,100,,12301,4,0,26 27 28,1,100,,12310,4,0,26 27 28,1,100,,12308,4,0,26 27 28,1,100,,12306,4,0,26 27 28,1,100,,12299,4,0,26 27 28,1,100,,12309,4,0,26 27 28,1,100,,12307,4,0,26 27 28,1,100,,12300,4,0,26 27 28,1,100,,12298,4,0,26 27 28,1,100,,12305,4,0,26 27 28,1,100,,12303,4,0,26 27 28,1,100,,12304,4,0,26 27 28,1
2500,'10',1002,,12318,4,0,26 27 28,1,100,,12311,4,0,26 27 28,1,100,,12314,4,0,26 27 28,1,100,,12312,4,0,26 27 28,1,100,,12315,4,0,26 27 28,1,100,,12316,4,0,26 27 28,1,100,,12317,4,0,26 27 28,1,100,,12313,4,0,26 27 28,1
2500,'11',1002,,12324,4,0,26 27 28,1,100,,12325,4,0,26 27 28,1,100,,12322,4,0,26 27 28,1,100,,12323,4,0,26 27 28,1,100,,12319,4,0,26 27 28,1,100,,12320,4,0,26 27 28,1,100,,12321,4,0,26 27 28,1,100,,12326,4,0,26 27 28,1
2500,'2',702,,12330,4,0,26 27 28,1,100,,12329,4,0,26 27 28,1,100,,12334,4,0,26 27 28,1,100,,12335,4,0,26 27 28,1,100,,12337,4,0,26 27 28,1,100,,12333,4,0,26 27 28,1,100,,12341,4,0,26 27 28,1,100,,12328,4,0,26 27 28,1,100,,12339,4,0,26 27 28,1,100,,12331,4,0,26 27 28,1,100,,12338,4,0,26 27 28,1,100,,12340,4,0,26 27 28,1,100,,12332,4,0,26 27 28,1,100,,12327,4,0,26 27 28,1,100,,12342,4,0,26 27 28,1,100,,12336,4,0,26 27 28,1
2500,'3',702,,12351,4,0,26 27 28,1,100,,12356,4,0,26 27 28,1,100,,12353,4,0,26 27 28,1,100,,12350,4,0,26 27 28,1,100,,12355,4,0,26 27 28,1,100,,12354,4,0,26 27 28,1,100,,12348,4,0,26 27 28,1,100,,12352,4,0,26 27 28,1,100,,12344,4,0,26 27 28,1,100,,12345,4,0,26 27 28,1,100,,12357,4,0,26 27 28,1,100,,12358,4,0,26 27 28,1,100,,12346,4,0,26 27 28,1,100,,12343,4,0,26 27 28,1,100,,12349,4,0,26 27 28,1,100,,12347,4,0,26 27 28,1
2500,'4',702,,12367,4,0,26 27 28,1,100,,12373,4,0,26 27 28,1,100,,12359,4,0,26 27 28,1,100,,12370,4,0,26 27 28,1,100,,12364,4,0,26 27 28,1,100,,12372,4,0,26 27 28,1,100,,12362,4,0,26 27 28,1,100,,12371,4,0,26 27 28,1,100,,11778,4,0,26 27 28,1,100,,12363,4,0,26 27 28,1,100,,12360,4,0,26 27 28,1,100,,12368,4,0,26 27 28,1,100,,12369,4,0,26 27 28,1,100,,12361,4,0,26 27 28,1,100,,12366,4,0,26 27 28,1,100,,12365,4,0,26 27 28,1
2500,'5',702,,12376,4,0,26 27 28,1,100,,12383,4,0,26 27 28,1,100,,12377,4,0,26 27 28,1,100,,12380,4,0,26 27 28,1,100,,12386,4,0,26 27 28,1,100,,12375,4,0,26 27 28,1,100,,12381,4,0,26 27 28,1,100,,12382,4,0,26 27 28,1,100,,12384,4,0,26 27 28,1,100,,12389,4,0,26 27 28,1,100,,12379,4,0,26 27 28,1,100,,12387,4,0,26 27 28,1,100,,12378,4,0,26 27 28,1,100,,12374,4,0,26 27 28,1,100,,12385,4,0,26 27 28,1,100,,12388,4,0,26 27 28,1
2500,'6',1002,,12391,4,0,26 27 28,1,100,,12397,4,0,26 27 28,1,100,,12395,4,0,26 27 28,1,100,,12394,4,0,26 27 28,1,100,,12396,4,0,26 27 28,1,100,,12390,4,0,26 27 28,1,100,,12393,4,0,26 27 28,1,100,,12392,4,0,26 27 28,1
2500,'7',702,,12412,4,0,26 27 28,1,100,,12400,4,0,26 27 28,1,100,,12402,4,0,26 27 28,1,100,,12408,4,0,26 27 28,1,100,,12413,4,0,26 27 28,1,100,,12409,4,0,26 27 28,1,100,,12404,4,0,26 27 28,1,100,,12401,4,0,26 27 28,1,100,,12410,4,0,26 27 28,1,100,,12398,4,0,26 27 28,1,100,,12399,4,0,26 27 28,1,100,,12407,4,0,26 27 28,1,100,,12405,4,0,26 27 28,1,100,,12406,4,0,26 27 28,1,100,,12403,4,0,26 27 28,1,100,,12411,4,0,26 27 28,1
2500,'8',702,,12417,4,0,26 27 28,1,100,,12424,4,0,26 27 28,1,100,,12414,4,0,26 27 28,1,100,,12423,4,0,26 27 28,1,100,,12422,4,0,26 27 28,1,100,,12426,4,0,26 27 28,1,100,,12420,4,0,26 27 28,1,100,,12416,4,0,26 27 28,1,100,,12428,4,0,26 27 28,1,100,,12419,4,0,26 27 28,1,100,,12421,4,0,26 27 28,1,100,,12425,4,0,26 27 28,1,100,,12415,4,0,26 27 28,1,100,,12427,4,0,26 27 28,1,100,,12429,4,0,26 27 28,1,100,,12418,4,0,26 27 28,1
2500,'9',702,,12438,4,0,26 27 28,1,100,,12433,4,0,26 27 28,1,100,,12432,4,0,26 27 28,1,100,,12440,4,0,26 27 28,1,100,,12445,4,0,26 27 28,1,100,,12430,4,0,26 27 28,1,100,,12431,4,0,26 27 28,1,100,,12441,4,0,26 27 28,1,100,,12434,4,0,26 27 28,1,100,,12442,4,0,26 27 28,1,100,,12439,4,0,26 27 28,1,100,,12437,4,0,26 27 28,1,100,,12436,4,0,26 27 28,1,100,,12435,4,0,26 27 28,1,100,,12443,4,0,26 27 28,1,100,,12444,4,0,26 27 28,1
