7001,'1',731,,15213,6,0,22 2 6 2 7,1,100,,15221,6,0,22 2 6 2 7,1,100,,15222,6,0,22 2 6 2 7,1,100,,15210,6,0,22 2 6 2 7,1,100,,15214,6,0,22 2 6 2 7,1,100,,15211,6,0,22 2 6 2 7,1,100,,15207,6,0,22 2 6 2 7,1,100,,15212,6,0,22 2 6 2 7,1,100,,15209,6,0,22 2 6 2 7,1,100,,15215,6,0,22 2 6 2 7,1,100,,15220,6,0,22 2 6 2 7,1,100,,15217,6,0,22 2 6 2 7,1,100,,15219,6,0,22 2 6 2 7,1,100,,15216,6,0,22 2 6 2 7,1,100,,15218,6,0,22 2 6 2 7,1,100,,15208,6,0,22 2 6 2 7,1
7001,'10',1031,,15225,6,0,22 2 6 2 7,1,100,,15230,6,0,22 2 6 2 7,1,100,,15228,6,0,22 2 6 2 7,1,100,,15224,6,0,22 2 6 2 7,1,100,,15223,6,0,22 2 6 2 7,1,100,,15226,6,0,22 2 6 2 7,1,100,,15227,6,0,22 2 6 2 7,1,100,,15229,6,0,22 2 6 2 7,1
7001,'11',1031,,15238,6,0,22 2 6 2 7,1,100,,15234,6,0,22 2 6 2 7,1,100,,15235,6,0,22 2 6 2 7,1,100,,15232,6,0,22 2 6 2 7,1,100,,15233,6,0,22 2 6 2 7,1,100,,15237,6,0,22 2 6 2 7,1,100,,15236,6,0,22 2 6 2 7,1,100,,15231,6,0,22 2 6 2 7,1
7001,'2',731,,15266,5,0,11 2 7,1,70,,15246,5,0,11 2 7,1,30,,15261,5,0,11 2 7,1,70,,15254,5,0,11 2 7,1,30,,15244,5,0,11 2 7,1,70,,15268,5,0,11 2 7,1,30,,15251,5,0,11 2 7,1,70,,15250,5,0,11 2 7,1,30,,15257,5,0,11 2 7,1,70,,15263,5,0,11 2 7,1,30,,15248,5,0,11 2 7,1,70,,15265,5,0,11 2 7,1,30,,15256,5,0,11 2 7,1,70,,15239,5,0,11 2 7,1,30,,15252,5,0,11 2 7,1,70,,15242,5,0,11 2 7,1,30,,15269,5,0,11 2 7,1,70,,15262,5,0,11 2 7,1,30,,15260,5,0,11 2 7,1,70,,15253,5,0,11 2 7,1,30,,15249,6,0,22 2 6 2 7,1,70,,15259,6,0,22 2 6 2 7,1,30,,15247,6,0,22 2 6 2 7,1,70,,15240,6,0,22 2 6 2 7,1,30,,15258,6,0,22 2 6 2 7,1,70,,15245,6,0,22 2 6 2 7,1,30,,15241,6,0,22 2 6 2 7,1,70,,15255,6,0,22 2 6 2 7,1,30,,15264,6,0,22 2 6 2 7,1,70,,15267,6,0,22 2 6 2 7,1,30,,11539,6,0,22 2 6 2 7,1,70,,15243,6,0,22 2 6 2 7,1
7001,'3',731,,15277,5,0,11 2 7,1,70,,15271,5,0,11 2 7,1,30,,15299,5,0,11 2 7,1,70,,15285,5,0,11 2 7,1,30,,15274,5,0,11 2 7,1,70,,15291,5,0,11 2 7,1,30,,15298,5,0,11 2 7,1,70,,15297,5,0,11 2 7,1,30,,15275,5,0,11 2 7,1,70,,15281,5,0,11 2 7,1,30,,15272,5,0,11 2 7,1,70,,15293,5,0,11 2 7,1,30,,15290,5,0,11 2 7,1,70,,15301,5,0,11 2 7,1,30,,15286,5,0,11 2 7,1,70,,15300,5,0,11 2 7,1,30,,15296,5,0,11 2 7,1,70,,15295,5,0,11 2 7,1,30,,15280,5,0,11 2 7,1,70,,15284,5,0,11 2 7,1,30,,15282,6,0,22 2 6 2 7,1,70,,15270,6,0,22 2 6 2 7,1,30,,15289,6,0,22 2 6 2 7,1,70,,15294,6,0,22 2 6 2 7,1,30,,15292,6,0,22 2 6 2 7,1,70,,15278,6,0,22 2 6 2 7,1,30,,15288,6,0,22 2 6 2 7,1,70,,15273,6,0,22 2 6 2 7,1,30,,15287,6,0,22 2 6 2 7,1,70,,15279,6,0,22 2 6 2 7,1,30,,15276,6,0,22 2 6 2 7,1,70,,15283,6,0,22 2 6 2 7,1
7001,'4',731,,15320,5,0,11 2 7,1,70,,11071,5,0,11 2 7,1,30,,15323,5,0,11 2 7,1,70,,15321,5,0,11 2 7,1,30,,15309,5,0,11 2 7,1,70,,15310,5,0,11 2 7,1,30,,15328,5,0,11 2 7,1,70,,15313,5,0,11 2 7,1,30,,15324,5,0,11 2 7,1,70,,15330,5,0,11 2 7,1,30,,15304,5,0,11 2 7,1,70,,15322,5,0,11 2 7,1,30,,15331,5,0,11 2 7,1,70,,15306,5,0,11 2 7,1,30,,15316,5,0,11 2 7,1,70,,15326,5,0,11 2 7,1,30,,15314,5,0,11 2 7,1,70,,15315,5,0,11 2 7,1,30,,15318,5,0,11 2 7,1,70,,15317,5,0,11 2 7,1,30,,15302,6,0,22 2 6 2 7,1,70,,15307,6,0,22 2 6 2 7,1,30,,15311,6,0,22 2 6 2 7,1,70,,15327,6,0,22 2 6 2 7,1,30,,15312,6,0,22 2 6 2 7,1,70,,15308,6,0,22 2 6 2 7,1,30,,15305,6,0,22 2 6 2 7,1,70,,15332,6,0,22 2 6 2 7,1,30,,15319,6,0,22 2 6 2 7,1,70,,15303,6,0,22 2 6 2 7,1,30,,15329,6,0,22 2 6 2 7,1,70,,15325,6,0,22 2 6 2 7,1
7001,'5',731,,15344,6,0,22 2 6 2 7,1,100,,15346,6,0,22 2 6 2 7,1,100,,15347,6,0,22 2 6 2 7,1,100,,15339,6,0,22 2 6 2 7,1,100,,15333,6,0,22 2 6 2 7,1,100,,15334,6,0,22 2 6 2 7,1,100,,15341,6,0,22 2 6 2 7,1,100,,15345,6,0,22 2 6 2 7,1,100,,15338,6,0,22 2 6 2 7,1,100,,15343,6,0,22 2 6 2 7,1,100,,15342,6,0,22 2 6 2 7,1,100,,15335,6,0,22 2 6 2 7,1,100,,15348,6,0,22 2 6 2 7,1,100,,15340,6,0,22 2 6 2 7,1,100,,15337,6,0,22 2 6 2 7,1,100,,15336,6,0,22 2 6 2 7,1
7001,'6',1031,,15356,6,0,22 2 6 2 7,1,100,,15353,6,0,22 2 6 2 7,1,100,,15354,6,0,22 2 6 2 7,1,100,,15355,6,0,22 2 6 2 7,1,100,,15351,6,0,22 2 6 2 7,1,100,,15352,6,0,22 2 6 2 7,1,100,,15349,6,0,22 2 6 2 7,1,100,,15350,6,0,22 2 6 2 7,1
7001,'7',731,,15357,5,0,11 2 7,1,70,,15387,5,0,11 2 7,1,30,,15363,5,0,11 2 7,1,70,,15362,5,0,11 2 7,1,30,,15366,5,0,11 2 7,1,70,,15384,5,0,11 2 7,1,30,,15385,5,0,11 2 7,1,70,,15376,5,0,11 2 7,1,30,,15377,5,0,11 2 7,1,70,,15374,5,0,11 2 7,1,30,,15359,5,0,11 2 7,1,70,,15371,5,0,11 2 7,1,30,,15380,5,0,11 2 7,1,70,,15382,5,0,11 2 7,1,30,,15369,5,0,11 2 7,1,70,,15373,5,0,11 2 7,1,30,,15375,5,0,11 2 7,1,70,,15368,5,0,11 2 7,1,30,,15360,5,0,11 2 7,1,70,,15361,5,0,11 2 7,1,30,,15364,6,0,22 2 6 2 7,1,70,,15378,6,0,22 2 6 2 7,1,30,,15386,6,0,22 2 6 2 7,1,70,,15381,6,0,22 2 6 2 7,1,30,,15370,6,0,22 2 6 2 7,1,70,,15367,6,0,22 2 6 2 7,1,30,,15379,6,0,22 2 6 2 7,1,70,,15383,6,0,22 2 6 2 7,1,30,,15365,6,0,22 2 6 2 7,1,70,,15388,6,0,22 2 6 2 7,1,30,,15358,6,0,22 2 6 2 7,1,70,,15372,6,0,22 2 6 2 7,1
7001,'8',731,,15416,5,0,11 2 7,1,70,,15411,5,0,11 2 7,1,30,,15410,5,0,11 2 7,1,70,,15405,5,0,11 2 7,1,30,,15398,5,0,11 2 7,1,70,,15418,5,0,11 2 7,1,30,,15414,5,0,11 2 7,1,70,,15408,5,0,11 2 7,1,30,,15396,5,0,11 2 7,1,70,,15417,5,0,11 2 7,1,30,,15401,5,0,11 2 7,1,70,,15406,5,0,11 2 7,1,30,,15394,5,0,11 2 7,1,70,,15395,5,0,11 2 7,1,30,,15420,5,0,11 2 7,1,70,,15407,5,0,11 2 7,1,30,,15413,5,0,11 2 7,1,70,,15402,5,0,11 2 7,1,30,,15419,5,0,11 2 7,1,70,,15390,5,0,11 2 7,1,30,,15400,6,0,22 2 6 2 7,1,70,,15412,6,0,22 2 6 2 7,1,30,,15399,6,0,22 2 6 2 7,1,70,,15389,6,0,22 2 6 2 7,1,30,,15392,6,0,22 2 6 2 7,1,70,,15397,6,0,22 2 6 2 7,1,30,,15404,6,0,22 2 6 2 7,1,70,,15391,6,0,22 2 6 2 7,1,30,,15409,6,0,22 2 6 2 7,1,70,,15415,6,0,22 2 6 2 7,1,30,,15403,6,0,22 2 6 2 7,1,70,,15393,6,0,22 2 6 2 7,1
7001,'9',731,,15448,5,0,11 2 7,1,70,,15438,5,0,11 2 7,1,30,,15435,5,0,11 2 7,1,70,,15422,5,0,11 2 7,1,30,,15433,5,0,11 2 7,1,70,,15447,5,0,11 2 7,1,30,,15450,5,0,11 2 7,1,70,,15439,5,0,11 2 7,1,30,,15421,5,0,11 2 7,1,70,,15441,5,0,11 2 7,1,30,,15452,5,0,11 2 7,1,70,,15443,5,0,11 2 7,1,30,,15451,5,0,11 2 7,1,70,,15426,5,0,11 2 7,1,30,,15440,5,0,11 2 7,1,70,,15436,5,0,11 2 7,1,30,,15434,5,0,11 2 7,1,70,,15446,5,0,11 2 7,1,30,,15442,5,0,11 2 7,1,70,,15437,5,0,11 2 7,1,30,,15424,6,0,22 2 6 2 7,1,70,,15444,6,0,22 2 6 2 7,1,30,,15423,6,0,22 2 6 2 7,1,70,,15432,6,0,22 2 6 2 7,1,30,,15429,6,0,22 2 6 2 7,1,70,,15430,6,0,22 2 6 2 7,1,30,,15431,6,0,22 2 6 2 7,1,70,,15425,6,0,22 2 6 2 7,1,30,,15449,6,0,22 2 6 2 7,1,70,,15427,6,0,22 2 6 2 7,1,30,,15428,6,0,22 2 6 2 7,1,70,,15445,6,0,22 2 6 2 7,1
