5001,'1',713,,14153,4,0,20 21 23 24,1,100,,14157,4,0,20 21 23 24,1,100,,14156,4,0,20 21 23 24,1,100,,14148,4,0,20 21 23 24,1,100,,14152,4,0,20 21 23 24,1,100,,14150,4,0,20 21 23 24,1,100,,14158,4,0,20 21 23 24,1,100,,14146,4,0,20 21 23 24,1,100,,14159,4,0,20 21 23 24,1,100,,14160,4,0,20 21 23 24,1,100,,14149,4,0,20 21 23 24,1,100,,14151,4,0,20 21 23 24,1,100,,14147,4,0,20 21 23 24,1,100,,11661,4,0,20 21 23 24,1,100,,14154,4,0,20 21 23 24,1,100,,14155,4,0,20 21 23 24,1
5001,'10',1013,,14167,4,0,20 21 23 24,1,100,,14168,4,0,20 21 23 24,1,100,,14165,4,0,20 21 23 24,1,100,,14163,4,0,20 21 23 24,1,100,,14161,4,0,20 21 23 24,1,100,,14162,4,0,20 21 23 24,1,100,,14166,4,0,20 21 23 24,1,100,,14164,4,0,20 21 23 24,1
5001,'11',1013,,14170,4,0,20 21 23 24,1,100,,14175,4,0,20 21 23 24,1,100,,14173,4,0,20 21 23 24,1,100,,14176,4,0,20 21 23 24,1,100,,14169,4,0,20 21 23 24,1,100,,14172,4,0,20 21 23 24,1,100,,14174,4,0,20 21 23 24,1,100,,14171,4,0,20 21 23 24,1
5001,'2',713,,14191,4,0,11 2 23 24,1,100,,14181,4,0,11 2 23 24,1,100,,14177,4,0,11 2 23 24,1,100,,14188,4,0,11 2 23 24,1,100,,14178,4,0,11 2 23 24,1,100,,14184,4,0,11 2 23 24,1,100,,14192,4,0,11 2 23 24,1,100,,14186,4,0,11 2 23 24,1,100,,14189,4,0,11 2 23 24,1,100,,14187,4,0,11 2 23 24,1,100,,14190,4,0,20 21 23 24,1,100,,14179,4,0,20 21 23 24,1,100,,14185,4,0,20 21 23 24,1,100,,14183,4,0,20 21 23 24,1,100,,14182,4,0,20 21 23 24,1,100,,14180,4,0,20 21 23 24,1
5001,'3',713,,14204,4,0,11 2 23 24,1,100,,14196,4,0,11 2 23 24,1,100,,14208,4,0,11 2 23 24,1,100,,14205,4,0,11 2 23 24,1,100,,14200,4,0,11 2 23 24,1,100,,14201,4,0,11 2 23 24,1,100,,14206,4,0,11 2 23 24,1,100,,14197,4,0,11 2 23 24,1,100,,14194,4,0,11 2 23 24,1,100,,14202,4,0,11 2 23 24,1,100,,14198,4,0,20 21 23 24,1,100,,14193,4,0,20 21 23 24,1,100,,14203,4,0,20 21 23 24,1,100,,14199,4,0,20 21 23 24,1,100,,14195,4,0,20 21 23 24,1,100,,14207,4,0,20 21 23 24,1
5001,'4',713,,14212,4,0,11 2 23 24,1,100,,14223,4,0,11 2 23 24,1,100,,14219,4,0,11 2 23 24,1,100,,14217,4,0,11 2 23 24,1,100,,14222,4,0,11 2 23 24,1,100,,14221,4,0,11 2 23 24,1,100,,14209,4,0,11 2 23 24,1,100,,14224,4,0,11 2 23 24,1,100,,14210,4,0,11 2 23 24,1,100,,14211,4,0,11 2 23 24,1,100,,14213,4,0,20 21 23 24,1,100,,14218,4,0,20 21 23 24,1,100,,14220,4,0,20 21 23 24,1,100,,14214,4,0,20 21 23 24,1,100,,14216,4,0,20 21 23 24,1,100,,14215,4,0,20 21 23 24,1
5001,'5',713,,14237,4,0,20 21 23 24,1,100,,14233,4,0,20 21 23 24,1,100,,14229,4,0,20 21 23 24,1,100,,14225,4,0,20 21 23 24,1,100,,14230,4,0,20 21 23 24,1,100,,14239,4,0,20 21 23 24,1,100,,14231,4,0,20 21 23 24,1,100,,14235,4,0,20 21 23 24,1,100,,14232,4,0,20 21 23 24,1,100,,14240,4,0,20 21 23 24,1,100,,14228,4,0,20 21 23 24,1,100,,14227,4,0,20 21 23 24,1,100,,14226,4,0,20 21 23 24,1,100,,14238,4,0,20 21 23 24,1,100,,14234,4,0,20 21 23 24,1,100,,14236,4,0,20 21 23 24,1
5001,'6',1013,,14248,4,0,20 21 23 24,1,100,,14242,4,0,20 21 23 24,1,100,,14243,4,0,20 21 23 24,1,100,,14241,4,0,20 21 23 24,1,100,,14244,4,0,20 21 23 24,1,100,,14246,4,0,20 21 23 24,1,100,,14247,4,0,20 21 23 24,1,100,,14245,4,0,20 21 23 24,1
5001,'7',713,,14258,4,0,11 2 23 24,1,100,,14256,4,0,11 2 23 24,1,100,,14257,4,0,11 2 23 24,1,100,,14264,4,0,11 2 23 24,1,100,,14251,4,0,11 2 23 24,1,100,,14262,4,0,11 2 23 24,1,100,,14249,4,0,11 2 23 24,1,100,,14255,4,0,11 2 23 24,1,100,,14261,4,0,11 2 23 24,1,100,,14254,4,0,11 2 23 24,1,100,,14260,4,0,20 21 23 24,1,100,,14253,4,0,20 21 23 24,1,100,,14263,4,0,20 21 23 24,1,100,,14250,4,0,20 21 23 24,1,100,,14259,4,0,20 21 23 24,1,100,,14252,4,0,20 21 23 24,1
5001,'8',713,,14270,4,0,11 2 23 24,1,100,,14271,4,0,11 2 23 24,1,100,,14278,4,0,11 2 23 24,1,100,,14269,4,0,11 2 23 24,1,100,,14267,4,0,11 2 23 24,1,100,,14273,4,0,11 2 23 24,1,100,,14275,4,0,11 2 23 24,1,100,,14276,4,0,11 2 23 24,1,100,,14277,4,0,11 2 23 24,1,100,,14265,4,0,11 2 23 24,1,100,,14272,4,0,20 21 23 24,1,100,,14280,4,0,20 21 23 24,1,100,,14268,4,0,20 21 23 24,1,100,,14279,4,0,20 21 23 24,1,100,,14274,4,0,20 21 23 24,1,100,,14266,4,0,20 21 23 24,1
5001,'9',713,,14282,4,0,11 2 23 24,1,100,,14289,4,0,11 2 23 24,1,100,,14286,4,0,11 2 23 24,1,100,,14281,4,0,11 2 23 24,1,100,,14294,4,0,11 2 23 24,1,100,,14287,4,0,11 2 23 24,1,100,,14296,4,0,11 2 23 24,1,100,,14283,4,0,11 2 23 24,1,100,,14288,4,0,11 2 23 24,1,100,,14284,4,0,11 2 23 24,1,100,,14291,4,0,20 21 23 24,1,100,,14293,4,0,20 21 23 24,1,100,,14290,4,0,20 21 23 24,1,100,,14295,4,0,20 21 23 24,1,100,,14292,4,0,20 21 23 24,1,100,,14285,4,0,20 21 23 24,1
