2500,'1',719,,11794,12,0,26 27 28,1,100,,12296,12,0,26 27 28,1,100,,12297,12,0,26 27 28,1,100,,12302,12,0,26 27 28,1,100,,12301,12,0,26 27 28,1,100,,12310,12,0,26 27 28,1,100,,12308,12,0,26 27 28,1,100,,12306,12,0,26 27 28,1,100,,12299,12,0,26 27 28,1,100,,12309,12,0,26 27 28,1,100,,12307,12,0,26 27 28,1,100,,12300,12,0,26 27 28,1,100,,12298,12,0,26 27 28,1,100,,12305,12,0,26 27 28,1,100,,12303,12,0,26 27 28,1,100,,12304,12,0,26 27 28,1
2500,'10',1019,,12318,12,0,26 27 28,1,100,,12311,12,0,26 27 28,1,100,,12314,12,0,26 27 28,1,100,,12312,12,0,26 27 28,1,100,,12315,12,0,26 27 28,1,100,,12316,12,0,26 27 28,1,100,,12317,12,0,26 27 28,1,100,,12313,12,0,26 27 28,1
2500,'11',1019,,12324,12,0,26 27 28,1,100,,12325,12,0,26 27 28,1,100,,12322,12,0,26 27 28,1,100,,12323,12,0,26 27 28,1,100,,12319,12,0,26 27 28,1,100,,12320,12,0,26 27 28,1,100,,12321,12,0,26 27 28,1,100,,12326,12,0,26 27 28,1
2500,'2',719,,12330,12,0,26 27 28,1,100,,12329,12,0,26 27 28,1,100,,12334,12,0,26 27 28,1,100,,12335,12,0,26 27 28,1,100,,12337,12,0,26 27 28,1,100,,12333,12,0,26 27 28,1,100,,12341,12,0,26 27 28,1,100,,12328,12,0,26 27 28,1,100,,12339,12,0,26 27 28,1,100,,12331,12,0,26 27 28,1,100,,12338,12,0,26 27 28,1,100,,12340,12,0,26 27 28,1,100,,12332,12,0,26 27 28,1,100,,12327,12,0,26 27 28,1,100,,12342,12,0,26 27 28,1,100,,12336,12,0,26 27 28,1
2500,'3',719,,12351,12,0,26 27 28,1,100,,12356,12,0,26 27 28,1,100,,12353,12,0,26 27 28,1,100,,12350,12,0,26 27 28,1,100,,12355,12,0,26 27 28,1,100,,12354,12,0,26 27 28,1,100,,12348,12,0,26 27 28,1,100,,12352,12,0,26 27 28,1,100,,12344,12,0,26 27 28,1,100,,12345,12,0,26 27 28,1,100,,12357,12,0,26 27 28,1,100,,12358,12,0,26 27 28,1,100,,12346,12,0,26 27 28,1,100,,12343,12,0,26 27 28,1,100,,12349,12,0,26 27 28,1,100,,12347,12,0,26 27 28,1
2500,'4',719,,12367,12,0,26 27 28,1,100,,12373,12,0,26 27 28,1,100,,12359,12,0,26 27 28,1,100,,12370,12,0,26 27 28,1,100,,12364,12,0,26 27 28,1,100,,12372,12,0,26 27 28,1,100,,12362,12,0,26 27 28,1,100,,12371,12,0,26 27 28,1,100,,11778,12,0,26 27 28,1,100,,12363,12,0,26 27 28,1,100,,12360,12,0,26 27 28,1,100,,12368,12,0,26 27 28,1,100,,12369,12,0,26 27 28,1,100,,12361,12,0,26 27 28,1,100,,12366,12,0,26 27 28,1,100,,12365,12,0,26 27 28,1
2500,'5',719,,12376,12,0,26 27 28,1,100,,12383,12,0,26 27 28,1,100,,12377,12,0,26 27 28,1,100,,12380,12,0,26 27 28,1,100,,12386,12,0,26 27 28,1,100,,12375,12,0,26 27 28,1,100,,12381,12,0,26 27 28,1,100,,12382,12,0,26 27 28,1,100,,12384,12,0,26 27 28,1,100,,12389,12,0,26 27 28,1,100,,12379,12,0,26 27 28,1,100,,12387,12,0,26 27 28,1,100,,12378,12,0,26 27 28,1,100,,12374,12,0,26 27 28,1,100,,12385,12,0,26 27 28,1,100,,12388,12,0,26 27 28,1
2500,'6',1019,,12391,12,0,26 27 28,1,100,,12397,12,0,26 27 28,1,100,,12395,12,0,26 27 28,1,100,,12394,12,0,26 27 28,1,100,,12396,12,0,26 27 28,1,100,,12390,12,0,26 27 28,1,100,,12393,12,0,26 27 28,1,100,,12392,12,0,26 27 28,1
2500,'7',719,,12412,12,0,26 27 28,1,100,,12400,12,0,26 27 28,1,100,,12402,12,0,26 27 28,1,100,,12408,12,0,26 27 28,1,100,,12413,12,0,26 27 28,1,100,,12409,12,0,26 27 28,1,100,,12404,12,0,26 27 28,1,100,,12401,12,0,26 27 28,1,100,,12410,12,0,26 27 28,1,100,,12398,12,0,26 27 28,1,100,,12399,12,0,26 27 28,1,100,,12407,12,0,26 27 28,1,100,,12405,12,0,26 27 28,1,100,,12406,12,0,26 27 28,1,100,,12403,12,0,26 27 28,1,100,,12411,12,0,26 27 28,1
2500,'8',719,,12417,12,0,26 27 28,1,100,,12424,12,0,26 27 28,1,100,,12414,12,0,26 27 28,1,100,,12423,12,0,26 27 28,1,100,,12422,12,0,26 27 28,1,100,,12426,12,0,26 27 28,1,100,,12420,12,0,26 27 28,1,100,,12416,12,0,26 27 28,1,100,,12428,12,0,26 27 28,1,100,,12419,12,0,26 27 28,1,100,,12421,12,0,26 27 28,1,100,,12425,12,0,26 27 28,1,100,,12415,12,0,26 27 28,1,100,,12427,12,0,26 27 28,1,100,,12429,12,0,26 27 28,1,100,,12418,12,0,26 27 28,1
2500,'9',719,,12438,12,0,26 27 28,1,100,,12433,12,0,26 27 28,1,100,,12432,12,0,26 27 28,1,100,,12440,12,0,26 27 28,1,100,,12445,12,0,26 27 28,1,100,,12430,12,0,26 27 28,1,100,,12431,12,0,26 27 28,1,100,,12441,12,0,26 27 28,1,100,,12434,12,0,26 27 28,1,100,,12442,12,0,26 27 28,1,100,,12439,12,0,26 27 28,1,100,,12437,12,0,26 27 28,1,100,,12436,12,0,26 27 28,1,100,,12435,12,0,26 27 28,1,100,,12443,12,0,26 27 28,1,100,,12444,12,0,26 27 28,1
