2500,'1',708,,11794,9,0,26 27 28,1,100,,12296,9,0,26 27 28,1,100,,12297,9,0,26 27 28,1,100,,12302,9,0,26 27 28,1,100,,12301,9,0,26 27 28,1,100,,12310,9,0,26 27 28,1,100,,12308,9,0,26 27 28,1,100,,12306,9,0,26 27 28,1,100,,12299,9,0,26 27 28,1,100,,12309,9,0,26 27 28,1,100,,12307,9,0,26 27 28,1,100,,12300,9,0,26 27 28,1,100,,12298,9,0,26 27 28,1,100,,12305,9,0,26 27 28,1,100,,12303,9,0,26 27 28,1,100,,12304,9,0,26 27 28,1
2500,'10',1008,,12318,9,0,26 27 28,1,100,,12311,9,0,26 27 28,1,100,,12314,9,0,26 27 28,1,100,,12312,9,0,26 27 28,1,100,,12315,9,0,26 27 28,1,100,,12316,9,0,26 27 28,1,100,,12317,9,0,26 27 28,1,100,,12313,9,0,26 27 28,1
2500,'11',1008,,12324,9,0,26 27 28,1,100,,12325,9,0,26 27 28,1,100,,12322,9,0,26 27 28,1,100,,12323,9,0,26 27 28,1,100,,12319,9,0,26 27 28,1,100,,12320,9,0,26 27 28,1,100,,12321,9,0,26 27 28,1,100,,12326,9,0,26 27 28,1
2500,'2',708,,12330,9,0,26 27 28,1,100,,12329,9,0,26 27 28,1,100,,12334,9,0,26 27 28,1,100,,12335,9,0,26 27 28,1,100,,12337,9,0,26 27 28,1,100,,12333,9,0,26 27 28,1,100,,12341,9,0,26 27 28,1,100,,12328,9,0,26 27 28,1,100,,12339,9,0,26 27 28,1,100,,12331,9,0,26 27 28,1,100,,12338,9,0,26 27 28,1,100,,12340,9,0,26 27 28,1,100,,12332,9,0,26 27 28,1,100,,12327,9,0,26 27 28,1,100,,12342,9,0,26 27 28,1,100,,12336,9,0,26 27 28,1
2500,'3',708,,12351,9,0,26 27 28,1,100,,12356,9,0,26 27 28,1,100,,12353,9,0,26 27 28,1,100,,12350,9,0,26 27 28,1,100,,12355,9,0,26 27 28,1,100,,12354,9,0,26 27 28,1,100,,12348,9,0,26 27 28,1,100,,12352,9,0,26 27 28,1,100,,12344,9,0,26 27 28,1,100,,12345,9,0,26 27 28,1,100,,12357,9,0,26 27 28,1,100,,12358,9,0,26 27 28,1,100,,12346,9,0,26 27 28,1,100,,12343,9,0,26 27 28,1,100,,12349,9,0,26 27 28,1,100,,12347,9,0,26 27 28,1
2500,'4',708,,12367,9,0,26 27 28,1,100,,12373,9,0,26 27 28,1,100,,12359,9,0,26 27 28,1,100,,12370,9,0,26 27 28,1,100,,12364,9,0,26 27 28,1,100,,12372,9,0,26 27 28,1,100,,12362,9,0,26 27 28,1,100,,12371,9,0,26 27 28,1,100,,11778,9,0,26 27 28,1,100,,12363,9,0,26 27 28,1,100,,12360,9,0,26 27 28,1,100,,12368,9,0,26 27 28,1,100,,12369,9,0,26 27 28,1,100,,12361,9,0,26 27 28,1,100,,12366,9,0,26 27 28,1,100,,12365,9,0,26 27 28,1
2500,'5',708,,12376,9,0,26 27 28,1,100,,12383,9,0,26 27 28,1,100,,12377,9,0,26 27 28,1,100,,12380,9,0,26 27 28,1,100,,12386,9,0,26 27 28,1,100,,12375,9,0,26 27 28,1,100,,12381,9,0,26 27 28,1,100,,12382,9,0,26 27 28,1,100,,12384,9,0,26 27 28,1,100,,12389,9,0,26 27 28,1,100,,12379,9,0,26 27 28,1,100,,12387,9,0,26 27 28,1,100,,12378,9,0,26 27 28,1,100,,12374,9,0,26 27 28,1,100,,12385,9,0,26 27 28,1,100,,12388,9,0,26 27 28,1
2500,'6',1008,,12391,9,0,26 27 28,1,100,,12397,9,0,26 27 28,1,100,,12395,9,0,26 27 28,1,100,,12394,9,0,26 27 28,1,100,,12396,9,0,26 27 28,1,100,,12390,9,0,26 27 28,1,100,,12393,9,0,26 27 28,1,100,,12392,9,0,26 27 28,1
2500,'7',708,,12412,9,0,26 27 28,1,100,,12400,9,0,26 27 28,1,100,,12402,9,0,26 27 28,1,100,,12408,9,0,26 27 28,1,100,,12413,9,0,26 27 28,1,100,,12409,9,0,26 27 28,1,100,,12404,9,0,26 27 28,1,100,,12401,9,0,26 27 28,1,100,,12410,9,0,26 27 28,1,100,,12398,9,0,26 27 28,1,100,,12399,9,0,26 27 28,1,100,,12407,9,0,26 27 28,1,100,,12405,9,0,26 27 28,1,100,,12406,9,0,26 27 28,1,100,,12403,9,0,26 27 28,1,100,,12411,9,0,26 27 28,1
2500,'8',708,,12417,9,0,26 27 28,1,100,,12424,9,0,26 27 28,1,100,,12414,9,0,26 27 28,1,100,,12423,9,0,26 27 28,1,100,,12422,9,0,26 27 28,1,100,,12426,9,0,26 27 28,1,100,,12420,9,0,26 27 28,1,100,,12416,9,0,26 27 28,1,100,,12428,9,0,26 27 28,1,100,,12419,9,0,26 27 28,1,100,,12421,9,0,26 27 28,1,100,,12425,9,0,26 27 28,1,100,,12415,9,0,26 27 28,1,100,,12427,9,0,26 27 28,1,100,,12429,9,0,26 27 28,1,100,,12418,9,0,26 27 28,1
2500,'9',708,,12438,9,0,26 27 28,1,100,,12433,9,0,26 27 28,1,100,,12432,9,0,26 27 28,1,100,,12440,9,0,26 27 28,1,100,,12445,9,0,26 27 28,1,100,,12430,9,0,26 27 28,1,100,,12431,9,0,26 27 28,1,100,,12441,9,0,26 27 28,1,100,,12434,9,0,26 27 28,1,100,,12442,9,0,26 27 28,1,100,,12439,9,0,26 27 28,1,100,,12437,9,0,26 27 28,1,100,,12436,9,0,26 27 28,1,100,,12435,9,0,26 27 28,1,100,,12443,9,0,26 27 28,1,100,,12444,9,0,26 27 28,1
