2500,'1',722,,11794,17,0,26 27 28,1,100,,12296,17,0,26 27 28,1,100,,12297,17,0,26 27 28,1,100,,12302,17,0,26 27 28,1,100,,12301,17,0,26 27 28,1,100,,12310,17,0,26 27 28,1,100,,12308,17,0,26 27 28,1,100,,12306,17,0,26 27 28,1,100,,12299,17,0,26 27 28,1,100,,12309,17,0,26 27 28,1,100,,12307,17,0,26 27 28,1,100,,12300,17,0,26 27 28,1,100,,12298,17,0,26 27 28,1,100,,12305,17,0,26 27 28,1,100,,12303,17,0,26 27 28,1,100,,12304,17,0,26 27 28,1
2500,'10',1022,,12318,17,0,26 27 28,1,100,,12311,17,0,26 27 28,1,100,,12314,17,0,26 27 28,1,100,,12312,17,0,26 27 28,1,100,,12315,17,0,26 27 28,1,100,,12316,17,0,26 27 28,1,100,,12317,17,0,26 27 28,1,100,,12313,17,0,26 27 28,1
2500,'11',1022,,12324,17,0,26 27 28,1,100,,12325,17,0,26 27 28,1,100,,12322,17,0,26 27 28,1,100,,12323,17,0,26 27 28,1,100,,12319,17,0,26 27 28,1,100,,12320,17,0,26 27 28,1,100,,12321,17,0,26 27 28,1,100,,12326,17,0,26 27 28,1
2500,'2',722,,12330,17,0,26 27 28,1,100,,12329,17,0,26 27 28,1,100,,12334,17,0,26 27 28,1,100,,12335,17,0,26 27 28,1,100,,12337,17,0,26 27 28,1,100,,12333,17,0,26 27 28,1,100,,12341,17,0,26 27 28,1,100,,12328,17,0,26 27 28,1,100,,12339,17,0,26 27 28,1,100,,12331,17,0,26 27 28,1,100,,12338,17,0,26 27 28,1,100,,12340,17,0,26 27 28,1,100,,12332,17,0,26 27 28,1,100,,12327,17,0,26 27 28,1,100,,12342,17,0,26 27 28,1,100,,12336,17,0,26 27 28,1
2500,'3',722,,12351,17,0,26 27 28,1,100,,12356,17,0,26 27 28,1,100,,12353,17,0,26 27 28,1,100,,12350,17,0,26 27 28,1,100,,12355,17,0,26 27 28,1,100,,12354,17,0,26 27 28,1,100,,12348,17,0,26 27 28,1,100,,12352,17,0,26 27 28,1,100,,12344,17,0,26 27 28,1,100,,12345,17,0,26 27 28,1,100,,12357,17,0,26 27 28,1,100,,12358,17,0,26 27 28,1,100,,12346,17,0,26 27 28,1,100,,12343,17,0,26 27 28,1,100,,12349,17,0,26 27 28,1,100,,12347,17,0,26 27 28,1
2500,'4',722,,12367,17,0,26 27 28,1,100,,12373,17,0,26 27 28,1,100,,12359,17,0,26 27 28,1,100,,12370,17,0,26 27 28,1,100,,12364,17,0,26 27 28,1,100,,12372,17,0,26 27 28,1,100,,12362,17,0,26 27 28,1,100,,12371,17,0,26 27 28,1,100,,11778,17,0,26 27 28,1,100,,12363,17,0,26 27 28,1,100,,12360,17,0,26 27 28,1,100,,12368,17,0,26 27 28,1,100,,12369,17,0,26 27 28,1,100,,12361,17,0,26 27 28,1,100,,12366,17,0,26 27 28,1,100,,12365,17,0,26 27 28,1
2500,'5',722,,12376,17,0,26 27 28,1,100,,12383,17,0,26 27 28,1,100,,12377,17,0,26 27 28,1,100,,12380,17,0,26 27 28,1,100,,12386,17,0,26 27 28,1,100,,12375,17,0,26 27 28,1,100,,12381,17,0,26 27 28,1,100,,12382,17,0,26 27 28,1,100,,12384,17,0,26 27 28,1,100,,12389,17,0,26 27 28,1,100,,12379,17,0,26 27 28,1,100,,12387,17,0,26 27 28,1,100,,12378,17,0,26 27 28,1,100,,12374,17,0,26 27 28,1,100,,12385,17,0,26 27 28,1,100,,12388,17,0,26 27 28,1
2500,'6',1022,,12391,17,0,26 27 28,1,100,,12397,17,0,26 27 28,1,100,,12395,17,0,26 27 28,1,100,,12394,17,0,26 27 28,1,100,,12396,17,0,26 27 28,1,100,,12390,17,0,26 27 28,1,100,,12393,17,0,26 27 28,1,100,,12392,17,0,26 27 28,1
2500,'7',722,,12412,17,0,26 27 28,1,100,,12400,17,0,26 27 28,1,100,,12402,17,0,26 27 28,1,100,,12408,17,0,26 27 28,1,100,,12413,17,0,26 27 28,1,100,,12409,17,0,26 27 28,1,100,,12404,17,0,26 27 28,1,100,,12401,17,0,26 27 28,1,100,,12410,17,0,26 27 28,1,100,,12398,17,0,26 27 28,1,100,,12399,17,0,26 27 28,1,100,,12407,17,0,26 27 28,1,100,,12405,17,0,26 27 28,1,100,,12406,17,0,26 27 28,1,100,,12403,17,0,26 27 28,1,100,,12411,17,0,26 27 28,1
2500,'8',722,,12417,17,0,26 27 28,1,100,,12424,17,0,26 27 28,1,100,,12414,17,0,26 27 28,1,100,,12423,17,0,26 27 28,1,100,,12422,17,0,26 27 28,1,100,,12426,17,0,26 27 28,1,100,,12420,17,0,26 27 28,1,100,,12416,17,0,26 27 28,1,100,,12428,17,0,26 27 28,1,100,,12419,17,0,26 27 28,1,100,,12421,17,0,26 27 28,1,100,,12425,17,0,26 27 28,1,100,,12415,17,0,26 27 28,1,100,,12427,17,0,26 27 28,1,100,,12429,17,0,26 27 28,1,100,,12418,17,0,26 27 28,1
2500,'9',722,,12438,17,0,26 27 28,1,100,,12433,17,0,26 27 28,1,100,,12432,17,0,26 27 28,1,100,,12440,17,0,26 27 28,1,100,,12445,17,0,26 27 28,1,100,,12430,17,0,26 27 28,1,100,,12431,17,0,26 27 28,1,100,,12441,17,0,26 27 28,1,100,,12434,17,0,26 27 28,1,100,,12442,17,0,26 27 28,1,100,,12439,17,0,26 27 28,1,100,,12437,17,0,26 27 28,1,100,,12436,17,0,26 27 28,1,100,,12435,17,0,26 27 28,1,100,,12443,17,0,26 27 28,1,100,,12444,17,0,26 27 28,1
