3400,'12',736,,8672,5,4,,1,170,,8668,5,4,,1,130,,8670,5,4,,1,170,,8673,5,4,,1,130,,8675,5,4,,1,170,,8669,5,4,,1,130,,8671,5,4,,1,170,,8674,5,4,,1,130,,8677,5,4,,1,170,,8676,5,4,,1
3400,'6',1036,,8679,5,4,,1,170,,8681,5,4,,1,130,,8683,5,4,,1,170,,8678,5,4,,1,130,,8680,5,4,,1,170,,8682,5,4,,1,130,,8685,5,4,,1,170,,8684,5,4,,1
3401,'12',745,,8692,1,0,5 6 7 8 2 7 10,1,170,,8694,1,0,5 6 7 8 2 7 10,1,130,,8687,1,0,5 6 7 8 2 7 10,1,170,,8691,1,0,5 6 7 8 2 7 10,1,130,,8690,1,0,5 6 7 8 2 7 10,1,170,,8693,1,0,5 6 7 8 2 7 10,1,130,,8688,1,0,5 6 7 8 2 7 10,1,170,,8689,1,0,5 6 7 8 2 7 10,1,130,,8686,1,0,5 6 7 8 2 7 10,1,170,,8695,1,0,5 6 7 8 2 7 10,1
3401,'6',1045,,8697,1,0,5 6 7 8 2 7 10,1,170,,8701,1,0,5 6 7 8 2 7 10,1,130,,8700,1,0,5 6 7 8 2 7 10,1,170,,8702,1,0,5 6 7 8 2 7 10,1,130,,8698,1,0,5 6 7 8 2 7 10,1,170,,8699,1,0,5 6 7 8 2 7 10,1,130,,8696,1,0,5 6 7 8 2 7 10,1,170,,8703,1,0,5 6 7 8 2 7 10,1
4001,'1',719,,8712,3,0,20 21 29 24,1,100,,8708,3,0,20 21 29 24,1,100,,8717,3,0,20 21 29 24,1,100,,8715,3,0,20 21 29 24,1,100,,8710,3,0,20 21 29 24,1,100,,8707,3,0,20 21 29 24,1,100,,8714,3,0,20 21 29 24,1,100,,8706,3,0,20 21 29 24,1,100,,8705,3,0,20 21 29 24,1,100,,8709,3,0,20 21 29 24,1,100,,8716,3,0,20 21 29 24,1,100,,8718,3,0,20 21 29 24,1,100,,8711,3,0,20 21 29 24,1,100,,8713,3,0,20 21 29 24,1,100,,8704,3,0,20 21 29 24,1,100,,8719,3,0,20 21 29 24,1
4001,'11',719,,8728,3,0,20 21 29 24,1,100,,8724,3,0,20 21 29 24,1,100,,8733,3,0,20 21 29 24,1,100,,8731,3,0,20 21 29 24,1,100,,8726,3,0,20 21 29 24,1,100,,8723,3,0,20 21 29 24,1,100,,8730,3,0,20 21 29 24,1,100,,8722,3,0,20 21 29 24,1,100,,8721,3,0,20 21 29 24,1,100,,8725,3,0,20 21 29 24,1,100,,8732,3,0,20 21 29 24,1,100,,8734,3,0,20 21 29 24,1,100,,8727,3,0,20 21 29 24,1,100,,8729,3,0,20 21 29 24,1,100,,8720,3,0,20 21 29 24,1,100,,8735,3,0,20 21 29 24,1
4001,'12',719,,8829,3,4,,1,1,,8797,1,,,1,19,,8765,3,4,,1,1,,8819,1,,,1,19,,8748,3,4,,1,41,,8790,1,,,1,19,,8840,3,4,,1,1,,8785,1,,,1,19,,8808,3,4,,1,1,,8792,1,,,1,19,,8780,3,4,,1,41,,8800,1,,,1,19,,8758,3,4,,1,1,,8769,1,,,1,19,,8777,3,4,,1,1,,8796,1,,,1,19,,8737,3,4,,1,41,,8820,1,,,1,19,,8837,3,4,,1,1,,8770,1,,,1,19,,8839,3,4,,1,1,,8757,1,,,1,19,,8826,3,4,,1,41,,8799,1,,,1,19,,8823,3,4,,1,1,,8740,1,,,1,19,,8739,3,4,,1,1,,8810,1,,,1,19,,8752,3,4,,1,41,,8807,1,,,1,19,,8750,3,4,,1,1,,8779,1,,,1,19,,8747,3,4,,1,1,,8841,1,,,1,19,,8842,3,4,,1,41,,8843,1,,,1,19,,8771,3,4,,1,1,,8791,1,,,1,19,,8742,3,4,,1,1,,8831,1,,,1,19,,8836,3,4,,1,41,,8746,1,,,1,19,,8755,3,4,,1,1,,8801,1,,,1,19,,8773,3,4,,1,1,,8825,1,,,1,19,,8760,3,4,,1,41,,8805,1,,,1,19,,8736,3,4,,1,1,,8776,1,,,1,19,,8781,3,4,,1,1,,8794,1,,,1,19,,8834,3,4,,1,41,,8789,1,,,1,19,,8744,3,4,,1,1,,8824,1,,,1,19,,8784,3,4,,1,1,,8745,1,,,1,19,,8818,3,4,,1,41,,8827,1,,,1,19,,8786,3,4,,1,1,,8809,1,,,1,19,,8821,3,4,,1,1,,8806,1,,,1,19,,8788,3,4,,1,41,,8759,1,,,1,19,,8754,3,4,,1,1,,8793,1,,,1,19,,8751,3,4,,1,1,,8749,1,,,1,19,,8803,3,4,,1,41,,8753,1,,,1,19,,8763,3,4,,1,1,,8756,1,,,1,19,,8774,3,4,,1,1,,8767,1,,,1,19,,8738,3,4,,1,41,,8814,1,,,1,19,,8835,3,4,,1,1,,8804,1,,,1,19,,8783,3,4,,1,1,,8761,1,,,1,19,,8766,3,4,,1,41,,8822,1,,,1,19,,8832,3,4,,1,1,,8764,1,,,1,19,,8798,3,4,,1,1,,8743,1,,,1,19,,8772,3,4,,1,41,,8830,1,,,1,19,,8828,3,4,,1,1,,8838,1,,,1,19,,8833,3,4,,1,1,,8768,1,,,1
4001,'13',719,,8915,3,4,,1,1,,8890,1,,,1,19,,8863,3,4,,1,1,,8906,1,,,1,19,,8855,3,4,,1,41,,8882,1,,,1,19,,8921,3,4,,1,1,,8878,1,,,1,19,,8897,3,4,,1,1,,8884,1,,,1,19,,8874,3,4,,1,41,,7304,1,,,1,19,,8861,3,4,,1,1,,8865,1,,,1,19,,8871,3,4,,1,1,,7794,1,,,1,19,,8847,3,4,,1,41,,8907,1,,,1,19,,8919,3,4,,1,1,,8866,1,,,1,19,,8920,3,4,,1,1,,8860,1,,,1,19,,8913,3,4,,1,41,,8891,1,,,1,19,,8909,3,4,,1,1,,8849,1,,,1,19,,8848,3,4,,1,1,,8899,1,,,1,19,,8857,3,4,,1,41,,8896,1,,,1,19,,8856,3,4,,1,1,,8873,1,,,1,19,,8854,3,4,,1,1,,8922,1,,,1,19,,8923,3,4,,1,41,,8924,1,,,1,19,,8867,3,4,,1,1,,8883,1,,,1,19,,8850,3,4,,1,1,,8916,1,,,1,19,,8918,3,4,,1,41,,8853,1,,,1,19,,8859,3,4,,1,1,,8892,1,,,1,19,,8868,3,4,,1,1,,8911,1,,,1,19,,8927,3,4,,1,41,,8894,1,,,1,19,,8846,3,4,,1,1,,8870,1,,,1,19,,8864,3,4,,1,1,,8886,1,,,1,19,,8917,3,4,,1,41,,8881,1,,,1,19,,8851,3,4,,1,1,,8910,1,,,1,19,,8877,3,4,,1,1,,8852,1,,,1,19,,8905,3,4,,1,41,,8914,1,,,1,19,,8879,3,4,,1,1,,8898,1,,,1,19,,8908,3,4,,1,1,,8895,1,,,1,19,,8880,3,4,,1,41,,8862,1,,,1,19,,8858,3,4,,1,1,,8885,1,,,1,99,,8900,3,0,20 21 29 24,1,100,,8889,3,0,20 21 29 24,1,100,,8893,3,0,20 21 29 24,1,100,,8869,3,0,20 21 29 24,1
4001,'16',719,,8936,3,0,20 21 29 24,1,100,,8932,3,0,20 21 29 24,1,100,,8941,3,0,20 21 29 24,1,100,,8939,3,0,20 21 29 24,1,100,,8934,3,0,20 21 29 24,1,100,,8931,3,0,20 21 29 24,1,100,,8938,3,0,20 21 29 24,1,100,,8930,3,0,20 21 29 24,1,100,,8929,3,0,20 21 29 24,1,100,,8933,3,0,20 21 29 24,1,100,,8940,3,0,20 21 29 24,1,100,,8942,3,0,20 21 29 24,1,100,,8935,3,0,20 21 29 24,1,100,,8937,3,0,20 21 29 24,1,100,,8928,3,0,20 21 29 24,1,100,,8943,3,0,20 21 29 24,1
4001,'3',719,,9013,3,4,,1,1,,8988,1,,,1,19,,8963,3,4,,1,1,,9005,1,,,1,19,,8954,3,4,,1,41,,8982,1,,,1,19,,9019,3,4,,1,1,,8977,1,,,1,19,,8995,3,4,,1,1,,8984,1,,,1,19,,8974,3,4,,1,41,,7401,1,,,1,19,,8960,3,4,,1,1,,8965,1,,,1,19,,8971,3,4,,1,1,,7860,1,,,1,19,,8945,3,4,,1,41,,9006,1,,,1,19,,9017,3,4,,1,1,,8966,1,,,1,19,,9018,3,4,,1,1,,8959,1,,,1,19,,9011,3,4,,1,41,,8989,1,,,1,19,,9008,3,4,,1,1,,8947,1,,,1,19,,8946,3,4,,1,1,,8997,1,,,1,19,,8956,3,4,,1,41,,8994,1,,,1,19,,8955,3,4,,1,1,,8973,1,,,1,19,,8953,3,4,,1,1,,9020,1,,,1,19,,9021,3,4,,1,41,,9022,1,,,1,19,,8967,3,4,,1,1,,8983,1,,,1,19,,8949,3,4,,1,1,,9014,1,,,1,19,,9016,3,4,,1,41,,8952,1,,,1,19,,8958,3,4,,1,1,,8990,1,,,1,19,,8968,3,4,,1,1,,9010,1,,,1,19,,9025,3,4,,1,41,,8992,1,,,1,19,,8944,3,4,,1,1,,8970,1,,,1,19,,8964,3,4,,1,1,,8986,1,,,1,19,,9015,3,4,,1,41,,8981,1,,,1,19,,8950,3,4,,1,1,,9009,1,,,1,19,,8976,3,4,,1,1,,8951,1,,,1,19,,9004,3,4,,1,41,,9012,1,,,1,19,,8978,3,4,,1,1,,8996,1,,,1,19,,9007,3,4,,1,1,,8993,1,,,1,19,,8980,3,4,,1,41,,8961,1,,,1,19,,8957,3,4,,1,1,,8985,1,,,1,99,,8998,3,0,20 21 29 24,1,100,,8987,3,0,20 21 29 24,1,100,,8991,3,0,20 21 29 24,1,100,,8969,3,0,20 21 29 24,1
4001,'6',719,,9119,3,4,,1,1,,9087,1,,,1,19,,9053,3,4,,1,1,,9108,1,,,1,19,,9037,3,4,,1,41,,9078,1,,,1,19,,9130,3,4,,1,1,,9074,1,,,1,19,,9098,3,4,,1,1,,9080,1,,,1,19,,9068,3,4,,1,41,,9090,1,,,1,19,,9047,3,4,,1,1,,9057,1,,,1,19,,9065,3,4,,1,1,,9086,1,,,1,19,,9027,3,4,,1,41,,9109,1,,,1,19,,9127,3,4,,1,1,,9058,1,,,1,19,,9129,3,4,,1,1,,9046,1,,,1,19,,9116,3,4,,1,41,,9089,1,,,1,19,,9112,3,4,,1,1,,9030,1,,,1,19,,9029,3,4,,1,1,,9100,1,,,1,19,,9041,3,4,,1,41,,9097,1,,,1,19,,9039,3,4,,1,1,,9067,1,,,1,19,,9036,3,4,,1,1,,9131,1,,,1,19,,9132,3,4,,1,41,,9133,1,,,1,19,,9059,3,4,,1,1,,9079,1,,,1,19,,9031,3,4,,1,1,,9121,1,,,1,19,,9126,3,4,,1,41,,9035,1,,,1,19,,9044,3,4,,1,1,,9091,1,,,1,19,,9061,3,4,,1,1,,9114,1,,,1,19,,9049,3,4,,1,41,,9095,1,,,1,19,,9026,3,4,,1,1,,9064,1,,,1,19,,9069,3,4,,1,1,,9082,1,,,1,19,,9124,3,4,,1,41,,9077,1,,,1,19,,9033,3,4,,1,1,,9113,1,,,1,19,,9073,3,4,,1,1,,9034,1,,,1,19,,9107,3,4,,1,41,,9117,1,,,1,19,,9075,3,4,,1,1,,9099,1,,,1,19,,9110,3,4,,1,1,,9096,1,,,1,19,,9076,3,4,,1,41,,9048,1,,,1,19,,9043,3,4,,1,1,,9081,1,,,1,19,,9040,3,4,,1,1,,9038,1,,,1,19,,9093,3,4,,1,41,,9042,1,,,1,19,,9051,3,4,,1,1,,9045,1,,,1,19,,9062,3,4,,1,1,,9055,1,,,1,19,,9028,3,4,,1,41,,9103,1,,,1,19,,9125,3,4,,1,1,,9094,1,,,1,19,,9071,3,4,,1,1,,9050,1,,,1,19,,9054,3,4,,1,41,,9111,1,,,1,19,,9122,3,4,,1,1,,9052,1,,,1,19,,9088,3,4,,1,1,,9032,1,,,1,19,,9060,3,4,,1,41,,9120,1,,,1,19,,9118,3,4,,1,1,,9128,1,,,1,19,,9123,3,4,,1,1,,9056,1,,,1
4501,'1',732,,9137,5,0,20 21 30 12,1,100,,9146,5,0,20 21 30 12,1,100,,9136,5,0,20 21 30 12,1,100,,9151,5,0,20 21 30 12,1,100,,9139,5,0,20 21 30 12,1,100,,9140,5,0,20 21 30 12,1,100,,9149,5,0,20 21 30 12,1,100,,9142,5,0,20 21 30 12,1,100,,9147,5,0,20 21 30 12,1,100,,9143,5,0,20 21 30 12,1,100,,9141,5,0,20 21 30 12,1,100,,9138,5,0,20 21 30 12,1,100,,9145,5,0,20 21 30 12,1,100,,9144,5,0,20 21 30 12,1,100,,9150,5,0,20 21 30 12,1,100,,9148,5,0,20 21 30 12,1
4501,'11',732,,9153,5,0,20 21 30 12,1,100,,9162,5,0,20 21 30 12,1,100,,9152,5,0,20 21 30 12,1,100,,9167,5,0,20 21 30 12,1,100,,9155,5,0,20 21 30 12,1,100,,9156,5,0,20 21 30 12,1,100,,9165,5,0,20 21 30 12,1,100,,9158,5,0,20 21 30 12,1,100,,9163,5,0,20 21 30 12,1,100,,9159,5,0,20 21 30 12,1,100,,9157,5,0,20 21 30 12,1,100,,9154,5,0,20 21 30 12,1,100,,9161,5,0,20 21 30 12,1,100,,9160,5,0,20 21 30 12,1,100,,9166,5,0,20 21 30 12,1,100,,9164,5,0,20 21 30 12,1
4501,'12',711,,9196,2,4,,1,14,,9239,1,0,18 19 16 17,1,6,,9237,2,4,,1,1,,9170,3,0,11 2 5 12,1,13,,9255,1,0,18 19 16 17,1,6,,9191,2,4,,1,54,,9201,1,0,18 19 16 17,1,6,,9225,2,4,,1,14,,9216,1,0,18 19 16 17,1,6,,9197,2,4,,1,1,,9276,3,0,11 2 5 12,1,13,,9248,1,0,18 19 16 17,1,6,,9188,2,4,,1,54,,9177,1,0,18 19 16 17,1,6,,9249,2,4,,1,14,,9179,1,0,18 19 16 17,1,6,,9175,2,4,,1,1,,9209,3,0,11 2 5 12,1,13,,9181,1,0,18 19 16 17,1,6,,9228,2,4,,1,54,,9273,1,0,18 19 16 17,1,6,,9173,2,4,,1,14,,9210,1,0,18 19 16 17,1,6,,9259,2,4,,1,1,,9243,3,0,11 2 5 12,1,13,,9214,1,0,18 19 16 17,1,6,,9235,2,4,,1,54,,9258,1,0,18 19 16 17,1,6,,9202,2,4,,1,14,,9221,1,0,18 19 16 17,1,6,,9183,2,4,,1,1,,9182,3,0,11 2 5 12,1,13,,9223,1,0,18 19 16 17,1,6,,9234,2,4,,1,54,,9174,1,0,18 19 16 17,1,6,,9233,2,4,,1,14,,9254,1,0,18 19 16 17,1,6,,9212,2,4,,1,1,,9268,3,0,11 2 5 12,1,13,,9263,1,0,18 19 16 17,1,6,,9185,2,4,,1,54,,9217,1,0,18 19 16 17,1,6,,9265,2,4,,1,14,,9186,1,0,18 19 16 17,1,6,,9222,2,4,,1,1,,9168,3,0,11 2 5 12,1,13,,9241,1,0,18 19 16 17,1,6,,9192,2,4,,1,54,,9266,1,0,18 19 16 17,1,6,,9199,2,4,,1,14,,9195,1,0,18 19 16 17,1,6,,9189,2,4,,1,1,,9172,3,0,11 2 5 12,1,13,,9247,1,0,18 19 16 17,1,6,,9269,2,4,,1,54,,9262,1,0,18 19 16 17,1,6,,9260,2,4,,1,14,,9169,1,0,18 19 16 17,1,6,,9211,2,4,,1,1,,9198,3,0,11 2 5 12,1,13,,9253,1,0,18 19 16 17,1,6,,9208,2,4,,1,54,,9207,1,0,18 19 16 17,1,6,,9275,2,4,,1,14,,9184,1,0,18 19 16 17,1,6,,9246,2,4,,1,1,,9250,3,0,11 2 5 12,1,13,,9180,1,0,18 19 16 17,1,6,,9240,2,4,,1,54,,9267,1,0,18 19 16 17,1,6,,9232,2,4,,1,14,,9218,1,0,18 19 16 17,1,6,,9245,2,4,,1,1,,9256,3,0,11 2 5 12,1,13,,9204,1,0,18 19 16 17,1,6,,9187,2,4,,1,54,,9206,1,0,18 19 16 17,1,6,,9231,2,4,,1,14,,9236,1,0,18 19 16 17,1,6,,9257,2,4,,1,1,,9194,5,0,20 21 30 12,1,13,,9272,1,0,18 19 16 17,1,6,,9238,2,4,,1,54,,9261,1,0,18 19 16 17,1,6,,9219,2,4,,1,14,,9270,1,0,18 19 16 17,1,6,,9226,2,4,,1,1,,9193,5,0,20 21 30 12,1,13,,9252,1,0,18 19 16 17,1,6,,9200,2,4,,1,54,,9230,1,0,18 19 16 17,1,6,,9213,2,4,,1,14,,9251,1,0,18 19 16 17,1,6,,9178,2,4,,1,1,,9227,5,0,20 21 30 12,1,13,,9244,1,0,18 19 16 17,1,6,,9171,2,4,,1,54,,9190,1,0,18 19 16 17,1,6,,9220,2,4,,1,14,,9264,1,0,18 19 16 17,1,6,,9176,2,4,,1,1,,9215,5,0,20 21 30 12,1,13,,9205,1,0,18 19 16 17,1,6,,9274,2,4,,1,54,,9277,1,0,18 19 16 17,1,6,,9271,2,4,,1,14,,9203,1,0,18 19 16 17,1,6,,9242,2,4,,1,1,,9224,5,0,20 21 30 12,1,13,,9229,1,0,18 19 16 17,1
4501,'13',711,,9301,2,4,,1,14,,9333,1,0,18 19 16 17,1,6,,9332,2,4,,1,1,,9337,3,0,11 2 5 12,1,13,,9345,1,0,18 19 16 17,1,6,,9296,2,4,,1,54,,9304,1,0,18 19 16 17,1,6,,9323,2,4,,1,14,,9316,1,0,18 19 16 17,1,6,,9302,2,4,,1,1,,9358,3,0,11 2 5 12,1,13,,9341,1,0,18 19 16 17,1,6,,9294,2,4,,1,54,,9284,1,0,18 19 16 17,1,6,,7654,2,4,,1,14,,9285,1,0,18 19 16 17,1,6,,9283,2,4,,1,1,,9309,3,0,11 2 5 12,1,13,,9287,1,0,18 19 16 17,1,6,,9325,2,4,,1,54,,9356,1,0,18 19 16 17,1,6,,9281,2,4,,1,14,,9311,1,0,18 19 16 17,1,6,,9348,2,4,,1,1,,9336,3,0,11 2 5 12,1,13,,9314,1,0,18 19 16 17,1,6,,9330,2,4,,1,54,,9347,1,0,18 19 16 17,1,6,,9305,2,4,,1,14,,9319,1,0,18 19 16 17,1,6,,9288,2,4,,1,1,,9291,3,0,11 2 5 12,1,13,,9321,1,0,18 19 16 17,1,6,,9329,2,4,,1,54,,9282,1,0,18 19 16 17,1,6,,9328,2,4,,1,14,,9344,1,0,18 19 16 17,1,6,,9313,2,4,,1,1,,9354,3,0,11 2 5 12,1,13,,9350,1,0,18 19 16 17,1,6,,9290,2,4,,1,54,,9317,1,0,18 19 16 17,1,6,,9351,2,4,,1,14,,9292,1,0,18 19 16 17,1,6,,9320,2,4,,1,1,,7270,3,0,11 2 5 12,1,13,,9335,1,0,18 19 16 17,1,6,,9297,2,4,,1,54,,9352,1,0,18 19 16 17,1,6,,9303,2,4,,1,14,,9300,1,0,18 19 16 17,1,6,,9295,2,4,,1,1,,9279,3,0,11 2 5 12,1,13,,9340,1,0,18 19 16 17,1,6,,9355,2,4,,1,54,,9342,1,0,18 19 16 17,1,6,,9349,2,4,,1,14,,9278,1,0,18 19 16 17,1,6,,9312,2,4,,1,1,,8137,3,0,11 2 5 12,1,13,,9280,1,0,18 19 16 17,1,6,,9310,2,4,,1,54,,9308,1,0,18 19 16 17,1,6,,9357,2,4,,1,14,,9289,1,0,18 19 16 17,1,6,,9339,2,4,,1,1,,9343,3,0,11 2 5 12,1,13,,9286,1,0,18 19 16 17,1,6,,9334,2,4,,1,54,,9353,1,0,18 19 16 17,1,6,,9327,2,4,,1,14,,9318,1,0,18 19 16 17,1,6,,9338,2,4,,1,1,,9346,3,0,11 2 5 12,1,13,,9306,1,0,18 19 16 17,1,6,,9293,2,4,,1,54,,9307,1,0,18 19 16 17,1,6,,9326,2,4,,1,14,,9331,1,0,18 19 16 17,1,7,,9299,5,0,20 21 30 12,1,100,,9298,5,0,20 21 30 12,1,100,,9324,5,0,20 21 30 12,1,100,,9315,5,0,20 21 30 12,1,100,,9322,5,0,20 21 30 12,1
4501,'16',732,,9360,5,0,20 21 30 12,1,100,,9369,5,0,20 21 30 12,1,100,,9359,5,0,20 21 30 12,1,100,,9374,5,0,20 21 30 12,1,100,,9362,5,0,20 21 30 12,1,100,,9363,5,0,20 21 30 12,1,100,,9372,5,0,20 21 30 12,1,100,,9365,5,0,20 21 30 12,1,100,,9370,5,0,20 21 30 12,1,100,,9366,5,0,20 21 30 12,1,100,,9364,5,0,20 21 30 12,1,100,,9361,5,0,20 21 30 12,1,100,,9368,5,0,20 21 30 12,1,100,,9367,5,0,20 21 30 12,1,100,,9373,5,0,20 21 30 12,1,100,,9371,5,0,20 21 30 12,1
4501,'3',711,,9400,2,4,,1,14,,9432,1,0,18 19 16 17,1,6,,9431,2,4,,1,1,,9377,3,0,11 2 5 12,1,13,,9443,1,0,18 19 16 17,1,6,,9395,2,4,,1,54,,9403,1,0,18 19 16 17,1,6,,9422,2,4,,1,14,,9415,1,0,18 19 16 17,1,6,,9401,2,4,,1,1,,9456,3,0,11 2 5 12,1,13,,9439,1,0,18 19 16 17,1,6,,9393,2,4,,1,54,,9383,1,0,18 19 16 17,1,6,,7685,2,4,,1,14,,9384,1,0,18 19 16 17,1,6,,9382,2,4,,1,1,,9409,3,0,11 2 5 12,1,13,,9386,1,0,18 19 16 17,1,6,,9424,2,4,,1,54,,9454,1,0,18 19 16 17,1,6,,9380,2,4,,1,14,,9410,1,0,18 19 16 17,1,6,,9446,2,4,,1,1,,9435,3,0,11 2 5 12,1,13,,9413,1,0,18 19 16 17,1,6,,9429,2,4,,1,54,,9445,1,0,18 19 16 17,1,6,,9404,2,4,,1,14,,9418,1,0,18 19 16 17,1,6,,9388,2,4,,1,1,,9387,3,0,11 2 5 12,1,13,,9420,1,0,18 19 16 17,1,6,,9428,2,4,,1,54,,9381,1,0,18 19 16 17,1,6,,9427,2,4,,1,14,,9442,1,0,18 19 16 17,1,6,,9412,2,4,,1,1,,9452,3,0,11 2 5 12,1,13,,9448,1,0,18 19 16 17,1,6,,9390,2,4,,1,54,,9416,1,0,18 19 16 17,1,6,,9449,2,4,,1,14,,9391,1,0,18 19 16 17,1,6,,9419,2,4,,1,1,,9375,3,0,11 2 5 12,1,13,,9434,1,0,18 19 16 17,1,6,,9396,2,4,,1,54,,9450,1,0,18 19 16 17,1,6,,9402,2,4,,1,14,,9399,1,0,18 19 16 17,1,6,,9394,2,4,,1,1,,9378,3,0,11 2 5 12,1,13,,9438,1,0,18 19 16 17,1,6,,9453,2,4,,1,54,,9440,1,0,18 19 16 17,1,6,,9447,2,4,,1,14,,9376,1,0,18 19 16 17,1,6,,9411,2,4,,1,1,,8185,3,0,11 2 5 12,1,13,,9379,1,0,18 19 16 17,1,6,,9408,2,4,,1,54,,9407,1,0,18 19 16 17,1,6,,9455,2,4,,1,14,,9389,1,0,18 19 16 17,1,6,,9437,2,4,,1,1,,9441,3,0,11 2 5 12,1,13,,9385,1,0,18 19 16 17,1,6,,9433,2,4,,1,54,,9451,1,0,18 19 16 17,1,6,,9426,2,4,,1,14,,9417,1,0,18 19 16 17,1,6,,9436,2,4,,1,1,,9444,3,0,11 2 5 12,1,13,,9405,1,0,18 19 16 17,1,6,,9392,2,4,,1,54,,9406,1,0,18 19 16 17,1,6,,9425,2,4,,1,14,,9430,1,0,18 19 16 17,1,7,,9398,5,0,20 21 30 12,1,100,,9397,5,0,20 21 30 12,1,100,,9423,5,0,20 21 30 12,1,100,,9414,5,0,20 21 30 12,1,100,,9421,5,0,20 21 30 12,1
4501,'6',711,,9484,2,4,,1,14,,9527,1,0,18 19 16 17,1,6,,9525,2,4,,1,1,,9532,3,0,11 2 5 12,1,13,,9544,1,0,18 19 16 17,1,6,,9479,2,4,,1,54,,9489,1,0,18 19 16 17,1,6,,9513,2,4,,1,14,,9504,1,0,18 19 16 17,1,6,,9485,2,4,,1,1,,9565,3,0,11 2 5 12,1,13,,9537,1,0,18 19 16 17,1,6,,9476,2,4,,1,54,,9464,1,0,18 19 16 17,1,6,,9538,2,4,,1,14,,9466,1,0,18 19 16 17,1,6,,9462,2,4,,1,1,,9496,3,0,11 2 5 12,1,13,,9468,1,0,18 19 16 17,1,6,,9516,2,4,,1,54,,9562,1,0,18 19 16 17,1,6,,9460,2,4,,1,14,,9498,1,0,18 19 16 17,1,6,,9548,2,4,,1,1,,9531,3,0,11 2 5 12,1,13,,9502,1,0,18 19 16 17,1,6,,9523,2,4,,1,54,,9547,1,0,18 19 16 17,1,6,,9490,2,4,,1,14,,9509,1,0,18 19 16 17,1,6,,9469,2,4,,1,1,,9472,3,0,11 2 5 12,1,13,,9511,1,0,18 19 16 17,1,6,,9522,2,4,,1,54,,9461,1,0,18 19 16 17,1,6,,9521,2,4,,1,14,,9543,1,0,18 19 16 17,1,6,,9500,2,4,,1,1,,9557,3,0,11 2 5 12,1,13,,9552,1,0,18 19 16 17,1,6,,9471,2,4,,1,54,,9505,1,0,18 19 16 17,1,6,,9554,2,4,,1,14,,9473,1,0,18 19 16 17,1,6,,9510,2,4,,1,1,,9475,3,0,11 2 5 12,1,13,,9529,1,0,18 19 16 17,1,6,,9480,2,4,,1,54,,9555,1,0,18 19 16 17,1,6,,9487,2,4,,1,14,,9483,1,0,18 19 16 17,1,6,,9477,2,4,,1,1,,9459,3,0,11 2 5 12,1,13,,9536,1,0,18 19 16 17,1,6,,9558,2,4,,1,54,,9551,1,0,18 19 16 17,1,6,,9549,2,4,,1,14,,9457,1,0,18 19 16 17,1,6,,9499,2,4,,1,1,,9486,3,0,11 2 5 12,1,13,,9542,1,0,18 19 16 17,1,6,,9497,2,4,,1,54,,9495,1,0,18 19 16 17,1,6,,9564,2,4,,1,14,,9470,1,0,18 19 16 17,1,6,,9535,2,4,,1,1,,9539,3,0,11 2 5 12,1,13,,9467,1,0,18 19 16 17,1,6,,9528,2,4,,1,54,,9556,1,0,18 19 16 17,1,6,,9520,2,4,,1,14,,9506,1,0,18 19 16 17,1,6,,9534,2,4,,1,1,,9545,3,0,11 2 5 12,1,13,,9492,1,0,18 19 16 17,1,6,,9474,2,4,,1,54,,9494,1,0,18 19 16 17,1,6,,9519,2,4,,1,14,,9524,1,0,18 19 16 17,1,6,,9546,2,4,,1,1,,9482,5,0,20 21 30 12,1,13,,9561,1,0,18 19 16 17,1,6,,9526,2,4,,1,54,,9550,1,0,18 19 16 17,1,6,,9507,2,4,,1,14,,9559,1,0,18 19 16 17,1,6,,9514,2,4,,1,1,,9481,5,0,20 21 30 12,1,13,,9541,1,0,18 19 16 17,1,6,,9488,2,4,,1,54,,9518,1,0,18 19 16 17,1,6,,9501,2,4,,1,14,,9540,1,0,18 19 16 17,1,6,,9465,2,4,,1,1,,9515,5,0,20 21 30 12,1,13,,9533,1,0,18 19 16 17,1,6,,9458,2,4,,1,54,,9478,1,0,18 19 16 17,1,6,,9508,2,4,,1,14,,9553,1,0,18 19 16 17,1,6,,9463,2,4,,1,1,,9503,5,0,20 21 30 12,1,13,,9493,1,0,18 19 16 17,1,6,,9563,2,4,,1,54,,9566,1,0,18 19 16 17,1,6,,9560,2,4,,1,14,,9491,1,0,18 19 16 17,1,6,,9530,2,4,,1,1,,9512,5,0,20 21 30 12,1,13,,9517,1,0,18 19 16 17,1
