2500,'1',701,,11794,2,0,26 27 28,1,100,,12296,2,0,26 27 28,1,100,,12297,2,0,26 27 28,1,100,,12302,2,0,26 27 28,1,100,,12301,2,0,26 27 28,1,100,,12310,2,0,26 27 28,1,100,,12308,2,0,26 27 28,1,100,,12306,2,0,26 27 28,1,100,,12299,2,0,26 27 28,1,100,,12309,2,0,26 27 28,1,100,,12307,2,0,26 27 28,1,100,,12300,2,0,26 27 28,1,100,,12298,2,0,26 27 28,1,100,,12305,2,0,26 27 28,1,100,,12303,2,0,26 27 28,1,100,,12304,2,0,26 27 28,1
2500,'10',1001,,12318,2,0,26 27 28,1,100,,12311,2,0,26 27 28,1,100,,12314,2,0,26 27 28,1,100,,12312,2,0,26 27 28,1,100,,12315,2,0,26 27 28,1,100,,12316,2,0,26 27 28,1,100,,12317,2,0,26 27 28,1,100,,12313,2,0,26 27 28,1
2500,'11',1001,,12324,2,0,26 27 28,1,100,,12325,2,0,26 27 28,1,100,,12322,2,0,26 27 28,1,100,,12323,2,0,26 27 28,1,100,,12319,2,0,26 27 28,1,100,,12320,2,0,26 27 28,1,100,,12321,2,0,26 27 28,1,100,,12326,2,0,26 27 28,1
2500,'2',701,,12330,2,0,26 27 28,1,100,,12329,2,0,26 27 28,1,100,,12334,2,0,26 27 28,1,100,,12335,2,0,26 27 28,1,100,,12337,2,0,26 27 28,1,100,,12333,2,0,26 27 28,1,100,,12341,2,0,26 27 28,1,100,,12328,2,0,26 27 28,1,100,,12339,2,0,26 27 28,1,100,,12331,2,0,26 27 28,1,100,,12338,2,0,26 27 28,1,100,,12340,2,0,26 27 28,1,100,,12332,2,0,26 27 28,1,100,,12327,2,0,26 27 28,1,100,,12342,2,0,26 27 28,1,100,,12336,2,0,26 27 28,1
2500,'3',701,,12351,2,0,26 27 28,1,100,,12356,2,0,26 27 28,1,100,,12353,2,0,26 27 28,1,100,,12350,2,0,26 27 28,1,100,,12355,2,0,26 27 28,1,100,,12354,2,0,26 27 28,1,100,,12348,2,0,26 27 28,1,100,,12352,2,0,26 27 28,1,100,,12344,2,0,26 27 28,1,100,,12345,2,0,26 27 28,1,100,,12357,2,0,26 27 28,1,100,,12358,2,0,26 27 28,1,100,,12346,2,0,26 27 28,1,100,,12343,2,0,26 27 28,1,100,,12349,2,0,26 27 28,1,100,,12347,2,0,26 27 28,1
2500,'4',701,,12367,2,0,26 27 28,1,100,,12373,2,0,26 27 28,1,100,,12359,2,0,26 27 28,1,100,,12370,2,0,26 27 28,1,100,,12364,2,0,26 27 28,1,100,,12372,2,0,26 27 28,1,100,,12362,2,0,26 27 28,1,100,,12371,2,0,26 27 28,1,100,,11778,2,0,26 27 28,1,100,,12363,2,0,26 27 28,1,100,,12360,2,0,26 27 28,1,100,,12368,2,0,26 27 28,1,100,,12369,2,0,26 27 28,1,100,,12361,2,0,26 27 28,1,100,,12366,2,0,26 27 28,1,100,,12365,2,0,26 27 28,1
2500,'5',701,,12376,2,0,26 27 28,1,100,,12383,2,0,26 27 28,1,100,,12377,2,0,26 27 28,1,100,,12380,2,0,26 27 28,1,100,,12386,2,0,26 27 28,1,100,,12375,2,0,26 27 28,1,100,,12381,2,0,26 27 28,1,100,,12382,2,0,26 27 28,1,100,,12384,2,0,26 27 28,1,100,,12389,2,0,26 27 28,1,100,,12379,2,0,26 27 28,1,100,,12387,2,0,26 27 28,1,100,,12378,2,0,26 27 28,1,100,,12374,2,0,26 27 28,1,100,,12385,2,0,26 27 28,1,100,,12388,2,0,26 27 28,1
2500,'6',1001,,12391,2,0,26 27 28,1,100,,12397,2,0,26 27 28,1,100,,12395,2,0,26 27 28,1,100,,12394,2,0,26 27 28,1,100,,12396,2,0,26 27 28,1,100,,12390,2,0,26 27 28,1,100,,12393,2,0,26 27 28,1,100,,12392,2,0,26 27 28,1
2500,'7',701,,12412,2,0,26 27 28,1,100,,12400,2,0,26 27 28,1,100,,12402,2,0,26 27 28,1,100,,12408,2,0,26 27 28,1,100,,12413,2,0,26 27 28,1,100,,12409,2,0,26 27 28,1,100,,12404,2,0,26 27 28,1,100,,12401,2,0,26 27 28,1,100,,12410,2,0,26 27 28,1,100,,12398,2,0,26 27 28,1,100,,12399,2,0,26 27 28,1,100,,12407,2,0,26 27 28,1,100,,12405,2,0,26 27 28,1,100,,12406,2,0,26 27 28,1,100,,12403,2,0,26 27 28,1,100,,12411,2,0,26 27 28,1
2500,'8',701,,12417,2,0,26 27 28,1,100,,12424,2,0,26 27 28,1,100,,12414,2,0,26 27 28,1,100,,12423,2,0,26 27 28,1,100,,12422,2,0,26 27 28,1,100,,12426,2,0,26 27 28,1,100,,12420,2,0,26 27 28,1,100,,12416,2,0,26 27 28,1,100,,12428,2,0,26 27 28,1,100,,12419,2,0,26 27 28,1,100,,12421,2,0,26 27 28,1,100,,12425,2,0,26 27 28,1,100,,12415,2,0,26 27 28,1,100,,12427,2,0,26 27 28,1,100,,12429,2,0,26 27 28,1,100,,12418,2,0,26 27 28,1
2500,'9',701,,12438,2,0,26 27 28,1,100,,12433,2,0,26 27 28,1,100,,12432,2,0,26 27 28,1,100,,12440,2,0,26 27 28,1,100,,12445,2,0,26 27 28,1,100,,12430,2,0,26 27 28,1,100,,12431,2,0,26 27 28,1,100,,12441,2,0,26 27 28,1,100,,12434,2,0,26 27 28,1,100,,12442,2,0,26 27 28,1,100,,12439,2,0,26 27 28,1,100,,12437,2,0,26 27 28,1,100,,12436,2,0,26 27 28,1,100,,12435,2,0,26 27 28,1,100,,12443,2,0,26 27 28,1,100,,12444,2,0,26 27 28,1
