7001,'1',735,,15213,7,0,22 2 6 2 7,1,100,,15221,7,0,22 2 6 2 7,1,100,,15222,7,0,22 2 6 2 7,1,100,,15210,7,0,22 2 6 2 7,1,100,,15214,7,0,22 2 6 2 7,1,100,,15211,7,0,22 2 6 2 7,1,100,,15207,7,0,22 2 6 2 7,1,100,,15212,7,0,22 2 6 2 7,1,100,,15209,7,0,22 2 6 2 7,1,100,,15215,7,0,22 2 6 2 7,1,100,,15220,7,0,22 2 6 2 7,1,100,,15217,7,0,22 2 6 2 7,1,100,,15219,7,0,22 2 6 2 7,1,100,,15216,7,0,22 2 6 2 7,1,100,,15218,7,0,22 2 6 2 7,1,100,,15208,7,0,22 2 6 2 7,1
7001,'10',1035,,15225,7,0,22 2 6 2 7,1,100,,15230,7,0,22 2 6 2 7,1,100,,15228,7,0,22 2 6 2 7,1,100,,15224,7,0,22 2 6 2 7,1,100,,15223,7,0,22 2 6 2 7,1,100,,15226,7,0,22 2 6 2 7,1,100,,15227,7,0,22 2 6 2 7,1,100,,15229,7,0,22 2 6 2 7,1
7001,'11',1035,,15238,7,0,22 2 6 2 7,1,100,,15234,7,0,22 2 6 2 7,1,100,,15235,7,0,22 2 6 2 7,1,100,,15232,7,0,22 2 6 2 7,1,100,,15233,7,0,22 2 6 2 7,1,100,,15237,7,0,22 2 6 2 7,1,100,,15236,7,0,22 2 6 2 7,1,100,,15231,7,0,22 2 6 2 7,1
7001,'2',735,,15266,6,0,11 2 7,1,70,,15246,6,0,11 2 7,1,30,,15261,6,0,11 2 7,1,70,,15254,6,0,11 2 7,1,30,,15244,6,0,11 2 7,1,70,,15268,6,0,11 2 7,1,30,,15251,6,0,11 2 7,1,70,,15250,6,0,11 2 7,1,30,,15257,6,0,11 2 7,1,70,,15263,6,0,11 2 7,1,30,,15248,6,0,11 2 7,1,70,,15265,6,0,11 2 7,1,30,,15256,6,0,11 2 7,1,70,,15239,6,0,11 2 7,1,30,,15252,6,0,11 2 7,1,70,,15242,6,0,11 2 7,1,30,,15269,6,0,11 2 7,1,70,,15262,6,0,11 2 7,1,30,,15260,6,0,11 2 7,1,70,,15253,6,0,11 2 7,1,30,,15249,7,0,22 2 6 2 7,1,70,,15259,7,0,22 2 6 2 7,1,30,,15247,7,0,22 2 6 2 7,1,70,,15240,7,0,22 2 6 2 7,1,30,,15258,7,0,22 2 6 2 7,1,70,,15245,7,0,22 2 6 2 7,1,30,,15241,7,0,22 2 6 2 7,1,70,,15255,7,0,22 2 6 2 7,1,30,,15264,7,0,22 2 6 2 7,1,70,,15267,7,0,22 2 6 2 7,1,30,,11539,7,0,22 2 6 2 7,1,70,,15243,7,0,22 2 6 2 7,1
7001,'3',735,,15277,6,0,11 2 7,1,70,,15271,6,0,11 2 7,1,30,,15299,6,0,11 2 7,1,70,,15285,6,0,11 2 7,1,30,,15274,6,0,11 2 7,1,70,,15291,6,0,11 2 7,1,30,,15298,6,0,11 2 7,1,70,,15297,6,0,11 2 7,1,30,,15275,6,0,11 2 7,1,70,,15281,6,0,11 2 7,1,30,,15272,6,0,11 2 7,1,70,,15293,6,0,11 2 7,1,30,,15290,6,0,11 2 7,1,70,,15301,6,0,11 2 7,1,30,,15286,6,0,11 2 7,1,70,,15300,6,0,11 2 7,1,30,,15296,6,0,11 2 7,1,70,,15295,6,0,11 2 7,1,30,,15280,6,0,11 2 7,1,70,,15284,6,0,11 2 7,1,30,,15282,7,0,22 2 6 2 7,1,70,,15270,7,0,22 2 6 2 7,1,30,,15289,7,0,22 2 6 2 7,1,70,,15294,7,0,22 2 6 2 7,1,30,,15292,7,0,22 2 6 2 7,1,70,,15278,7,0,22 2 6 2 7,1,30,,15288,7,0,22 2 6 2 7,1,70,,15273,7,0,22 2 6 2 7,1,30,,15287,7,0,22 2 6 2 7,1,70,,15279,7,0,22 2 6 2 7,1,30,,15276,7,0,22 2 6 2 7,1,70,,15283,7,0,22 2 6 2 7,1
7001,'4',735,,15320,6,0,11 2 7,1,70,,11071,6,0,11 2 7,1,30,,15323,6,0,11 2 7,1,70,,15321,6,0,11 2 7,1,30,,15309,6,0,11 2 7,1,70,,15310,6,0,11 2 7,1,30,,15328,6,0,11 2 7,1,70,,15313,6,0,11 2 7,1,30,,15324,6,0,11 2 7,1,70,,15330,6,0,11 2 7,1,30,,15304,6,0,11 2 7,1,70,,15322,6,0,11 2 7,1,30,,15331,6,0,11 2 7,1,70,,15306,6,0,11 2 7,1,30,,15316,6,0,11 2 7,1,70,,15326,6,0,11 2 7,1,30,,15314,6,0,11 2 7,1,70,,15315,6,0,11 2 7,1,30,,15318,6,0,11 2 7,1,70,,15317,6,0,11 2 7,1,30,,15302,7,0,22 2 6 2 7,1,70,,15307,7,0,22 2 6 2 7,1,30,,15311,7,0,22 2 6 2 7,1,70,,15327,7,0,22 2 6 2 7,1,30,,15312,7,0,22 2 6 2 7,1,70,,15308,7,0,22 2 6 2 7,1,30,,15305,7,0,22 2 6 2 7,1,70,,15332,7,0,22 2 6 2 7,1,30,,15319,7,0,22 2 6 2 7,1,70,,15303,7,0,22 2 6 2 7,1,30,,15329,7,0,22 2 6 2 7,1,70,,15325,7,0,22 2 6 2 7,1
7001,'5',735,,15344,7,0,22 2 6 2 7,1,100,,15346,7,0,22 2 6 2 7,1,100,,15347,7,0,22 2 6 2 7,1,100,,15339,7,0,22 2 6 2 7,1,100,,15333,7,0,22 2 6 2 7,1,100,,15334,7,0,22 2 6 2 7,1,100,,15341,7,0,22 2 6 2 7,1,100,,15345,7,0,22 2 6 2 7,1,100,,15338,7,0,22 2 6 2 7,1,100,,15343,7,0,22 2 6 2 7,1,100,,15342,7,0,22 2 6 2 7,1,100,,15335,7,0,22 2 6 2 7,1,100,,15348,7,0,22 2 6 2 7,1,100,,15340,7,0,22 2 6 2 7,1,100,,15337,7,0,22 2 6 2 7,1,100,,15336,7,0,22 2 6 2 7,1
7001,'6',1035,,15356,7,0,22 2 6 2 7,1,100,,15353,7,0,22 2 6 2 7,1,100,,15354,7,0,22 2 6 2 7,1,100,,15355,7,0,22 2 6 2 7,1,100,,15351,7,0,22 2 6 2 7,1,100,,15352,7,0,22 2 6 2 7,1,100,,15349,7,0,22 2 6 2 7,1,100,,15350,7,0,22 2 6 2 7,1
7001,'7',735,,15357,6,0,11 2 7,1,70,,15387,6,0,11 2 7,1,30,,15363,6,0,11 2 7,1,70,,15362,6,0,11 2 7,1,30,,15366,6,0,11 2 7,1,70,,15384,6,0,11 2 7,1,30,,15385,6,0,11 2 7,1,70,,15376,6,0,11 2 7,1,30,,15377,6,0,11 2 7,1,70,,15374,6,0,11 2 7,1,30,,15359,6,0,11 2 7,1,70,,15371,6,0,11 2 7,1,30,,15380,6,0,11 2 7,1,70,,15382,6,0,11 2 7,1,30,,15369,6,0,11 2 7,1,70,,15373,6,0,11 2 7,1,30,,15375,6,0,11 2 7,1,70,,15368,6,0,11 2 7,1,30,,15360,6,0,11 2 7,1,70,,15361,6,0,11 2 7,1,30,,15364,7,0,22 2 6 2 7,1,70,,15378,7,0,22 2 6 2 7,1,30,,15386,7,0,22 2 6 2 7,1,70,,15381,7,0,22 2 6 2 7,1,30,,15370,7,0,22 2 6 2 7,1,70,,15367,7,0,22 2 6 2 7,1,30,,15379,7,0,22 2 6 2 7,1,70,,15383,7,0,22 2 6 2 7,1,30,,15365,7,0,22 2 6 2 7,1,70,,15388,7,0,22 2 6 2 7,1,30,,15358,7,0,22 2 6 2 7,1,70,,15372,7,0,22 2 6 2 7,1
7001,'8',735,,15416,6,0,11 2 7,1,70,,15411,6,0,11 2 7,1,30,,15410,6,0,11 2 7,1,70,,15405,6,0,11 2 7,1,30,,15398,6,0,11 2 7,1,70,,15418,6,0,11 2 7,1,30,,15414,6,0,11 2 7,1,70,,15408,6,0,11 2 7,1,30,,15396,6,0,11 2 7,1,70,,15417,6,0,11 2 7,1,30,,15401,6,0,11 2 7,1,70,,15406,6,0,11 2 7,1,30,,15394,6,0,11 2 7,1,70,,15395,6,0,11 2 7,1,30,,15420,6,0,11 2 7,1,70,,15407,6,0,11 2 7,1,30,,15413,6,0,11 2 7,1,70,,15402,6,0,11 2 7,1,30,,15419,6,0,11 2 7,1,70,,15390,6,0,11 2 7,1,30,,15400,7,0,22 2 6 2 7,1,70,,15412,7,0,22 2 6 2 7,1,30,,15399,7,0,22 2 6 2 7,1,70,,15389,7,0,22 2 6 2 7,1,30,,15392,7,0,22 2 6 2 7,1,70,,15397,7,0,22 2 6 2 7,1,30,,15404,7,0,22 2 6 2 7,1,70,,15391,7,0,22 2 6 2 7,1,30,,15409,7,0,22 2 6 2 7,1,70,,15415,7,0,22 2 6 2 7,1,30,,15403,7,0,22 2 6 2 7,1,70,,15393,7,0,22 2 6 2 7,1
7001,'9',735,,15448,6,0,11 2 7,1,70,,15438,6,0,11 2 7,1,30,,15435,6,0,11 2 7,1,70,,15422,6,0,11 2 7,1,30,,15433,6,0,11 2 7,1,70,,15447,6,0,11 2 7,1,30,,15450,6,0,11 2 7,1,70,,15439,6,0,11 2 7,1,30,,15421,6,0,11 2 7,1,70,,15441,6,0,11 2 7,1,30,,15452,6,0,11 2 7,1,70,,15443,6,0,11 2 7,1,30,,15451,6,0,11 2 7,1,70,,15426,6,0,11 2 7,1,30,,15440,6,0,11 2 7,1,70,,15436,6,0,11 2 7,1,30,,15434,6,0,11 2 7,1,70,,15446,6,0,11 2 7,1,30,,15442,6,0,11 2 7,1,70,,15437,6,0,11 2 7,1,30,,15424,7,0,22 2 6 2 7,1,70,,15444,7,0,22 2 6 2 7,1,30,,15423,7,0,22 2 6 2 7,1,70,,15432,7,0,22 2 6 2 7,1,30,,15429,7,0,22 2 6 2 7,1,70,,15430,7,0,22 2 6 2 7,1,30,,15431,7,0,22 2 6 2 7,1,70,,15425,7,0,22 2 6 2 7,1,30,,15449,7,0,22 2 6 2 7,1,70,,15427,7,0,22 2 6 2 7,1,30,,15428,7,0,22 2 6 2 7,1,70,,15445,7,0,22 2 6 2 7,1
