2500,'1',723,,11794,19,0,26 27 28,1,100,,12296,19,0,26 27 28,1,100,,12297,19,0,26 27 28,1,100,,12302,19,0,26 27 28,1,100,,12301,19,0,26 27 28,1,100,,12310,19,0,26 27 28,1,100,,12308,19,0,26 27 28,1,100,,12306,19,0,26 27 28,1,100,,12299,19,0,26 27 28,1,100,,12309,19,0,26 27 28,1,100,,12307,19,0,26 27 28,1,100,,12300,19,0,26 27 28,1,100,,12298,19,0,26 27 28,1,100,,12305,19,0,26 27 28,1,100,,12303,19,0,26 27 28,1,100,,12304,19,0,26 27 28,1
2500,'10',1023,,12318,19,0,26 27 28,1,100,,12311,19,0,26 27 28,1,100,,12314,19,0,26 27 28,1,100,,12312,19,0,26 27 28,1,100,,12315,19,0,26 27 28,1,100,,12316,19,0,26 27 28,1,100,,12317,19,0,26 27 28,1,100,,12313,19,0,26 27 28,1
2500,'11',1023,,12324,19,0,26 27 28,1,100,,12325,19,0,26 27 28,1,100,,12322,19,0,26 27 28,1,100,,12323,19,0,26 27 28,1,100,,12319,19,0,26 27 28,1,100,,12320,19,0,26 27 28,1,100,,12321,19,0,26 27 28,1,100,,12326,19,0,26 27 28,1
2500,'2',723,,12330,19,0,26 27 28,1,100,,12329,19,0,26 27 28,1,100,,12334,19,0,26 27 28,1,100,,12335,19,0,26 27 28,1,100,,12337,19,0,26 27 28,1,100,,12333,19,0,26 27 28,1,100,,12341,19,0,26 27 28,1,100,,12328,19,0,26 27 28,1,100,,12339,19,0,26 27 28,1,100,,12331,19,0,26 27 28,1,100,,12338,19,0,26 27 28,1,100,,12340,19,0,26 27 28,1,100,,12332,19,0,26 27 28,1,100,,12327,19,0,26 27 28,1,100,,12342,19,0,26 27 28,1,100,,12336,19,0,26 27 28,1
2500,'3',723,,12351,19,0,26 27 28,1,100,,12356,19,0,26 27 28,1,100,,12353,19,0,26 27 28,1,100,,12350,19,0,26 27 28,1,100,,12355,19,0,26 27 28,1,100,,12354,19,0,26 27 28,1,100,,12348,19,0,26 27 28,1,100,,12352,19,0,26 27 28,1,100,,12344,19,0,26 27 28,1,100,,12345,19,0,26 27 28,1,100,,12357,19,0,26 27 28,1,100,,12358,19,0,26 27 28,1,100,,12346,19,0,26 27 28,1,100,,12343,19,0,26 27 28,1,100,,12349,19,0,26 27 28,1,100,,12347,19,0,26 27 28,1
2500,'4',723,,12367,19,0,26 27 28,1,100,,12373,19,0,26 27 28,1,100,,12359,19,0,26 27 28,1,100,,12370,19,0,26 27 28,1,100,,12364,19,0,26 27 28,1,100,,12372,19,0,26 27 28,1,100,,12362,19,0,26 27 28,1,100,,12371,19,0,26 27 28,1,100,,11778,19,0,26 27 28,1,100,,12363,19,0,26 27 28,1,100,,12360,19,0,26 27 28,1,100,,12368,19,0,26 27 28,1,100,,12369,19,0,26 27 28,1,100,,12361,19,0,26 27 28,1,100,,12366,19,0,26 27 28,1,100,,12365,19,0,26 27 28,1
2500,'5',723,,12376,19,0,26 27 28,1,100,,12383,19,0,26 27 28,1,100,,12377,19,0,26 27 28,1,100,,12380,19,0,26 27 28,1,100,,12386,19,0,26 27 28,1,100,,12375,19,0,26 27 28,1,100,,12381,19,0,26 27 28,1,100,,12382,19,0,26 27 28,1,100,,12384,19,0,26 27 28,1,100,,12389,19,0,26 27 28,1,100,,12379,19,0,26 27 28,1,100,,12387,19,0,26 27 28,1,100,,12378,19,0,26 27 28,1,100,,12374,19,0,26 27 28,1,100,,12385,19,0,26 27 28,1,100,,12388,19,0,26 27 28,1
2500,'6',1023,,12391,19,0,26 27 28,1,100,,12397,19,0,26 27 28,1,100,,12395,19,0,26 27 28,1,100,,12394,19,0,26 27 28,1,100,,12396,19,0,26 27 28,1,100,,12390,19,0,26 27 28,1,100,,12393,19,0,26 27 28,1,100,,12392,19,0,26 27 28,1
2500,'7',723,,12412,19,0,26 27 28,1,100,,12400,19,0,26 27 28,1,100,,12402,19,0,26 27 28,1,100,,12408,19,0,26 27 28,1,100,,12413,19,0,26 27 28,1,100,,12409,19,0,26 27 28,1,100,,12404,19,0,26 27 28,1,100,,12401,19,0,26 27 28,1,100,,12410,19,0,26 27 28,1,100,,12398,19,0,26 27 28,1,100,,12399,19,0,26 27 28,1,100,,12407,19,0,26 27 28,1,100,,12405,19,0,26 27 28,1,100,,12406,19,0,26 27 28,1,100,,12403,19,0,26 27 28,1,100,,12411,19,0,26 27 28,1
2500,'8',723,,12417,19,0,26 27 28,1,100,,12424,19,0,26 27 28,1,100,,12414,19,0,26 27 28,1,100,,12423,19,0,26 27 28,1,100,,12422,19,0,26 27 28,1,100,,12426,19,0,26 27 28,1,100,,12420,19,0,26 27 28,1,100,,12416,19,0,26 27 28,1,100,,12428,19,0,26 27 28,1,100,,12419,19,0,26 27 28,1,100,,12421,19,0,26 27 28,1,100,,12425,19,0,26 27 28,1,100,,12415,19,0,26 27 28,1,100,,12427,19,0,26 27 28,1,100,,12429,19,0,26 27 28,1,100,,12418,19,0,26 27 28,1
2500,'9',723,,12438,19,0,26 27 28,1,100,,12433,19,0,26 27 28,1,100,,12432,19,0,26 27 28,1,100,,12440,19,0,26 27 28,1,100,,12445,19,0,26 27 28,1,100,,12430,19,0,26 27 28,1,100,,12431,19,0,26 27 28,1,100,,12441,19,0,26 27 28,1,100,,12434,19,0,26 27 28,1,100,,12442,19,0,26 27 28,1,100,,12439,19,0,26 27 28,1,100,,12437,19,0,26 27 28,1,100,,12436,19,0,26 27 28,1,100,,12435,19,0,26 27 28,1,100,,12443,19,0,26 27 28,1,100,,12444,19,0,26 27 28,1
