5001,'1',731,,14153,7,0,20 21 23 24,1,100,,14157,7,0,20 21 23 24,1,100,,14156,7,0,20 21 23 24,1,100,,14148,7,0,20 21 23 24,1,100,,14152,7,0,20 21 23 24,1,100,,14150,7,0,20 21 23 24,1,100,,14158,7,0,20 21 23 24,1,100,,14146,7,0,20 21 23 24,1,100,,14159,7,0,20 21 23 24,1,100,,14160,7,0,20 21 23 24,1,100,,14149,7,0,20 21 23 24,1,100,,14151,7,0,20 21 23 24,1,100,,14147,7,0,20 21 23 24,1,100,,11661,7,0,20 21 23 24,1,100,,14154,7,0,20 21 23 24,1,100,,14155,7,0,20 21 23 24,1
5001,'10',1031,,14167,7,0,20 21 23 24,1,100,,14168,7,0,20 21 23 24,1,100,,14165,7,0,20 21 23 24,1,100,,14163,7,0,20 21 23 24,1,100,,14161,7,0,20 21 23 24,1,100,,14162,7,0,20 21 23 24,1,100,,14166,7,0,20 21 23 24,1,100,,14164,7,0,20 21 23 24,1
5001,'11',1031,,14170,7,0,20 21 23 24,1,100,,14175,7,0,20 21 23 24,1,100,,14173,7,0,20 21 23 24,1,100,,14176,7,0,20 21 23 24,1,100,,14169,7,0,20 21 23 24,1,100,,14172,7,0,20 21 23 24,1,100,,14174,7,0,20 21 23 24,1,100,,14171,7,0,20 21 23 24,1
5001,'2',731,,14191,7,0,11 2 23 24,1,100,,14181,7,0,11 2 23 24,1,100,,14177,7,0,11 2 23 24,1,100,,14188,7,0,11 2 23 24,1,100,,14178,7,0,11 2 23 24,1,100,,14184,7,0,11 2 23 24,1,100,,14192,7,0,11 2 23 24,1,100,,14186,7,0,11 2 23 24,1,100,,14189,7,0,11 2 23 24,1,100,,14187,7,0,11 2 23 24,1,100,,14190,7,0,20 21 23 24,1,100,,14179,7,0,20 21 23 24,1,100,,14185,7,0,20 21 23 24,1,100,,14183,7,0,20 21 23 24,1,100,,14182,7,0,20 21 23 24,1,100,,14180,7,0,20 21 23 24,1
5001,'3',731,,14204,7,0,11 2 23 24,1,100,,14196,7,0,11 2 23 24,1,100,,14208,7,0,11 2 23 24,1,100,,14205,7,0,11 2 23 24,1,100,,14200,7,0,11 2 23 24,1,100,,14201,7,0,11 2 23 24,1,100,,14206,7,0,11 2 23 24,1,100,,14197,7,0,11 2 23 24,1,100,,14194,7,0,11 2 23 24,1,100,,14202,7,0,11 2 23 24,1,100,,14198,7,0,20 21 23 24,1,100,,14193,7,0,20 21 23 24,1,100,,14203,7,0,20 21 23 24,1,100,,14199,7,0,20 21 23 24,1,100,,14195,7,0,20 21 23 24,1,100,,14207,7,0,20 21 23 24,1
5001,'4',731,,14212,7,0,11 2 23 24,1,100,,14223,7,0,11 2 23 24,1,100,,14219,7,0,11 2 23 24,1,100,,14217,7,0,11 2 23 24,1,100,,14222,7,0,11 2 23 24,1,100,,14221,7,0,11 2 23 24,1,100,,14209,7,0,11 2 23 24,1,100,,14224,7,0,11 2 23 24,1,100,,14210,7,0,11 2 23 24,1,100,,14211,7,0,11 2 23 24,1,100,,14213,7,0,20 21 23 24,1,100,,14218,7,0,20 21 23 24,1,100,,14220,7,0,20 21 23 24,1,100,,14214,7,0,20 21 23 24,1,100,,14216,7,0,20 21 23 24,1,100,,14215,7,0,20 21 23 24,1
5001,'5',731,,14237,7,0,20 21 23 24,1,100,,14233,7,0,20 21 23 24,1,100,,14229,7,0,20 21 23 24,1,100,,14225,7,0,20 21 23 24,1,100,,14230,7,0,20 21 23 24,1,100,,14239,7,0,20 21 23 24,1,100,,14231,7,0,20 21 23 24,1,100,,14235,7,0,20 21 23 24,1,100,,14232,7,0,20 21 23 24,1,100,,14240,7,0,20 21 23 24,1,100,,14228,7,0,20 21 23 24,1,100,,14227,7,0,20 21 23 24,1,100,,14226,7,0,20 21 23 24,1,100,,14238,7,0,20 21 23 24,1,100,,14234,7,0,20 21 23 24,1,100,,14236,7,0,20 21 23 24,1
5001,'6',1031,,14248,7,0,20 21 23 24,1,100,,14242,7,0,20 21 23 24,1,100,,14243,7,0,20 21 23 24,1,100,,14241,7,0,20 21 23 24,1,100,,14244,7,0,20 21 23 24,1,100,,14246,7,0,20 21 23 24,1,100,,14247,7,0,20 21 23 24,1,100,,14245,7,0,20 21 23 24,1
5001,'7',731,,14258,7,0,11 2 23 24,1,100,,14256,7,0,11 2 23 24,1,100,,14257,7,0,11 2 23 24,1,100,,14264,7,0,11 2 23 24,1,100,,14251,7,0,11 2 23 24,1,100,,14262,7,0,11 2 23 24,1,100,,14249,7,0,11 2 23 24,1,100,,14255,7,0,11 2 23 24,1,100,,14261,7,0,11 2 23 24,1,100,,14254,7,0,11 2 23 24,1,100,,14260,7,0,20 21 23 24,1,100,,14253,7,0,20 21 23 24,1,100,,14263,7,0,20 21 23 24,1,100,,14250,7,0,20 21 23 24,1,100,,14259,7,0,20 21 23 24,1,100,,14252,7,0,20 21 23 24,1
5001,'8',731,,14270,7,0,11 2 23 24,1,100,,14271,7,0,11 2 23 24,1,100,,14278,7,0,11 2 23 24,1,100,,14269,7,0,11 2 23 24,1,100,,14267,7,0,11 2 23 24,1,100,,14273,7,0,11 2 23 24,1,100,,14275,7,0,11 2 23 24,1,100,,14276,7,0,11 2 23 24,1,100,,14277,7,0,11 2 23 24,1,100,,14265,7,0,11 2 23 24,1,100,,14272,7,0,20 21 23 24,1,100,,14280,7,0,20 21 23 24,1,100,,14268,7,0,20 21 23 24,1,100,,14279,7,0,20 21 23 24,1,100,,14274,7,0,20 21 23 24,1,100,,14266,7,0,20 21 23 24,1
5001,'9',731,,14282,7,0,11 2 23 24,1,100,,14289,7,0,11 2 23 24,1,100,,14286,7,0,11 2 23 24,1,100,,14281,7,0,11 2 23 24,1,100,,14294,7,0,11 2 23 24,1,100,,14287,7,0,11 2 23 24,1,100,,14296,7,0,11 2 23 24,1,100,,14283,7,0,11 2 23 24,1,100,,14288,7,0,11 2 23 24,1,100,,14284,7,0,11 2 23 24,1,100,,14291,7,0,20 21 23 24,1,100,,14293,7,0,20 21 23 24,1,100,,14290,7,0,20 21 23 24,1,100,,14295,7,0,20 21 23 24,1,100,,14292,7,0,20 21 23 24,1,100,,14285,7,0,20 21 23 24,1
5501,'1',718,,14310,3,0,20 21 5 12,1,100,,14307,3,0,20 21 5 12,1,100,,14303,3,0,20 21 5 12,1,100,,14301,3,0,20 21 5 12,1,100,,14299,3,0,20 21 5 12,1,100,,14308,3,0,20 21 5 12,1,100,,14298,3,0,20 21 5 12,1,100,,14305,3,0,20 21 5 12,1,100,,14311,3,0,20 21 5 12,1,100,,14306,3,0,20 21 5 12,1,100,,14312,3,0,20 21 5 12,1,100,,14300,3,0,20 21 5 12,1,100,,14309,3,0,20 21 5 12,1,100,,14302,3,0,20 21 5 12,1,100,,14297,3,0,20 21 5 12,1,100,,14304,3,0,20 21 5 12,1
5501,'10',1018,,14317,3,0,20 21 5 12,1,100,,14316,3,0,20 21 5 12,1,100,,14313,3,0,20 21 5 12,1,100,,14319,3,0,20 21 5 12,1,100,,14320,3,0,20 21 5 12,1,100,,14315,3,0,20 21 5 12,1,100,,14318,3,0,20 21 5 12,1,100,,14314,3,0,20 21 5 12,1
5501,'11',1018,,14327,3,0,20 21 5 12,1,100,,14321,3,0,20 21 5 12,1,100,,14323,3,0,20 21 5 12,1,100,,14326,3,0,20 21 5 12,1,100,,14325,3,0,20 21 5 12,1,100,,14322,3,0,20 21 5 12,1,100,,14324,3,0,20 21 5 12,1,100,,14328,3,0,20 21 5 12,1
5501,'2',715,,14332,2,0,11 2 5 12,1,100,,14336,2,0,11 2 5 12,1,100,,14342,2,0,11 2 5 12,1,100,,14331,2,0,11 2 5 12,1,100,,14339,2,0,11 2 5 12,1,100,,14334,2,0,11 2 5 12,1,100,,14338,2,0,11 2 5 12,1,100,,14344,2,0,11 2 5 12,1,100,,14329,2,0,11 2 5 12,1,100,,14337,2,0,11 2 5 12,1,103,,14335,3,0,20 21 5 12,1,100,,14340,3,0,20 21 5 12,1,100,,14343,3,0,20 21 5 12,1,100,,14341,3,0,20 21 5 12,1,100,,14333,3,0,20 21 5 12,1,100,,14330,3,0,20 21 5 12,1
5501,'3',715,,14347,2,0,11 2 5 12,1,100,,14352,2,0,11 2 5 12,1,100,,14345,2,0,11 2 5 12,1,100,,14349,2,0,11 2 5 12,1,100,,14356,2,0,11 2 5 12,1,100,,14358,2,0,11 2 5 12,1,100,,14346,2,0,11 2 5 12,1,100,,14351,2,0,11 2 5 12,1,100,,14350,2,0,11 2 5 12,1,100,,14359,2,0,11 2 5 12,1,103,,14355,3,0,20 21 5 12,1,100,,14348,3,0,20 21 5 12,1,100,,14354,3,0,20 21 5 12,1,100,,14357,3,0,20 21 5 12,1,100,,14353,3,0,20 21 5 12,1,100,,14360,3,0,20 21 5 12,1
5501,'4',715,,14372,2,0,11 2 5 12,1,100,,14375,2,0,11 2 5 12,1,100,,14367,2,0,11 2 5 12,1,100,,14363,2,0,11 2 5 12,1,100,,14371,2,0,11 2 5 12,1,100,,14361,2,0,11 2 5 12,1,100,,14369,2,0,11 2 5 12,1,100,,14373,2,0,11 2 5 12,1,100,,14365,2,0,11 2 5 12,1,100,,14374,2,0,11 2 5 12,1,103,,14364,3,0,20 21 5 12,1,100,,14370,3,0,20 21 5 12,1,100,,14366,3,0,20 21 5 12,1,100,,14362,3,0,20 21 5 12,1,100,,14376,3,0,20 21 5 12,1,100,,14368,3,0,20 21 5 12,1
5501,'5',718,,14391,3,0,20 21 5 12,1,100,,14390,3,0,20 21 5 12,1,100,,14389,3,0,20 21 5 12,1,100,,14386,3,0,20 21 5 12,1,100,,14382,3,0,20 21 5 12,1,100,,14384,3,0,20 21 5 12,1,100,,14381,3,0,20 21 5 12,1,100,,14385,3,0,20 21 5 12,1,100,,14380,3,0,20 21 5 12,1,100,,14392,3,0,20 21 5 12,1,100,,14377,3,0,20 21 5 12,1,100,,14379,3,0,20 21 5 12,1,100,,14388,3,0,20 21 5 12,1,100,,14378,3,0,20 21 5 12,1,100,,14383,3,0,20 21 5 12,1,100,,14387,3,0,20 21 5 12,1
5501,'6',1018,,14395,3,0,20 21 5 12,1,100,,14398,3,0,20 21 5 12,1,100,,14397,3,0,20 21 5 12,1,100,,14394,3,0,20 21 5 12,1,100,,14400,3,0,20 21 5 12,1,100,,14399,3,0,20 21 5 12,1,100,,14396,3,0,20 21 5 12,1,100,,14393,3,0,20 21 5 12,1
5501,'7',715,,14407,2,0,11 2 5 12,1,100,,14416,2,0,11 2 5 12,1,100,,14401,2,0,11 2 5 12,1,100,,14410,2,0,11 2 5 12,1,100,,14414,2,0,11 2 5 12,1,100,,14403,2,0,11 2 5 12,1,100,,14412,2,0,11 2 5 12,1,100,,14408,2,0,11 2 5 12,1,100,,14405,2,0,11 2 5 12,1,100,,14415,2,0,11 2 5 12,1,103,,14411,3,0,20 21 5 12,1,100,,14413,3,0,20 21 5 12,1,100,,14409,3,0,20 21 5 12,1,100,,14402,3,0,20 21 5 12,1,100,,14406,3,0,20 21 5 12,1,100,,14404,3,0,20 21 5 12,1
5501,'8',715,,14431,2,0,11 2 5 12,1,100,,14425,2,0,11 2 5 12,1,100,,14417,2,0,11 2 5 12,1,100,,14427,2,0,11 2 5 12,1,100,,14423,2,0,11 2 5 12,1,100,,14419,2,0,11 2 5 12,1,100,,14418,2,0,11 2 5 12,1,100,,14428,2,0,11 2 5 12,1,100,,14422,2,0,11 2 5 12,1,100,,14429,2,0,11 2 5 12,1,103,,14430,3,0,20 21 5 12,1,100,,14426,3,0,20 21 5 12,1,100,,14420,3,0,20 21 5 12,1,100,,14421,3,0,20 21 5 12,1,100,,14424,3,0,20 21 5 12,1,100,,14432,3,0,20 21 5 12,1
5501,'9',715,,14435,2,0,11 2 5 12,1,100,,14439,2,0,11 2 5 12,1,100,,14437,2,0,11 2 5 12,1,100,,14442,2,0,11 2 5 12,1,100,,14446,2,0,11 2 5 12,1,100,,14447,2,0,11 2 5 12,1,100,,14443,2,0,11 2 5 12,1,100,,14440,2,0,11 2 5 12,1,100,,14444,2,0,11 2 5 12,1,100,,14445,2,0,11 2 5 12,1,103,,14434,3,0,20 21 5 12,1,100,,14448,3,0,20 21 5 12,1,100,,14433,3,0,20 21 5 12,1,100,,14441,3,0,20 21 5 12,1,100,,14438,3,0,20 21 5 12,1,100,,14436,3,0,20 21 5 12,1
7001,'1',715,,15213,3,0,22 2 6 2 7,1,100,,15221,3,0,22 2 6 2 7,1,100,,15222,3,0,22 2 6 2 7,1,100,,15210,3,0,22 2 6 2 7,1,100,,15214,3,0,22 2 6 2 7,1,100,,15211,3,0,22 2 6 2 7,1,100,,15207,3,0,22 2 6 2 7,1,100,,15212,3,0,22 2 6 2 7,1,100,,15209,3,0,22 2 6 2 7,1,100,,15215,3,0,22 2 6 2 7,1,100,,15220,3,0,22 2 6 2 7,1,100,,15217,3,0,22 2 6 2 7,1,100,,15219,3,0,22 2 6 2 7,1,100,,15216,3,0,22 2 6 2 7,1,100,,15218,3,0,22 2 6 2 7,1,100,,15208,3,0,22 2 6 2 7,1
7001,'10',1015,,15225,3,0,22 2 6 2 7,1,100,,15230,3,0,22 2 6 2 7,1,100,,15228,3,0,22 2 6 2 7,1,100,,15224,3,0,22 2 6 2 7,1,100,,15223,3,0,22 2 6 2 7,1,100,,15226,3,0,22 2 6 2 7,1,100,,15227,3,0,22 2 6 2 7,1,100,,15229,3,0,22 2 6 2 7,1
7001,'11',1015,,15238,3,0,22 2 6 2 7,1,100,,15234,3,0,22 2 6 2 7,1,100,,15235,3,0,22 2 6 2 7,1,100,,15232,3,0,22 2 6 2 7,1,100,,15233,3,0,22 2 6 2 7,1,100,,15237,3,0,22 2 6 2 7,1,100,,15236,3,0,22 2 6 2 7,1,100,,15231,3,0,22 2 6 2 7,1
7001,'2',715,,15266,2,0,11 2 7,1,30,,15246,2,0,11 2 7,1,70,,15261,2,0,11 2 7,1,30,,15254,2,0,11 2 7,1,70,,15244,2,0,11 2 7,1,30,,15268,2,0,11 2 7,1,70,,15251,2,0,11 2 7,1,30,,15250,2,0,11 2 7,1,70,,15257,2,0,11 2 7,1,30,,15263,2,0,11 2 7,1,70,,15248,2,0,11 2 7,1,30,,15265,2,0,11 2 7,1,70,,15256,2,0,11 2 7,1,30,,15239,2,0,11 2 7,1,70,,15252,2,0,11 2 7,1,30,,15242,2,0,11 2 7,1,70,,15269,2,0,11 2 7,1,30,,15262,2,0,11 2 7,1,70,,15260,2,0,11 2 7,1,30,,15253,2,0,11 2 7,1,70,,15249,3,0,22 2 6 2 7,1,30,,15259,3,0,22 2 6 2 7,1,70,,15247,3,0,22 2 6 2 7,1,30,,15240,3,0,22 2 6 2 7,1,70,,15258,3,0,22 2 6 2 7,1,30,,15245,3,0,22 2 6 2 7,1,70,,15241,3,0,22 2 6 2 7,1,30,,15255,3,0,22 2 6 2 7,1,70,,15264,3,0,22 2 6 2 7,1,30,,15267,3,0,22 2 6 2 7,1,70,,11539,3,0,22 2 6 2 7,1,30,,15243,3,0,22 2 6 2 7,1
7001,'3',715,,15277,2,0,11 2 7,1,30,,15271,2,0,11 2 7,1,70,,15299,2,0,11 2 7,1,30,,15285,2,0,11 2 7,1,70,,15274,2,0,11 2 7,1,30,,15291,2,0,11 2 7,1,70,,15298,2,0,11 2 7,1,30,,15297,2,0,11 2 7,1,70,,15275,2,0,11 2 7,1,30,,15281,2,0,11 2 7,1,70,,15272,2,0,11 2 7,1,30,,15293,2,0,11 2 7,1,70,,15290,2,0,11 2 7,1,30,,15301,2,0,11 2 7,1,70,,15286,2,0,11 2 7,1,30,,15300,2,0,11 2 7,1,70,,15296,2,0,11 2 7,1,30,,15295,2,0,11 2 7,1,70,,15280,2,0,11 2 7,1,30,,15284,2,0,11 2 7,1,70,,15282,3,0,22 2 6 2 7,1,30,,15270,3,0,22 2 6 2 7,1,70,,15289,3,0,22 2 6 2 7,1,30,,15294,3,0,22 2 6 2 7,1,70,,15292,3,0,22 2 6 2 7,1,30,,15278,3,0,22 2 6 2 7,1,70,,15288,3,0,22 2 6 2 7,1,30,,15273,3,0,22 2 6 2 7,1,70,,15287,3,0,22 2 6 2 7,1,30,,15279,3,0,22 2 6 2 7,1,70,,15276,3,0,22 2 6 2 7,1,30,,15283,3,0,22 2 6 2 7,1
7001,'4',715,,15320,2,0,11 2 7,1,30,,11071,2,0,11 2 7,1,70,,15323,2,0,11 2 7,1,30,,15321,2,0,11 2 7,1,70,,15309,2,0,11 2 7,1,30,,15310,2,0,11 2 7,1,70,,15328,2,0,11 2 7,1,30,,15313,2,0,11 2 7,1,70,,15324,2,0,11 2 7,1,30,,15330,2,0,11 2 7,1,70,,15304,2,0,11 2 7,1,30,,15322,2,0,11 2 7,1,70,,15331,2,0,11 2 7,1,30,,15306,2,0,11 2 7,1,70,,15316,2,0,11 2 7,1,30,,15326,2,0,11 2 7,1,70,,15314,2,0,11 2 7,1,30,,15315,2,0,11 2 7,1,70,,15318,2,0,11 2 7,1,30,,15317,2,0,11 2 7,1,70,,15302,3,0,22 2 6 2 7,1,30,,15307,3,0,22 2 6 2 7,1,70,,15311,3,0,22 2 6 2 7,1,30,,15327,3,0,22 2 6 2 7,1,70,,15312,3,0,22 2 6 2 7,1,30,,15308,3,0,22 2 6 2 7,1,70,,15305,3,0,22 2 6 2 7,1,30,,15332,3,0,22 2 6 2 7,1,70,,15319,3,0,22 2 6 2 7,1,30,,15303,3,0,22 2 6 2 7,1,70,,15329,3,0,22 2 6 2 7,1,30,,15325,3,0,22 2 6 2 7,1
7001,'5',715,,15344,3,0,22 2 6 2 7,1,100,,15346,3,0,22 2 6 2 7,1,100,,15347,3,0,22 2 6 2 7,1,100,,15339,3,0,22 2 6 2 7,1,100,,15333,3,0,22 2 6 2 7,1,100,,15334,3,0,22 2 6 2 7,1,100,,15341,3,0,22 2 6 2 7,1,100,,15345,3,0,22 2 6 2 7,1,100,,15338,3,0,22 2 6 2 7,1,100,,15343,3,0,22 2 6 2 7,1,100,,15342,3,0,22 2 6 2 7,1,100,,15335,3,0,22 2 6 2 7,1,100,,15348,3,0,22 2 6 2 7,1,100,,15340,3,0,22 2 6 2 7,1,100,,15337,3,0,22 2 6 2 7,1,100,,15336,3,0,22 2 6 2 7,1
7001,'6',1015,,15356,3,0,22 2 6 2 7,1,100,,15353,3,0,22 2 6 2 7,1,100,,15354,3,0,22 2 6 2 7,1,100,,15355,3,0,22 2 6 2 7,1,100,,15351,3,0,22 2 6 2 7,1,100,,15352,3,0,22 2 6 2 7,1,100,,15349,3,0,22 2 6 2 7,1,100,,15350,3,0,22 2 6 2 7,1
7001,'7',715,,15357,2,0,11 2 7,1,30,,15387,2,0,11 2 7,1,70,,15363,2,0,11 2 7,1,30,,15362,2,0,11 2 7,1,70,,15366,2,0,11 2 7,1,30,,15384,2,0,11 2 7,1,70,,15385,2,0,11 2 7,1,30,,15376,2,0,11 2 7,1,70,,15377,2,0,11 2 7,1,30,,15374,2,0,11 2 7,1,70,,15359,2,0,11 2 7,1,30,,15371,2,0,11 2 7,1,70,,15380,2,0,11 2 7,1,30,,15382,2,0,11 2 7,1,70,,15369,2,0,11 2 7,1,30,,15373,2,0,11 2 7,1,70,,15375,2,0,11 2 7,1,30,,15368,2,0,11 2 7,1,70,,15360,2,0,11 2 7,1,30,,15361,2,0,11 2 7,1,70,,15364,3,0,22 2 6 2 7,1,30,,15378,3,0,22 2 6 2 7,1,70,,15386,3,0,22 2 6 2 7,1,30,,15381,3,0,22 2 6 2 7,1,70,,15370,3,0,22 2 6 2 7,1,30,,15367,3,0,22 2 6 2 7,1,70,,15379,3,0,22 2 6 2 7,1,30,,15383,3,0,22 2 6 2 7,1,70,,15365,3,0,22 2 6 2 7,1,30,,15388,3,0,22 2 6 2 7,1,70,,15358,3,0,22 2 6 2 7,1,30,,15372,3,0,22 2 6 2 7,1
7001,'8',715,,15416,2,0,11 2 7,1,30,,15411,2,0,11 2 7,1,70,,15410,2,0,11 2 7,1,30,,15405,2,0,11 2 7,1,70,,15398,2,0,11 2 7,1,30,,15418,2,0,11 2 7,1,70,,15414,2,0,11 2 7,1,30,,15408,2,0,11 2 7,1,70,,15396,2,0,11 2 7,1,30,,15417,2,0,11 2 7,1,70,,15401,2,0,11 2 7,1,30,,15406,2,0,11 2 7,1,70,,15394,2,0,11 2 7,1,30,,15395,2,0,11 2 7,1,70,,15420,2,0,11 2 7,1,30,,15407,2,0,11 2 7,1,70,,15413,2,0,11 2 7,1,30,,15402,2,0,11 2 7,1,70,,15419,2,0,11 2 7,1,30,,15390,2,0,11 2 7,1,70,,15400,3,0,22 2 6 2 7,1,30,,15412,3,0,22 2 6 2 7,1,70,,15399,3,0,22 2 6 2 7,1,30,,15389,3,0,22 2 6 2 7,1,70,,15392,3,0,22 2 6 2 7,1,30,,15397,3,0,22 2 6 2 7,1,70,,15404,3,0,22 2 6 2 7,1,30,,15391,3,0,22 2 6 2 7,1,70,,15409,3,0,22 2 6 2 7,1,30,,15415,3,0,22 2 6 2 7,1,70,,15403,3,0,22 2 6 2 7,1,30,,15393,3,0,22 2 6 2 7,1
7001,'9',715,,15448,2,0,11 2 7,1,30,,15438,2,0,11 2 7,1,70,,15435,2,0,11 2 7,1,30,,15422,2,0,11 2 7,1,70,,15433,2,0,11 2 7,1,30,,15447,2,0,11 2 7,1,70,,15450,2,0,11 2 7,1,30,,15439,2,0,11 2 7,1,70,,15421,2,0,11 2 7,1,30,,15441,2,0,11 2 7,1,70,,15452,2,0,11 2 7,1,30,,15443,2,0,11 2 7,1,70,,15451,2,0,11 2 7,1,30,,15426,2,0,11 2 7,1,70,,15440,2,0,11 2 7,1,30,,15436,2,0,11 2 7,1,70,,15434,2,0,11 2 7,1,30,,15446,2,0,11 2 7,1,70,,15442,2,0,11 2 7,1,30,,15437,2,0,11 2 7,1,70,,15424,3,0,22 2 6 2 7,1,30,,15444,3,0,22 2 6 2 7,1,70,,15423,3,0,22 2 6 2 7,1,30,,15432,3,0,22 2 6 2 7,1,70,,15429,3,0,22 2 6 2 7,1,30,,15430,3,0,22 2 6 2 7,1,70,,15431,3,0,22 2 6 2 7,1,30,,15425,3,0,22 2 6 2 7,1,70,,15449,3,0,22 2 6 2 7,1,30,,15427,3,0,22 2 6 2 7,1,70,,15428,3,0,22 2 6 2 7,1,30,,15445,3,0,22 2 6 2 7,1
