2500,'1',723,,11794,20,0,26 27 28,1,100,,12296,20,0,26 27 28,1,100,,12297,20,0,26 27 28,1,100,,12302,20,0,26 27 28,1,100,,12301,20,0,26 27 28,1,100,,12310,20,0,26 27 28,1,100,,12308,20,0,26 27 28,1,100,,12306,20,0,26 27 28,1,100,,12299,20,0,26 27 28,1,100,,12309,20,0,26 27 28,1,100,,12307,20,0,26 27 28,1,100,,12300,20,0,26 27 28,1,100,,12298,20,0,26 27 28,1,100,,12305,20,0,26 27 28,1,100,,12303,20,0,26 27 28,1,100,,12304,20,0,26 27 28,1
2500,'10',1023,,12318,20,0,26 27 28,1,100,,12311,20,0,26 27 28,1,100,,12314,20,0,26 27 28,1,100,,12312,20,0,26 27 28,1,100,,12315,20,0,26 27 28,1,100,,12316,20,0,26 27 28,1,100,,12317,20,0,26 27 28,1,100,,12313,20,0,26 27 28,1
2500,'11',1023,,12324,20,0,26 27 28,1,100,,12325,20,0,26 27 28,1,100,,12322,20,0,26 27 28,1,100,,12323,20,0,26 27 28,1,100,,12319,20,0,26 27 28,1,100,,12320,20,0,26 27 28,1,100,,12321,20,0,26 27 28,1,100,,12326,20,0,26 27 28,1
2500,'2',723,,12330,20,0,26 27 28,1,100,,12329,20,0,26 27 28,1,100,,12334,20,0,26 27 28,1,100,,12335,20,0,26 27 28,1,100,,12337,20,0,26 27 28,1,100,,12333,20,0,26 27 28,1,100,,12341,20,0,26 27 28,1,100,,12328,20,0,26 27 28,1,100,,12339,20,0,26 27 28,1,100,,12331,20,0,26 27 28,1,100,,12338,20,0,26 27 28,1,100,,12340,20,0,26 27 28,1,100,,12332,20,0,26 27 28,1,100,,12327,20,0,26 27 28,1,100,,12342,20,0,26 27 28,1,100,,12336,20,0,26 27 28,1
2500,'3',723,,12351,20,0,26 27 28,1,100,,12356,20,0,26 27 28,1,100,,12353,20,0,26 27 28,1,100,,12350,20,0,26 27 28,1,100,,12355,20,0,26 27 28,1,100,,12354,20,0,26 27 28,1,100,,12348,20,0,26 27 28,1,100,,12352,20,0,26 27 28,1,100,,12344,20,0,26 27 28,1,100,,12345,20,0,26 27 28,1,100,,12357,20,0,26 27 28,1,100,,12358,20,0,26 27 28,1,100,,12346,20,0,26 27 28,1,100,,12343,20,0,26 27 28,1,100,,12349,20,0,26 27 28,1,100,,12347,20,0,26 27 28,1
2500,'4',723,,12367,20,0,26 27 28,1,100,,12373,20,0,26 27 28,1,100,,12359,20,0,26 27 28,1,100,,12370,20,0,26 27 28,1,100,,12364,20,0,26 27 28,1,100,,12372,20,0,26 27 28,1,100,,12362,20,0,26 27 28,1,100,,12371,20,0,26 27 28,1,100,,11778,20,0,26 27 28,1,100,,12363,20,0,26 27 28,1,100,,12360,20,0,26 27 28,1,100,,12368,20,0,26 27 28,1,100,,12369,20,0,26 27 28,1,100,,12361,20,0,26 27 28,1,100,,12366,20,0,26 27 28,1,100,,12365,20,0,26 27 28,1
2500,'5',723,,12376,20,0,26 27 28,1,100,,12383,20,0,26 27 28,1,100,,12377,20,0,26 27 28,1,100,,12380,20,0,26 27 28,1,100,,12386,20,0,26 27 28,1,100,,12375,20,0,26 27 28,1,100,,12381,20,0,26 27 28,1,100,,12382,20,0,26 27 28,1,100,,12384,20,0,26 27 28,1,100,,12389,20,0,26 27 28,1,100,,12379,20,0,26 27 28,1,100,,12387,20,0,26 27 28,1,100,,12378,20,0,26 27 28,1,100,,12374,20,0,26 27 28,1,100,,12385,20,0,26 27 28,1,100,,12388,20,0,26 27 28,1
2500,'6',1023,,12391,20,0,26 27 28,1,100,,12397,20,0,26 27 28,1,100,,12395,20,0,26 27 28,1,100,,12394,20,0,26 27 28,1,100,,12396,20,0,26 27 28,1,100,,12390,20,0,26 27 28,1,100,,12393,20,0,26 27 28,1,100,,12392,20,0,26 27 28,1
2500,'7',723,,12412,20,0,26 27 28,1,100,,12400,20,0,26 27 28,1,100,,12402,20,0,26 27 28,1,100,,12408,20,0,26 27 28,1,100,,12413,20,0,26 27 28,1,100,,12409,20,0,26 27 28,1,100,,12404,20,0,26 27 28,1,100,,12401,20,0,26 27 28,1,100,,12410,20,0,26 27 28,1,100,,12398,20,0,26 27 28,1,100,,12399,20,0,26 27 28,1,100,,12407,20,0,26 27 28,1,100,,12405,20,0,26 27 28,1,100,,12406,20,0,26 27 28,1,100,,12403,20,0,26 27 28,1,100,,12411,20,0,26 27 28,1
2500,'8',723,,12417,20,0,26 27 28,1,100,,12424,20,0,26 27 28,1,100,,12414,20,0,26 27 28,1,100,,12423,20,0,26 27 28,1,100,,12422,20,0,26 27 28,1,100,,12426,20,0,26 27 28,1,100,,12420,20,0,26 27 28,1,100,,12416,20,0,26 27 28,1,100,,12428,20,0,26 27 28,1,100,,12419,20,0,26 27 28,1,100,,12421,20,0,26 27 28,1,100,,12425,20,0,26 27 28,1,100,,12415,20,0,26 27 28,1,100,,12427,20,0,26 27 28,1,100,,12429,20,0,26 27 28,1,100,,12418,20,0,26 27 28,1
2500,'9',723,,12438,20,0,26 27 28,1,100,,12433,20,0,26 27 28,1,100,,12432,20,0,26 27 28,1,100,,12440,20,0,26 27 28,1,100,,12445,20,0,26 27 28,1,100,,12430,20,0,26 27 28,1,100,,12431,20,0,26 27 28,1,100,,12441,20,0,26 27 28,1,100,,12434,20,0,26 27 28,1,100,,12442,20,0,26 27 28,1,100,,12439,20,0,26 27 28,1,100,,12437,20,0,26 27 28,1,100,,12436,20,0,26 27 28,1,100,,12435,20,0,26 27 28,1,100,,12443,20,0,26 27 28,1,100,,12444,20,0,26 27 28,1
