4001,'1',745,,12731,7,4,,1,100,,12717,7,4,,1,100,,12728,7,4,,1,100,,12720,7,4,,1,100,,12723,7,4,,1,100,,12729,7,4,,1,100,,12721,7,4,,1,100,,12722,7,4,,1,100,,12724,7,4,,1,100,,12725,7,4,,1,100,,12727,7,4,,1,100,,12718,7,4,,1,100,,12730,7,4,,1,100,,12726,7,4,,1,100,,12732,7,4,,1,100,,12719,7,4,,1
4001,'10',1045,,12735,7,4,,1,100,,12739,7,4,,1,100,,12734,7,4,,1,100,,12740,7,4,,1,100,,12736,7,4,,1,100,,12738,7,4,,1,100,,12733,7,4,,1,100,,12737,7,4,,1
4001,'11',1045,,12747,7,4,,1,100,,12744,7,4,,1,100,,12748,7,4,,1,100,,12746,7,4,,1,100,,12743,7,4,,1,100,,12745,7,4,,1,100,,12741,7,4,,1,100,,12742,7,4,,1
4001,'2',732,,12753,2,4,,1,15,,12845,5,4,,1,5,,12830,2,4,,1,60,,12800,2,4,,1,20,,12779,2,4,,1,15,,12813,5,4,,1,5,,12776,2,4,,1,60,,12823,2,4,,1,20,,12775,2,4,,1,15,,12836,5,4,,1,5,,12758,2,4,,1,60,,12843,2,4,,1,20,,12815,2,4,,1,15,,12755,5,4,,1,5,,12821,2,4,,1,60,,12840,2,4,,1,20,,12854,2,4,,1,15,,12784,5,4,,1,5,,12771,2,4,,1,60,,12844,2,4,,1,20,,12769,2,4,,1,15,,12763,5,4,,1,5,,12837,2,4,,1,60,,12810,2,4,,1,20,,12757,2,4,,1,15,,12780,5,4,,1,5,,12856,2,4,,1,61,,12792,2,4,,1,20,,12839,2,4,,1,14,,12852,5,4,,1,6,,12750,2,4,,1,60,,12783,2,4,,1,20,,12789,2,4,,1,14,,12787,5,4,,1,6,,12841,2,4,,1,60,,12798,2,4,,1,20,,12832,2,4,,1,14,,12773,5,4,,1,6,,12809,2,4,,1,60,,12804,2,4,,1,20,,12796,2,4,,1,9,,12806,7,4,,1,11,,12807,2,4,,1,60,,12756,2,4,,1,20,,12822,2,4,,1,9,,12749,7,4,,1,11,,12842,2,4,,1,59,,12766,2,4,,1,20,,12814,2,4,,1,15,,12797,7,4,,1,5,,12767,2,4,,1,60,,12808,2,4,,1,20,,12825,2,4,,1,15,,12826,7,4,,1,5,,12851,2,4,,1,60,,12817,2,4,,1,20,,12846,2,4,,1,15,,12812,7,4,,1,5,,12785,2,4,,1,60,,12829,2,4,,1,20,,12811,2,4,,1,15,,12751,7,4,,1,5,,12777,2,4,,1
4001,'3',732,,12863,2,4,,1,15,,12865,5,4,,1,5,,12932,2,4,,1,60,,12954,2,4,,1,20,,12967,2,4,,1,15,,12876,5,4,,1,5,,12897,2,4,,1,60,,12948,2,4,,1,20,,12909,2,4,,1,15,,12957,5,4,,1,5,,12924,2,4,,1,60,,12915,2,4,,1,20,,12949,2,4,,1,15,,12859,5,4,,1,5,,12861,2,4,,1,60,,12920,2,4,,1,20,,12937,2,4,,1,15,,12878,5,4,,1,5,,12886,2,4,,1,60,,12867,2,4,,1,20,,12903,2,4,,1,15,,12907,5,4,,1,5,,12963,2,4,,1,60,,12912,2,4,,1,20,,12960,2,4,,1,15,,12952,5,4,,1,5,,12946,2,4,,1,61,,12918,2,4,,1,20,,12873,2,4,,1,14,,12894,5,4,,1,6,,12925,2,4,,1,60,,12880,2,4,,1,20,,12934,2,4,,1,14,,12911,5,4,,1,6,,12864,2,4,,1,60,,12870,2,4,,1,20,,12874,2,4,,1,14,,12939,5,4,,1,6,,12947,2,4,,1,60,,12926,2,4,,1,20,,12899,2,4,,1,9,,12890,7,4,,1,11,,12941,2,4,,1,60,,12922,2,4,,1,20,,12933,2,4,,1,9,,12888,7,4,,1,11,,12877,2,4,,1,59,,12887,2,4,,1,20,,12916,2,4,,1,15,,12931,7,4,,1,5,,12895,2,4,,1,60,,12940,2,4,,1,20,,12860,2,4,,1,15,,12896,7,4,,1,5,,12950,2,4,,1,60,,12872,2,4,,1,20,,12884,2,4,,1,15,,12930,7,4,,1,5,,12927,2,4,,1,60,,12955,2,4,,1,20,,12904,2,4,,1,15,,12892,7,4,,1,5,,12966,2,4,,1
4001,'4',732,,13070,2,4,,1,15,,12986,5,4,,1,5,,12992,2,4,,1,60,,13061,2,4,,1,20,,13045,2,4,,1,15,,12995,5,4,,1,5,,13032,2,4,,1,60,,13043,2,4,,1,20,,12990,2,4,,1,15,,13017,5,4,,1,5,,13042,2,4,,1,60,,13026,2,4,,1,20,,13004,2,4,,1,15,,13064,5,4,,1,5,,13019,2,4,,1,60,,13054,2,4,,1,20,,13072,2,4,,1,15,,13075,5,4,,1,5,,13024,2,4,,1,60,,13038,2,4,,1,20,,13071,2,4,,1,15,,13046,5,4,,1,5,,13031,2,4,,1,60,,13037,2,4,,1,20,,12978,2,4,,1,15,,13036,5,4,,1,5,,12993,2,4,,1,61,,13056,2,4,,1,20,,13065,2,4,,1,14,,13013,5,4,,1,6,,13015,2,4,,1,60,,12996,2,4,,1,20,,13016,2,4,,1,14,,12987,5,4,,1,6,,13002,2,4,,1,60,,12979,2,4,,1,20,,13066,2,4,,1,14,,13005,5,4,,1,6,,13039,2,4,,1,60,,12984,2,4,,1,20,,13011,2,4,,1,9,,13055,7,4,,1,11,,13062,2,4,,1,60,,13034,2,4,,1,20,,12977,2,4,,1,9,,12991,7,4,,1,11,,12999,2,4,,1,59,,13007,2,4,,1,20,,13073,2,4,,1,15,,13063,7,4,,1,5,,13050,2,4,,1,60,,13001,2,4,,1,20,,13074,2,4,,1,15,,12982,7,4,,1,5,,13068,2,4,,1,60,,13000,2,4,,1,20,,13044,2,4,,1,15,,12969,7,4,,1,5,,13029,2,4,,1,60,,13069,2,4,,1,20,,13076,2,4,,1,15,,13049,7,4,,1,5,,12994,2,4,,1
4001,'5',745,,13085,7,4,,1,100,,13079,7,4,,1,100,,13086,7,4,,1,100,,13084,7,4,,1,100,,13091,7,4,,1,100,,13077,7,4,,1,100,,13082,7,4,,1,100,,13080,7,4,,1,100,,13088,7,4,,1,100,,13087,7,4,,1,100,,13090,7,4,,1,100,,13089,7,4,,1,100,,13081,7,4,,1,100,,13078,7,4,,1,100,,13083,7,4,,1,100,,13092,7,4,,1
4001,'6',1045,,13097,7,4,,1,100,,13098,7,4,,1,100,,13096,7,4,,1,100,,13099,7,4,,1,100,,13093,7,4,,1,100,,13095,7,4,,1,100,,13100,7,4,,1,100,,13094,7,4,,1
4001,'7',732,,13185,2,4,,1,15,,13205,5,4,,1,5,,13156,2,4,,1,60,,13176,2,4,,1,20,,13151,2,4,,1,15,,13132,5,4,,1,5,,13118,2,4,,1,60,,13120,2,4,,1,20,,13102,2,4,,1,15,,13141,5,4,,1,5,,13124,2,4,,1,60,,13109,2,4,,1,20,,13146,2,4,,1,15,,13194,5,4,,1,5,,13105,2,4,,1,60,,13193,2,4,,1,20,,13152,2,4,,1,15,,13113,5,4,,1,5,,13119,2,4,,1,60,,13129,2,4,,1,20,,13186,2,4,,1,15,,13148,5,4,,1,5,,13126,2,4,,1,60,,13145,2,4,,1,20,,13121,2,4,,1,15,,13128,5,4,,1,5,,13104,2,4,,1,61,,13150,2,4,,1,20,,13200,2,4,,1,14,,13161,5,4,,1,6,,13201,2,4,,1,60,,13143,2,4,,1,20,,13108,2,4,,1,14,,13178,5,4,,1,6,,13190,2,4,,1,60,,13174,2,4,,1,20,,13138,2,4,,1,14,,13173,5,4,,1,6,,13165,2,4,,1,60,,13171,2,4,,1,20,,13195,2,4,,1,9,,13125,7,4,,1,11,,13144,2,4,,1,60,,13154,2,4,,1,20,,13188,2,4,,1,9,,13163,7,4,,1,11,,13197,2,4,,1,59,,13111,2,4,,1,20,,13162,2,4,,1,15,,13131,7,4,,1,5,,13160,2,4,,1,60,,13157,2,4,,1,20,,13204,2,4,,1,15,,13142,7,4,,1,5,,13177,2,4,,1,60,,13158,2,4,,1,20,,13208,2,4,,1,15,,13164,7,4,,1,5,,13181,2,4,,1,60,,13172,2,4,,1,20,,13114,2,4,,1,15,,13182,7,4,,1,5,,13106,2,4,,1
4001,'8',732,,13268,2,4,,1,15,,13252,5,4,,1,5,,13319,2,4,,1,60,,13275,2,4,,1,20,,13293,2,4,,1,15,,13241,5,4,,1,5,,13309,2,4,,1,60,,13287,2,4,,1,20,,13315,2,4,,1,15,,13317,5,4,,1,5,,13291,2,4,,1,60,,13211,2,4,,1,20,,13220,2,4,,1,15,,13259,5,4,,1,5,,13299,2,4,,1,60,,13215,2,4,,1,20,,13292,2,4,,1,15,,13314,5,4,,1,5,,13288,2,4,,1,60,,13296,2,4,,1,20,,13269,2,4,,1,15,,13249,5,4,,1,5,,13246,2,4,,1,60,,13218,2,4,,1,20,,13262,2,4,,1,15,,13244,5,4,,1,5,,13297,2,4,,1,61,,13271,2,4,,1,20,,13273,2,4,,1,14,,13286,5,4,,1,6,,13301,2,4,,1,60,,13282,2,4,,1,20,,13223,2,4,,1,14,,13243,5,4,,1,6,,13283,2,4,,1,60,,13233,2,4,,1,20,,13242,2,4,,1,14,,13231,5,4,,1,6,,13308,2,4,,1,60,,13294,2,4,,1,20,,13239,2,4,,1,9,,13214,7,4,,1,11,,13316,2,4,,1,60,,13265,2,4,,1,20,,13237,2,4,,1,9,,13229,7,4,,1,11,,13250,2,4,,1,59,,13306,2,4,,1,20,,13253,2,4,,1,15,,13222,7,4,,1,5,,13238,2,4,,1,60,,13289,2,4,,1,20,,13272,2,4,,1,15,,13285,7,4,,1,5,,13300,2,4,,1,60,,13256,2,4,,1,20,,13310,2,4,,1,15,,13279,7,4,,1,5,,13298,2,4,,1,60,,13221,2,4,,1,20,,13305,2,4,,1,15,,13255,7,4,,1,5,,13257,2,4,,1
4001,'9',732,,13332,2,4,,1,15,,13383,5,4,,1,5,,13427,2,4,,1,60,,13395,2,4,,1,20,,13350,2,4,,1,15,,13413,5,4,,1,5,,13347,2,4,,1,60,,13373,2,4,,1,20,,13417,2,4,,1,15,,13326,5,4,,1,5,,13406,2,4,,1,60,,13374,2,4,,1,20,,13388,2,4,,1,15,,13378,5,4,,1,5,,13399,2,4,,1,60,,13324,2,4,,1,20,,13334,2,4,,1,15,,13333,5,4,,1,5,,13335,2,4,,1,60,,13428,2,4,,1,20,,13402,2,4,,1,15,,13405,5,4,,1,5,,13400,2,4,,1,60,,13375,2,4,,1,20,,13391,2,4,,1,15,,13411,5,4,,1,5,,13339,2,4,,1,61,,13336,2,4,,1,20,,13412,2,4,,1,14,,13348,5,4,,1,6,,13341,2,4,,1,60,,13429,2,4,,1,20,,13367,2,4,,1,14,,13349,5,4,,1,6,,13343,2,4,,1,60,,13372,2,4,,1,20,,13342,2,4,,1,14,,13369,5,4,,1,6,,13385,2,4,,1,60,,13381,2,4,,1,20,,13415,2,4,,1,9,,13331,7,4,,1,11,,13422,2,4,,1,60,,13386,2,4,,1,20,,13410,2,4,,1,9,,13389,7,4,,1,11,,13368,2,4,,1,59,,13325,2,4,,1,20,,13390,2,4,,1,15,,13351,7,4,,1,5,,13398,2,4,,1,60,,13330,2,4,,1,20,,13354,2,4,,1,15,,13361,7,4,,1,5,,13394,2,4,,1,60,,13404,2,4,,1,20,,13340,2,4,,1,15,,13409,7,4,,1,5,,13364,2,4,,1,60,,13384,2,4,,1,20,,13356,2,4,,1,15,,13414,7,4,,1,5,,13337,2,4,,1
4501,'1',705,,13443,1,0,20 21 30 12,1,100,,13436,1,0,20 21 30 12,1,100,,13440,1,0,20 21 30 12,1,100,,13431,1,0,20 21 30 12,1,100,,13434,1,0,20 21 30 12,1,100,,13432,1,0,20 21 30 12,1,100,,13442,1,0,20 21 30 12,1,100,,13441,1,0,20 21 30 12,1,100,,13438,1,0,20 21 30 12,1,100,,13445,1,0,20 21 30 12,1,100,,13435,1,0,20 21 30 12,1,100,,13433,1,0,20 21 30 12,1,100,,13437,1,0,20 21 30 12,1,100,,13444,1,0,20 21 30 12,1,100,,13446,1,0,20 21 30 12,1,100,,13439,1,0,20 21 30 12,1
4501,'10',1005,,13450,1,0,20 21 30 12,1,100,,13452,1,0,20 21 30 12,1,100,,13447,1,0,20 21 30 12,1,100,,13449,1,0,20 21 30 12,1,100,,13448,1,0,20 21 30 12,1,100,,13451,1,0,20 21 30 12,1,100,,13454,1,0,20 21 30 12,1,100,,13453,1,0,20 21 30 12,1
4501,'11',1005,,13455,1,0,20 21 30 12,1,100,,13460,1,0,20 21 30 12,1,100,,13456,1,0,20 21 30 12,1,100,,13461,1,0,20 21 30 12,1,100,,13462,1,0,20 21 30 12,1,100,,13458,1,0,20 21 30 12,1,100,,13459,1,0,20 21 30 12,1,100,,13457,1,0,20 21 30 12,1
4501,'2',700,,13551,1,0,6,1,5,,13528,1,0,11 2 5 12,1,15,,13505,1,0,6,1,20,,13567,1,0,6,1,60,,13500,1,0,6,1,5,,13475,1,0,11 2 5 12,1,15,,13558,1,0,6,1,20,,13554,1,0,6,1,60,,13482,1,0,6,1,5,,13501,1,0,11 2 5 12,1,15,,13464,1,0,6,1,20,,13487,1,0,6,1,60,,13549,1,0,6,1,5,,13564,1,0,11 2 5 12,1,15,,13509,1,0,6,1,20,,13518,1,0,6,1,60,,13534,1,0,6,1,5,,13472,1,0,11 2 5 12,1,15,,13523,1,0,6,1,20,,13494,1,0,6,1,60,,13473,1,0,6,1,5,,13539,1,0,11 2 5 12,1,15,,13548,1,0,6,1,20,,13566,1,0,6,1,60,,13481,1,0,6,1,5,,13542,1,0,11 2 5 12,1,15,,13537,1,0,6,1,20,,13504,1,0,6,1,60,,13519,1,0,6,1,5,,13513,1,0,11 2 5 12,1,15,,13493,1,0,6,1,20,,13508,1,0,6,1,60,,13471,1,0,6,1,5,,13527,1,0,11 2 5 12,1,15,,13498,1,0,6,1,20,,13536,1,0,6,1,60,,13503,1,0,6,1,5,,13550,1,0,20 21 30 12,1,15,,13469,1,0,6,1,20,,13502,1,0,6,1,60,,13463,1,0,6,1,5,,13552,1,0,20 21 30 12,1,15,,13488,1,0,6,1,20,,13491,1,0,6,1,60,,13468,1,0,6,1,5,,13568,1,0,20 21 30 12,1,15,,13561,1,0,6,1,20,,13514,1,0,6,1,60,,13571,1,0,6,1,5,,13511,1,0,20 21 30 12,1,15,,13479,1,0,6,1,20,,13522,1,0,6,1,60,,13490,1,0,6,1,5,,13544,1,0,20 21 30 12,1,15,,13553,1,0,6,1,20,,13484,1,0,6,1,60,,13545,1,0,6,1,5,,13507,1,0,20 21 30 12,1,15,,13572,1,0,6,1,20,,13563,1,0,6,1,60,,13530,1,0,6,1,5,,13516,1,0,20 21 30 12,1,15,,13477,1,0,6,1
4501,'3',700,,13575,1,0,6,1,5,,13628,1,0,11 2 5 12,1,15,,13634,1,0,6,1,20,,13602,1,0,6,1,60,,13639,1,0,6,1,5,,13580,1,0,11 2 5 12,1,15,,13643,1,0,6,1,20,,13615,1,0,6,1,60,,13665,1,0,6,1,5,,13584,1,0,11 2 5 12,1,15,,13611,1,0,6,1,20,,13601,1,0,6,1,60,,13609,1,0,6,1,5,,13647,1,0,11 2 5 12,1,15,,13653,1,0,6,1,20,,13659,1,0,6,1,60,,13648,1,0,6,1,5,,13597,1,0,11 2 5 12,1,15,,13679,1,0,6,1,20,,13661,1,0,6,1,60,,13595,1,0,6,1,5,,13632,1,0,11 2 5 12,1,15,,13610,1,0,6,1,20,,13680,1,0,6,1,60,,13654,1,0,6,1,5,,13629,1,0,11 2 5 12,1,15,,13662,1,0,6,1,20,,13677,1,0,6,1,60,,13607,1,0,6,1,5,,13586,1,0,11 2 5 12,1,15,,13596,1,0,6,1,20,,13619,1,0,6,1,60,,13658,1,0,6,1,5,,13640,1,0,11 2 5 12,1,15,,13591,1,0,6,1,20,,13574,1,0,6,1,60,,13645,1,0,6,1,5,,13672,1,0,20 21 30 12,1,15,,13594,1,0,6,1,20,,13623,1,0,6,1,60,,13682,1,0,6,1,5,,13582,1,0,20 21 30 12,1,15,,13644,1,0,6,1,20,,13652,1,0,6,1,60,,13650,1,0,6,1,5,,13592,1,0,20 21 30 12,1,15,,13598,1,0,6,1,20,,13613,1,0,6,1,60,,13656,1,0,6,1,5,,13593,1,0,20 21 30 12,1,15,,13614,1,0,6,1,20,,13674,1,0,6,1,60,,13600,1,0,6,1,5,,13583,1,0,20 21 30 12,1,15,,13646,1,0,6,1,20,,13668,1,0,6,1,60,,13573,1,0,6,1,5,,13667,1,0,20 21 30 12,1,15,,13603,1,0,6,1,20,,13617,1,0,6,1,60,,13673,1,0,6,1,5,,13660,1,0,20 21 30 12,1,15,,13578,1,0,6,1
4501,'4',700,,13725,1,0,6,1,5,,13696,1,0,11 2 5 12,1,15,,10920,1,0,6,1,20,,13771,1,0,6,1,60,,13685,1,0,6,1,5,,13770,1,0,11 2 5 12,1,15,,13768,1,0,6,1,20,,13789,1,0,6,1,60,,13715,1,0,6,1,5,,13760,1,0,11 2 5 12,1,15,,13747,1,0,6,1,20,,13749,1,0,6,1,60,,13776,1,0,6,1,5,,13726,1,0,11 2 5 12,1,15,,13775,1,0,6,1,20,,13732,1,0,6,1,60,,13748,1,0,6,1,5,,13702,1,0,11 2 5 12,1,15,,13739,1,0,6,1,20,,13742,1,0,6,1,60,,13730,1,0,6,1,5,,13720,1,0,11 2 5 12,1,15,,13779,1,0,6,1,20,,13683,1,0,6,1,60,,13719,1,0,6,1,5,,13769,1,0,11 2 5 12,1,15,,13697,1,0,6,1,20,,13727,1,0,6,1,60,,13787,1,0,6,1,5,,13723,1,0,11 2 5 12,1,15,,13688,1,0,6,1,20,,13753,1,0,6,1,60,,13735,1,0,6,1,5,,13722,1,0,11 2 5 12,1,15,,13784,1,0,6,1,20,,13744,1,0,6,1,60,,13791,1,0,6,1,5,,13754,1,0,20 21 30 12,1,15,,13714,1,0,6,1,20,,13772,1,0,6,1,60,,13766,1,0,6,1,5,,13731,1,0,20 21 30 12,1,15,,13745,1,0,6,1,20,,13778,1,0,6,1,60,,13758,1,0,6,1,5,,13694,1,0,20 21 30 12,1,15,,13692,1,0,6,1,20,,13741,1,0,6,1,60,,13750,1,0,6,1,5,,13699,1,0,20 21 30 12,1,15,,13700,1,0,6,1,20,,13687,1,0,6,1,60,,13695,1,0,6,1,5,,13782,1,0,20 21 30 12,1,15,,13703,1,0,6,1,20,,13788,1,0,6,1,60,,13718,1,0,6,1,5,,13785,1,0,20 21 30 12,1,15,,13765,1,0,6,1,20,,13716,1,0,6,1,60,,13773,1,0,6,1,5,,13751,1,0,20 21 30 12,1,15,,13767,1,0,6,1
4501,'5',705,,13798,1,0,20 21 30 12,1,100,,13802,1,0,20 21 30 12,1,100,,13794,1,0,20 21 30 12,1,100,,13806,1,0,20 21 30 12,1,100,,13796,1,0,20 21 30 12,1,100,,13807,1,0,20 21 30 12,1,100,,13805,1,0,20 21 30 12,1,100,,13799,1,0,20 21 30 12,1,100,,13801,1,0,20 21 30 12,1,100,,13795,1,0,20 21 30 12,1,100,,13797,1,0,20 21 30 12,1,100,,13792,1,0,20 21 30 12,1,100,,13800,1,0,20 21 30 12,1,100,,13793,1,0,20 21 30 12,1,100,,13804,1,0,20 21 30 12,1,100,,13803,1,0,20 21 30 12,1
4501,'6',1005,,13809,1,0,20 21 30 12,1,100,,13813,1,0,20 21 30 12,1,100,,13814,1,0,20 21 30 12,1,100,,13812,1,0,20 21 30 12,1,100,,13808,1,0,20 21 30 12,1,100,,13811,1,0,20 21 30 12,1,100,,13815,1,0,20 21 30 12,1,100,,13810,1,0,20 21 30 12,1
4501,'7',700,,13827,1,0,6,1,5,,13881,1,0,11 2 5 12,1,15,,13834,1,0,6,1,20,,13847,1,0,6,1,60,,13897,1,0,6,1,5,,13846,1,0,11 2 5 12,1,15,,13912,1,0,6,1,20,,13904,1,0,6,1,60,,13849,1,0,6,1,5,,13853,1,0,11 2 5 12,1,15,,13825,1,0,6,1,20,,13898,1,0,6,1,60,,13922,1,0,6,1,5,,13821,1,0,11 2 5 12,1,15,,13824,1,0,6,1,20,,13902,1,0,6,1,60,,13843,1,0,6,1,5,,13839,1,0,11 2 5 12,1,15,,13817,1,0,6,1,20,,13851,1,0,6,1,60,,13820,1,0,6,1,5,,13887,1,0,11 2 5 12,1,15,,13840,1,0,6,1,20,,13832,1,0,6,1,60,,13901,1,0,6,1,5,,13861,1,0,11 2 5 12,1,15,,13841,1,0,6,1,20,,13888,1,0,6,1,60,,13910,1,0,6,1,5,,13899,1,0,11 2 5 12,1,15,,13885,1,0,6,1,20,,13905,1,0,6,1,60,,13864,1,0,6,1,5,,13837,1,0,11 2 5 12,1,15,,13877,1,0,6,1,20,,13822,1,0,6,1,60,,13914,1,0,6,1,5,,13866,1,0,20 21 30 12,1,15,,13906,1,0,6,1,20,,13865,1,0,6,1,60,,13921,1,0,6,1,5,,13908,1,0,20 21 30 12,1,15,,13845,1,0,6,1,20,,13875,1,0,6,1,60,,13848,1,0,6,1,5,,13872,1,0,20 21 30 12,1,15,,13892,1,0,6,1,20,,13893,1,0,6,1,60,,13835,1,0,6,1,5,,13816,1,0,20 21 30 12,1,15,,13862,1,0,6,1,20,,13882,1,0,6,1,60,,13880,1,0,6,1,5,,13870,1,0,20 21 30 12,1,15,,13823,1,0,6,1,20,,13830,1,0,6,1,60,,13890,1,0,6,1,5,,13884,1,0,20 21 30 12,1,15,,13833,1,0,6,1,20,,13913,1,0,6,1,60,,13919,1,0,6,1,5,,13874,1,0,20 21 30 12,1,15,,13818,1,0,6,1
4501,'8',700,,13982,1,0,6,1,5,,13989,1,0,11 2 5 12,1,15,,13935,1,0,6,1,20,,13995,1,0,6,1,60,,14010,1,0,6,1,5,,13976,1,0,11 2 5 12,1,15,,13952,1,0,6,1,20,,13927,1,0,6,1,60,,13964,1,0,6,1,5,,13942,1,0,11 2 5 12,1,15,,14034,1,0,6,1,20,,14001,1,0,6,1,60,,13987,1,0,6,1,5,,14016,1,0,11 2 5 12,1,15,,14029,1,0,6,1,20,,13968,1,0,6,1,60,,13998,1,0,6,1,5,,13963,1,0,11 2 5 12,1,15,,13945,1,0,6,1,20,,13984,1,0,6,1,60,,13954,1,0,6,1,5,,13939,1,0,11 2 5 12,1,15,,14011,1,0,6,1,20,,14033,1,0,6,1,60,,13937,1,0,6,1,5,,14009,1,0,11 2 5 12,1,15,,13990,1,0,6,1,20,,14018,1,0,6,1,60,,13994,1,0,6,1,5,,13980,1,0,11 2 5 12,1,15,,14004,1,0,6,1,20,,14012,1,0,6,1,60,,13961,1,0,6,1,5,,13953,1,0,11 2 5 12,1,15,,13993,1,0,6,1,20,,13969,1,0,6,1,60,,14032,1,0,6,1,5,,13948,1,0,20 21 30 12,1,15,,13949,1,0,6,1,20,,13999,1,0,6,1,60,,13940,1,0,6,1,5,,14023,1,0,20 21 30 12,1,15,,13934,1,0,6,1,20,,14021,1,0,6,1,60,,13974,1,0,6,1,5,,13958,1,0,20 21 30 12,1,15,,13926,1,0,6,1,20,,14005,1,0,6,1,60,,13965,1,0,6,1,5,,13983,1,0,20 21 30 12,1,15,,13997,1,0,6,1,20,,14019,1,0,6,1,60,,13955,1,0,6,1,5,,13996,1,0,20 21 30 12,1,15,,14026,1,0,6,1,20,,14020,1,0,6,1,60,,13959,1,0,6,1,5,,13960,1,0,20 21 30 12,1,15,,13975,1,0,6,1,20,,13957,1,0,6,1,60,,13988,1,0,6,1,5,,13951,1,0,20 21 30 12,1,15,,14031,1,0,6,1
4501,'9',700,,14045,1,0,6,1,5,,14051,1,0,11 2 5 12,1,15,,14099,1,0,6,1,20,,14068,1,0,6,1,60,,14121,1,0,6,1,5,,14136,1,0,11 2 5 12,1,15,,14073,1,0,6,1,20,,14064,1,0,6,1,60,,14087,1,0,6,1,5,,14140,1,0,11 2 5 12,1,15,,14117,1,0,6,1,20,,14131,1,0,6,1,60,,14143,1,0,6,1,5,,14145,1,0,11 2 5 12,1,15,,14118,1,0,6,1,20,,14116,1,0,6,1,60,,14127,1,0,6,1,5,,14042,1,0,11 2 5 12,1,15,,14037,1,0,6,1,20,,14048,1,0,6,1,60,,14106,1,0,6,1,5,,14103,1,0,11 2 5 12,1,15,,14059,1,0,6,1,20,,14107,1,0,6,1,60,,14049,1,0,6,1,5,,14067,1,0,11 2 5 12,1,15,,14122,1,0,6,1,20,,14093,1,0,6,1,60,,14089,1,0,6,1,5,,14138,1,0,11 2 5 12,1,15,,14090,1,0,6,1,20,,14104,1,0,6,1,60,,14043,1,0,6,1,5,,14069,1,0,11 2 5 12,1,15,,14085,1,0,6,1,20,,14125,1,0,6,1,60,,14057,1,0,6,1,5,,14082,1,0,20 21 30 12,1,15,,14119,1,0,6,1,20,,14080,1,0,6,1,60,,14065,1,0,6,1,5,,14100,1,0,20 21 30 12,1,15,,14053,1,0,6,1,20,,14144,1,0,6,1,60,,14102,1,0,6,1,5,,14141,1,0,20 21 30 12,1,15,,14097,1,0,6,1,20,,14091,1,0,6,1,60,,14110,1,0,6,1,5,,14126,1,0,20 21 30 12,1,15,,14101,1,0,6,1,20,,14098,1,0,6,1,60,,14039,1,0,6,1,5,,14084,1,0,20 21 30 12,1,15,,14071,1,0,6,1,20,,14062,1,0,6,1,60,,14094,1,0,6,1,5,,14128,1,0,20 21 30 12,1,15,,14055,1,0,6,1,20,,14135,1,0,6,1,60,,14056,1,0,6,1,5,,14108,1,0,20 21 30 12,1,15,,14070,1,0,6,1
5001,'1',748,,14153,12,4,,1,100,,14157,12,4,,1,100,,14156,12,4,,1,100,,14148,12,4,,1,100,,14152,12,4,,1,100,,14150,12,4,,1,100,,14158,12,4,,1,100,,14146,12,4,,1,100,,14159,12,4,,1,100,,14160,12,4,,1,100,,14149,12,4,,1,100,,14151,12,4,,1,100,,14147,12,4,,1,100,,11661,12,4,,1,100,,14154,12,4,,1,100,,14155,12,4,,1
5001,'10',1048,,14167,12,4,,1,100,,14168,12,4,,1,100,,14165,12,4,,1,100,,14163,12,4,,1,100,,14161,12,4,,1,100,,14162,12,4,,1,100,,14166,12,4,,1,100,,14164,12,4,,1
5001,'11',1048,,14170,12,4,,1,100,,14175,12,4,,1,100,,14173,12,4,,1,100,,14176,12,4,,1,100,,14169,12,4,,1,100,,14172,12,4,,1,100,,14174,12,4,,1,100,,14171,12,4,,1
5001,'2',748,,14191,11,4,,1,100,,14181,11,4,,1,100,,14177,11,4,,1,100,,14188,11,4,,1,100,,14178,11,4,,1,100,,14184,11,4,,1,100,,14192,11,4,,1,100,,14186,11,4,,1,100,,14189,11,4,,1,100,,14187,11,4,,1,100,,14190,12,4,,1,100,,14179,12,4,,1,100,,14185,12,4,,1,100,,14183,12,4,,1,100,,14182,12,4,,1,100,,14180,12,4,,1
5001,'3',748,,14204,11,4,,1,100,,14196,11,4,,1,100,,14208,11,4,,1,100,,14205,11,4,,1,100,,14200,11,4,,1,100,,14201,11,4,,1,100,,14206,11,4,,1,100,,14197,11,4,,1,100,,14194,11,4,,1,100,,14202,11,4,,1,100,,14198,12,4,,1,100,,14193,12,4,,1,100,,14203,12,4,,1,100,,14199,12,4,,1,100,,14195,12,4,,1,100,,14207,12,4,,1
5001,'4',748,,14212,11,4,,1,100,,14223,11,4,,1,100,,14219,11,4,,1,100,,14217,11,4,,1,100,,14222,11,4,,1,100,,14221,11,4,,1,100,,14209,11,4,,1,100,,14224,11,4,,1,100,,14210,11,4,,1,100,,14211,11,4,,1,100,,14213,12,4,,1,100,,14218,12,4,,1,100,,14220,12,4,,1,100,,14214,12,4,,1,100,,14216,12,4,,1,100,,14215,12,4,,1
5001,'5',748,,14237,12,4,,1,100,,14233,12,4,,1,100,,14229,12,4,,1,100,,14225,12,4,,1,100,,14230,12,4,,1,100,,14239,12,4,,1,100,,14231,12,4,,1,100,,14235,12,4,,1,100,,14232,12,4,,1,100,,14240,12,4,,1,100,,14228,12,4,,1,100,,14227,12,4,,1,100,,14226,12,4,,1,100,,14238,12,4,,1,100,,14234,12,4,,1,100,,14236,12,4,,1
5001,'6',1048,,14248,12,4,,1,100,,14242,12,4,,1,100,,14243,12,4,,1,100,,14241,12,4,,1,100,,14244,12,4,,1,100,,14246,12,4,,1,100,,14247,12,4,,1,100,,14245,12,4,,1
5001,'7',748,,14258,11,4,,1,100,,14256,11,4,,1,100,,14257,11,4,,1,100,,14264,11,4,,1,100,,14251,11,4,,1,100,,14262,11,4,,1,100,,14249,11,4,,1,100,,14255,11,4,,1,100,,14261,11,4,,1,100,,14254,11,4,,1,100,,14260,12,4,,1,100,,14253,12,4,,1,100,,14263,12,4,,1,100,,14250,12,4,,1,100,,14259,12,4,,1,100,,14252,12,4,,1
5001,'8',748,,14270,11,4,,1,100,,14271,11,4,,1,100,,14278,11,4,,1,100,,14269,11,4,,1,100,,14267,11,4,,1,100,,14273,11,4,,1,100,,14275,11,4,,1,100,,14276,11,4,,1,100,,14277,11,4,,1,100,,14265,11,4,,1,100,,14272,12,4,,1,100,,14280,12,4,,1,100,,14268,12,4,,1,100,,14279,12,4,,1,100,,14274,12,4,,1,100,,14266,12,4,,1
5001,'9',748,,14282,11,4,,1,100,,14289,11,4,,1,100,,14286,11,4,,1,100,,14281,11,4,,1,100,,14294,11,4,,1,100,,14287,11,4,,1,100,,14296,11,4,,1,100,,14283,11,4,,1,100,,14288,11,4,,1,100,,14284,11,4,,1,100,,14291,12,4,,1,100,,14293,12,4,,1,100,,14290,12,4,,1,100,,14295,12,4,,1,100,,14292,12,4,,1,100,,14285,12,4,,1
5501,'1',705,,14310,1,0,20 21 5 12,1,100,,14307,1,0,20 21 5 12,1,100,,14303,1,0,20 21 5 12,1,100,,14301,1,0,20 21 5 12,1,100,,14299,1,0,20 21 5 12,1,100,,14308,1,0,20 21 5 12,1,100,,14298,1,0,20 21 5 12,1,100,,14305,1,0,20 21 5 12,1,100,,14311,1,0,20 21 5 12,1,100,,14306,1,0,20 21 5 12,1,100,,14312,1,0,20 21 5 12,1,100,,14300,1,0,20 21 5 12,1,100,,14309,1,0,20 21 5 12,1,100,,14302,1,0,20 21 5 12,1,100,,14297,1,0,20 21 5 12,1,100,,14304,1,0,20 21 5 12,1
5501,'10',1005,,14317,1,0,20 21 5 12,1,100,,14316,1,0,20 21 5 12,1,100,,14313,1,0,20 21 5 12,1,100,,14319,1,0,20 21 5 12,1,100,,14320,1,0,20 21 5 12,1,100,,14315,1,0,20 21 5 12,1,100,,14318,1,0,20 21 5 12,1,100,,14314,1,0,20 21 5 12,1
5501,'11',1005,,14327,1,0,20 21 5 12,1,100,,14321,1,0,20 21 5 12,1,100,,14323,1,0,20 21 5 12,1,100,,14326,1,0,20 21 5 12,1,100,,14325,1,0,20 21 5 12,1,100,,14322,1,0,20 21 5 12,1,100,,14324,1,0,20 21 5 12,1,100,,14328,1,0,20 21 5 12,1
5501,'2',705,,14332,1,0,11 2 5 12,1,100,,14336,1,0,11 2 5 12,1,100,,14342,1,0,11 2 5 12,1,100,,14331,1,0,11 2 5 12,1,100,,14339,1,0,11 2 5 12,1,100,,14334,1,0,11 2 5 12,1,100,,14338,1,0,11 2 5 12,1,100,,14344,1,0,11 2 5 12,1,100,,14329,1,0,11 2 5 12,1,100,,14337,1,0,11 2 5 12,1,100,,14335,1,0,20 21 5 12,1,100,,14340,1,0,20 21 5 12,1,100,,14343,1,0,20 21 5 12,1,100,,14341,1,0,20 21 5 12,1,100,,14333,1,0,20 21 5 12,1,100,,14330,1,0,20 21 5 12,1
5501,'3',705,,14347,1,0,11 2 5 12,1,100,,14352,1,0,11 2 5 12,1,100,,14345,1,0,11 2 5 12,1,100,,14349,1,0,11 2 5 12,1,100,,14356,1,0,11 2 5 12,1,100,,14358,1,0,11 2 5 12,1,100,,14346,1,0,11 2 5 12,1,100,,14351,1,0,11 2 5 12,1,100,,14350,1,0,11 2 5 12,1,100,,14359,1,0,11 2 5 12,1,100,,14355,1,0,20 21 5 12,1,100,,14348,1,0,20 21 5 12,1,100,,14354,1,0,20 21 5 12,1,100,,14357,1,0,20 21 5 12,1,100,,14353,1,0,20 21 5 12,1,100,,14360,1,0,20 21 5 12,1
5501,'4',705,,14372,1,0,11 2 5 12,1,100,,14375,1,0,11 2 5 12,1,100,,14367,1,0,11 2 5 12,1,100,,14363,1,0,11 2 5 12,1,100,,14371,1,0,11 2 5 12,1,100,,14361,1,0,11 2 5 12,1,100,,14369,1,0,11 2 5 12,1,100,,14373,1,0,11 2 5 12,1,100,,14365,1,0,11 2 5 12,1,100,,14374,1,0,11 2 5 12,1,100,,14364,1,0,20 21 5 12,1,100,,14370,1,0,20 21 5 12,1,100,,14366,1,0,20 21 5 12,1,100,,14362,1,0,20 21 5 12,1,100,,14376,1,0,20 21 5 12,1,100,,14368,1,0,20 21 5 12,1
5501,'5',705,,14391,1,0,20 21 5 12,1,100,,14390,1,0,20 21 5 12,1,100,,14389,1,0,20 21 5 12,1,100,,14386,1,0,20 21 5 12,1,100,,14382,1,0,20 21 5 12,1,100,,14384,1,0,20 21 5 12,1,100,,14381,1,0,20 21 5 12,1,100,,14385,1,0,20 21 5 12,1,100,,14380,1,0,20 21 5 12,1,100,,14392,1,0,20 21 5 12,1,100,,14377,1,0,20 21 5 12,1,100,,14379,1,0,20 21 5 12,1,100,,14388,1,0,20 21 5 12,1,100,,14378,1,0,20 21 5 12,1,100,,14383,1,0,20 21 5 12,1,100,,14387,1,0,20 21 5 12,1
5501,'6',1005,,14395,1,0,20 21 5 12,1,100,,14398,1,0,20 21 5 12,1,100,,14397,1,0,20 21 5 12,1,100,,14394,1,0,20 21 5 12,1,100,,14400,1,0,20 21 5 12,1,100,,14399,1,0,20 21 5 12,1,100,,14396,1,0,20 21 5 12,1,100,,14393,1,0,20 21 5 12,1
5501,'7',705,,14407,1,0,11 2 5 12,1,100,,14416,1,0,11 2 5 12,1,100,,14401,1,0,11 2 5 12,1,100,,14410,1,0,11 2 5 12,1,100,,14414,1,0,11 2 5 12,1,100,,14403,1,0,11 2 5 12,1,100,,14412,1,0,11 2 5 12,1,100,,14408,1,0,11 2 5 12,1,100,,14405,1,0,11 2 5 12,1,100,,14415,1,0,11 2 5 12,1,100,,14411,1,0,20 21 5 12,1,100,,14413,1,0,20 21 5 12,1,100,,14409,1,0,20 21 5 12,1,100,,14402,1,0,20 21 5 12,1,100,,14406,1,0,20 21 5 12,1,100,,14404,1,0,20 21 5 12,1
5501,'8',705,,14431,1,0,11 2 5 12,1,100,,14425,1,0,11 2 5 12,1,100,,14417,1,0,11 2 5 12,1,100,,14427,1,0,11 2 5 12,1,100,,14423,1,0,11 2 5 12,1,100,,14419,1,0,11 2 5 12,1,100,,14418,1,0,11 2 5 12,1,100,,14428,1,0,11 2 5 12,1,100,,14422,1,0,11 2 5 12,1,100,,14429,1,0,11 2 5 12,1,100,,14430,1,0,20 21 5 12,1,100,,14426,1,0,20 21 5 12,1,100,,14420,1,0,20 21 5 12,1,100,,14421,1,0,20 21 5 12,1,100,,14424,1,0,20 21 5 12,1,100,,14432,1,0,20 21 5 12,1
5501,'9',705,,14435,1,0,11 2 5 12,1,100,,14439,1,0,11 2 5 12,1,100,,14437,1,0,11 2 5 12,1,100,,14442,1,0,11 2 5 12,1,100,,14446,1,0,11 2 5 12,1,100,,14447,1,0,11 2 5 12,1,100,,14443,1,0,11 2 5 12,1,100,,14440,1,0,11 2 5 12,1,100,,14444,1,0,11 2 5 12,1,100,,14445,1,0,11 2 5 12,1,100,,14434,1,0,20 21 5 12,1,100,,14448,1,0,20 21 5 12,1,100,,14433,1,0,20 21 5 12,1,100,,14441,1,0,20 21 5 12,1,100,,14438,1,0,20 21 5 12,1,100,,14436,1,0,20 21 5 12,1
7001,'1',703,,15213,1,0,20 21 7,1,100,,15221,1,0,20 21 7,1,100,,15222,1,0,20 21 7,1,100,,15210,1,0,20 21 7,1,100,,15214,1,0,20 21 7,1,100,,15211,1,0,20 21 7,1,100,,15207,1,0,20 21 7,1,100,,15212,1,0,20 21 7,1,100,,15209,1,0,20 21 7,1,100,,15215,1,0,20 21 7,1,100,,15220,1,0,20 21 7,1,100,,15217,1,0,20 21 7,1,100,,15219,1,0,20 21 7,1,100,,15216,1,0,20 21 7,1,100,,15218,1,0,20 21 7,1,100,,15208,1,0,20 21 7,1
7001,'10',1003,,15225,1,0,20 21 7,1,100,,15230,1,0,20 21 7,1,100,,15228,1,0,20 21 7,1,100,,15224,1,0,20 21 7,1,100,,15223,1,0,20 21 7,1,100,,15226,1,0,20 21 7,1,100,,15227,1,0,20 21 7,1,100,,15229,1,0,20 21 7,1
7001,'11',1003,,15238,1,0,20 21 7,1,100,,15234,1,0,20 21 7,1,100,,15235,1,0,20 21 7,1,100,,15232,1,0,20 21 7,1,100,,15233,1,0,20 21 7,1,100,,15237,1,0,20 21 7,1,100,,15236,1,0,20 21 7,1,100,,15231,1,0,20 21 7,1
7001,'2',703,,15266,1,0,11 2 7,1,30,,15246,1,0,11 2 7,1,70,,15261,1,0,11 2 7,1,30,,15254,1,0,11 2 7,1,70,,15244,1,0,11 2 7,1,30,,15268,1,0,11 2 7,1,70,,15251,1,0,11 2 7,1,30,,15250,1,0,11 2 7,1,70,,15257,1,0,11 2 7,1,30,,15263,1,0,11 2 7,1,70,,15248,1,0,11 2 7,1,30,,15265,1,0,11 2 7,1,70,,15256,1,0,11 2 7,1,30,,15239,1,0,11 2 7,1,70,,15252,1,0,11 2 7,1,30,,15242,1,0,11 2 7,1,70,,15269,1,0,11 2 7,1,30,,15262,1,0,11 2 7,1,70,,15260,1,0,11 2 7,1,30,,15253,1,0,11 2 7,1,70,,15249,1,0,20 21 7,1,30,,15259,1,0,20 21 7,1,70,,15247,1,0,20 21 7,1,30,,15240,1,0,20 21 7,1,70,,15258,1,0,20 21 7,1,30,,15245,1,0,20 21 7,1,70,,15241,1,0,20 21 7,1,30,,15255,1,0,20 21 7,1,70,,15264,1,0,20 21 7,1,30,,15267,1,0,20 21 7,1,70,,11539,1,0,20 21 7,1,30,,15243,1,0,20 21 7,1
7001,'3',703,,15277,1,0,11 2 7,1,30,,15271,1,0,11 2 7,1,70,,15299,1,0,11 2 7,1,30,,15285,1,0,11 2 7,1,70,,15274,1,0,11 2 7,1,30,,15291,1,0,11 2 7,1,70,,15298,1,0,11 2 7,1,30,,15297,1,0,11 2 7,1,70,,15275,1,0,11 2 7,1,30,,15281,1,0,11 2 7,1,70,,15272,1,0,11 2 7,1,30,,15293,1,0,11 2 7,1,70,,15290,1,0,11 2 7,1,30,,15301,1,0,11 2 7,1,70,,15286,1,0,11 2 7,1,30,,15300,1,0,11 2 7,1,70,,15296,1,0,11 2 7,1,30,,15295,1,0,11 2 7,1,70,,15280,1,0,11 2 7,1,30,,15284,1,0,11 2 7,1,70,,15282,1,0,20 21 7,1,30,,15270,1,0,20 21 7,1,70,,15289,1,0,20 21 7,1,30,,15294,1,0,20 21 7,1,70,,15292,1,0,20 21 7,1,30,,15278,1,0,20 21 7,1,70,,15288,1,0,20 21 7,1,30,,15273,1,0,20 21 7,1,70,,15287,1,0,20 21 7,1,30,,15279,1,0,20 21 7,1,70,,15276,1,0,20 21 7,1,30,,15283,1,0,20 21 7,1
7001,'4',703,,15320,1,0,11 2 7,1,30,,11071,1,0,11 2 7,1,70,,15323,1,0,11 2 7,1,30,,15321,1,0,11 2 7,1,70,,15309,1,0,11 2 7,1,30,,15310,1,0,11 2 7,1,70,,15328,1,0,11 2 7,1,30,,15313,1,0,11 2 7,1,70,,15324,1,0,11 2 7,1,30,,15330,1,0,11 2 7,1,70,,15304,1,0,11 2 7,1,30,,15322,1,0,11 2 7,1,70,,15331,1,0,11 2 7,1,30,,15306,1,0,11 2 7,1,70,,15316,1,0,11 2 7,1,30,,15326,1,0,11 2 7,1,70,,15314,1,0,11 2 7,1,30,,15315,1,0,11 2 7,1,70,,15318,1,0,11 2 7,1,30,,15317,1,0,11 2 7,1,70,,15302,1,0,20 21 7,1,30,,15307,1,0,20 21 7,1,70,,15311,1,0,20 21 7,1,30,,15327,1,0,20 21 7,1,70,,15312,1,0,20 21 7,1,30,,15308,1,0,20 21 7,1,70,,15305,1,0,20 21 7,1,30,,15332,1,0,20 21 7,1,70,,15319,1,0,20 21 7,1,30,,15303,1,0,20 21 7,1,70,,15329,1,0,20 21 7,1,30,,15325,1,0,20 21 7,1
7001,'5',703,,15344,1,0,20 21 7,1,100,,15346,1,0,20 21 7,1,100,,15347,1,0,20 21 7,1,100,,15339,1,0,20 21 7,1,100,,15333,1,0,20 21 7,1,100,,15334,1,0,20 21 7,1,100,,15341,1,0,20 21 7,1,100,,15345,1,0,20 21 7,1,100,,15338,1,0,20 21 7,1,100,,15343,1,0,20 21 7,1,100,,15342,1,0,20 21 7,1,100,,15335,1,0,20 21 7,1,100,,15348,1,0,20 21 7,1,100,,15340,1,0,20 21 7,1,100,,15337,1,0,20 21 7,1,100,,15336,1,0,20 21 7,1
7001,'6',1003,,15356,1,0,20 21 7,1,100,,15353,1,0,20 21 7,1,100,,15354,1,0,20 21 7,1,100,,15355,1,0,20 21 7,1,100,,15351,1,0,20 21 7,1,100,,15352,1,0,20 21 7,1,100,,15349,1,0,20 21 7,1,100,,15350,1,0,20 21 7,1
7001,'7',703,,15357,1,0,11 2 7,1,30,,15387,1,0,11 2 7,1,70,,15363,1,0,11 2 7,1,30,,15362,1,0,11 2 7,1,70,,15366,1,0,11 2 7,1,30,,15384,1,0,11 2 7,1,70,,15385,1,0,11 2 7,1,30,,15376,1,0,11 2 7,1,70,,15377,1,0,11 2 7,1,30,,15374,1,0,11 2 7,1,70,,15359,1,0,11 2 7,1,30,,15371,1,0,11 2 7,1,70,,15380,1,0,11 2 7,1,30,,15382,1,0,11 2 7,1,70,,15369,1,0,11 2 7,1,30,,15373,1,0,11 2 7,1,70,,15375,1,0,11 2 7,1,30,,15368,1,0,11 2 7,1,70,,15360,1,0,11 2 7,1,30,,15361,1,0,11 2 7,1,70,,15364,1,0,20 21 7,1,30,,15378,1,0,20 21 7,1,70,,15386,1,0,20 21 7,1,30,,15381,1,0,20 21 7,1,70,,15370,1,0,20 21 7,1,30,,15367,1,0,20 21 7,1,70,,15379,1,0,20 21 7,1,30,,15383,1,0,20 21 7,1,70,,15365,1,0,20 21 7,1,30,,15388,1,0,20 21 7,1,70,,15358,1,0,20 21 7,1,30,,15372,1,0,20 21 7,1
7001,'8',703,,15416,1,0,11 2 7,1,30,,15411,1,0,11 2 7,1,70,,15410,1,0,11 2 7,1,30,,15405,1,0,11 2 7,1,70,,15398,1,0,11 2 7,1,30,,15418,1,0,11 2 7,1,70,,15414,1,0,11 2 7,1,30,,15408,1,0,11 2 7,1,70,,15396,1,0,11 2 7,1,30,,15417,1,0,11 2 7,1,70,,15401,1,0,11 2 7,1,30,,15406,1,0,11 2 7,1,70,,15394,1,0,11 2 7,1,30,,15395,1,0,11 2 7,1,70,,15420,1,0,11 2 7,1,30,,15407,1,0,11 2 7,1,70,,15413,1,0,11 2 7,1,30,,15402,1,0,11 2 7,1,70,,15419,1,0,11 2 7,1,30,,15390,1,0,11 2 7,1,70,,15400,1,0,20 21 7,1,30,,15412,1,0,20 21 7,1,70,,15399,1,0,20 21 7,1,30,,15389,1,0,20 21 7,1,70,,15392,1,0,20 21 7,1,30,,15397,1,0,20 21 7,1,70,,15404,1,0,20 21 7,1,30,,15391,1,0,20 21 7,1,70,,15409,1,0,20 21 7,1,30,,15415,1,0,20 21 7,1,70,,15403,1,0,20 21 7,1,30,,15393,1,0,20 21 7,1
7001,'9',703,,15448,1,0,11 2 7,1,30,,15438,1,0,11 2 7,1,70,,15435,1,0,11 2 7,1,30,,15422,1,0,11 2 7,1,70,,15433,1,0,11 2 7,1,30,,15447,1,0,11 2 7,1,70,,15450,1,0,11 2 7,1,30,,15439,1,0,11 2 7,1,70,,15421,1,0,11 2 7,1,30,,15441,1,0,11 2 7,1,70,,15452,1,0,11 2 7,1,30,,15443,1,0,11 2 7,1,70,,15451,1,0,11 2 7,1,30,,15426,1,0,11 2 7,1,70,,15440,1,0,11 2 7,1,30,,15436,1,0,11 2 7,1,70,,15434,1,0,11 2 7,1,30,,15446,1,0,11 2 7,1,70,,15442,1,0,11 2 7,1,30,,15437,1,0,11 2 7,1,70,,15424,1,0,20 21 7,1,30,,15444,1,0,20 21 7,1,70,,15423,1,0,20 21 7,1,30,,15432,1,0,20 21 7,1,70,,15429,1,0,20 21 7,1,30,,15430,1,0,20 21 7,1,70,,15431,1,0,20 21 7,1,30,,15425,1,0,20 21 7,1,70,,15449,1,0,20 21 7,1,30,,15427,1,0,20 21 7,1,70,,15428,1,0,20 21 7,1,30,,15445,1,0,20 21 7,1
7501,'1',751,,15467,10,4,,1,100,,15465,10,4,,1,100,,15463,10,4,,1,100,,15468,10,4,,1,100,,15455,10,4,,1,100,,15457,10,4,,1,100,,15456,10,4,,1,100,,15459,10,4,,1,100,,15461,10,4,,1,100,,15453,10,4,,1,100,,15462,10,4,,1,100,,15458,10,4,,1,100,,15454,10,4,,1,100,,15464,10,4,,1,100,,15466,10,4,,1,100,,15460,10,4,,1
7501,'10',1051,,15474,10,4,,1,100,,15472,10,4,,1,100,,15469,10,4,,1,100,,15470,10,4,,1,100,,15471,10,4,,1,100,,15473,10,4,,1,100,,15476,10,4,,1,100,,15475,10,4,,1
7501,'11',1051,,15480,10,4,,1,100,,15479,10,4,,1,100,,15484,10,4,,1,100,,15477,10,4,,1,100,,15481,10,4,,1,100,,15483,10,4,,1,100,,15482,10,4,,1,100,,15478,10,4,,1
7501,'2',749,,15516,8,4,,1,70,,15498,8,4,,1,30,,15501,8,4,,1,70,,15502,8,4,,1,30,,15505,8,4,,1,70,,15509,8,4,,1,30,,15506,8,4,,1,70,,15503,8,4,,1,30,,15495,8,4,,1,70,,15507,8,4,,1,30,,15488,8,4,,1,70,,15487,8,4,,1,30,,15497,8,4,,1,70,,15490,8,4,,1,30,,15514,8,4,,1,70,,15485,8,4,,1,30,,15508,8,4,,1,70,,15515,8,4,,1,30,,15496,8,4,,1,70,,15486,8,4,,1,32,,15512,10,4,,1,70,,15510,10,4,,1,30,,15504,10,4,,1,70,,15511,10,4,,1,30,,15491,10,4,,1,70,,15493,10,4,,1,30,,15513,10,4,,1,70,,15499,10,4,,1,30,,15492,10,4,,1,70,,15489,10,4,,1,30,,15500,10,4,,1,70,,15494,10,4,,1
7501,'3',749,,15532,8,4,,1,70,,15520,8,4,,1,30,,15540,8,4,,1,70,,15521,8,4,,1,30,,15522,8,4,,1,70,,15529,8,4,,1,30,,15519,8,4,,1,70,,15518,8,4,,1,30,,15533,8,4,,1,70,,15523,8,4,,1,30,,15538,8,4,,1,70,,15541,8,4,,1,30,,15545,8,4,,1,70,,15517,8,4,,1,30,,15536,8,4,,1,70,,15526,8,4,,1,30,,15535,8,4,,1,70,,15547,8,4,,1,30,,15528,8,4,,1,70,,15539,8,4,,1,32,,15527,10,4,,1,70,,15524,10,4,,1,30,,15546,10,4,,1,70,,15543,10,4,,1,30,,15548,10,4,,1,70,,15537,10,4,,1,30,,15534,10,4,,1,70,,15531,10,4,,1,30,,15542,10,4,,1,70,,15544,10,4,,1,30,,15530,10,4,,1,70,,15525,10,4,,1
7501,'4',749,,15550,8,4,,1,70,,15572,8,4,,1,30,,15563,8,4,,1,70,,15567,8,4,,1,30,,15564,8,4,,1,70,,15571,8,4,,1,30,,15551,8,4,,1,70,,15577,8,4,,1,30,,15574,8,4,,1,70,,15579,8,4,,1,30,,15578,8,4,,1,70,,15566,8,4,,1,30,,15555,8,4,,1,70,,15552,8,4,,1,30,,15559,8,4,,1,70,,15562,8,4,,1,30,,15560,8,4,,1,70,,15576,8,4,,1,30,,15565,8,4,,1,70,,15569,8,4,,1,32,,15557,10,4,,1,70,,15558,10,4,,1,30,,15573,10,4,,1,70,,11937,10,4,,1,30,,15568,10,4,,1,70,,15570,10,4,,1,30,,15549,10,4,,1,70,,15561,10,4,,1,30,,15554,10,4,,1,70,,15553,10,4,,1,30,,15556,10,4,,1,70,,15575,10,4,,1
7501,'5',751,,15580,10,4,,1,100,,15594,10,4,,1,100,,15590,10,4,,1,100,,15592,10,4,,1,100,,15586,10,4,,1,100,,15588,10,4,,1,100,,15585,10,4,,1,100,,15591,10,4,,1,100,,15581,10,4,,1,100,,15583,10,4,,1,100,,15584,10,4,,1,100,,15587,10,4,,1,100,,15589,10,4,,1,100,,15593,10,4,,1,100,,15595,10,4,,1,100,,15582,10,4,,1
7501,'6',1051,,15601,10,4,,1,100,,15597,10,4,,1,100,,15596,10,4,,1,100,,15599,10,4,,1,100,,15602,10,4,,1,100,,15598,10,4,,1,100,,15603,10,4,,1,100,,15600,10,4,,1
7501,'7',749,,15620,8,4,,1,70,,15619,8,4,,1,30,,15622,8,4,,1,70,,15635,8,4,,1,30,,15627,8,4,,1,70,,15612,8,4,,1,30,,15626,8,4,,1,70,,15610,8,4,,1,30,,15632,8,4,,1,70,,15605,8,4,,1,30,,15613,8,4,,1,70,,15604,8,4,,1,30,,15617,8,4,,1,70,,15623,8,4,,1,30,,15609,8,4,,1,70,,15631,8,4,,1,30,,15628,8,4,,1,70,,15629,8,4,,1,30,,15630,8,4,,1,70,,15621,8,4,,1,32,,15625,10,4,,1,70,,15633,10,4,,1,30,,15606,10,4,,1,70,,15634,10,4,,1,30,,15615,10,4,,1,70,,15624,10,4,,1,30,,15616,10,4,,1,70,,15614,10,4,,1,30,,15618,10,4,,1,70,,15607,10,4,,1,30,,15611,10,4,,1,70,,15608,10,4,,1
7501,'8',749,,15662,8,4,,1,70,,15650,8,4,,1,30,,15664,8,4,,1,70,,15663,8,4,,1,30,,15644,8,4,,1,70,,15658,8,4,,1,30,,15653,8,4,,1,70,,15667,8,4,,1,30,,15657,8,4,,1,70,,15659,8,4,,1,30,,15636,8,4,,1,70,,15641,8,4,,1,30,,15665,8,4,,1,70,,15649,8,4,,1,30,,15654,8,4,,1,70,,15648,8,4,,1,30,,15652,8,4,,1,70,,15647,8,4,,1,30,,15642,8,4,,1,70,,15639,8,4,,1,32,,15637,10,4,,1,70,,15640,10,4,,1,30,,15661,10,4,,1,70,,15643,10,4,,1,30,,15646,10,4,,1,70,,15666,10,4,,1,30,,15651,10,4,,1,70,,15655,10,4,,1,30,,15645,10,4,,1,70,,15656,10,4,,1,30,,15660,10,4,,1,70,,15638,10,4,,1
7501,'9',749,,15688,8,4,,1,70,,15685,8,4,,1,30,,15672,8,4,,1,70,,15687,8,4,,1,30,,15696,8,4,,1,70,,15684,8,4,,1,30,,15675,8,4,,1,70,,15694,8,4,,1,30,,15697,8,4,,1,70,,15690,8,4,,1,30,,15680,8,4,,1,70,,15689,8,4,,1,30,,15698,8,4,,1,70,,15674,8,4,,1,30,,15669,8,4,,1,70,,15678,8,4,,1,30,,15679,8,4,,1,70,,15671,8,4,,1,30,,15691,8,4,,1,70,,15681,8,4,,1,32,,15682,10,4,,1,70,,15676,10,4,,1,30,,15683,10,4,,1,70,,15668,10,4,,1,30,,15692,10,4,,1,70,,15699,10,4,,1,30,,15686,10,4,,1,70,,15677,10,4,,1,30,,15693,10,4,,1,70,,15673,10,4,,1,30,,15695,10,4,,1,70,,15670,10,4,,1
