2501,'1',633,,12446,8,0,26 27 28,1,100,,12449,8,0,26 27 28,1,100,,12461,8,0,26 27 28,1,100,,12460,8,0,26 27 28,1,100,,12453,8,0,26 27 28,1,100,,12450,8,0,26 27 28,1,100,,12459,8,0,26 27 28,1,100,,12451,8,0,26 27 28,1,100,,12454,8,0,26 27 28,1,100,,12455,8,0,26 27 28,1,100,,12448,8,0,26 27 28,1,100,,12456,8,0,26 27 28,1,100,,12458,8,0,26 27 28,1,100,,12457,8,0,26 27 28,1,100,,12452,8,0,26 27 28,1,100,,12447,8,0,26 27 28,1
2501,'10',1033,,12465,8,0,26 27 28,1,100,,12469,8,0,26 27 28,1,100,,12466,8,0,26 27 28,1,100,,12462,8,0,26 27 28,1,100,,12468,8,0,26 27 28,1,100,,12467,8,0,26 27 28,1,100,,12463,8,0,26 27 28,1,100,,12464,8,0,26 27 28,1
2501,'11',1033,,12477,8,0,26 27 28,1,100,,12471,8,0,26 27 28,1,100,,12475,8,0,26 27 28,1,100,,12470,8,0,26 27 28,1,100,,12476,8,0,26 27 28,1,100,,12474,8,0,26 27 28,1,100,,12473,8,0,26 27 28,1,100,,12472,8,0,26 27 28,1
2501,'2',633,,12487,8,0,26 27 28,1,100,,12491,8,0,26 27 28,1,100,,12492,8,0,26 27 28,1,100,,12486,8,0,26 27 28,1,100,,12490,8,0,26 27 28,1,100,,12479,8,0,26 27 28,1,100,,12481,8,0,26 27 28,1,100,,12480,8,0,26 27 28,1,100,,12493,8,0,26 27 28,1,100,,12484,8,0,26 27 28,1,100,,12483,8,0,26 27 28,1,100,,12489,8,0,26 27 28,1,100,,12488,8,0,26 27 28,1,100,,12485,8,0,26 27 28,1,100,,12482,8,0,26 27 28,1,100,,12478,8,0,26 27 28,1
2501,'3',633,,12502,8,0,26 27 28,1,100,,12504,8,0,26 27 28,1,100,,12495,8,0,26 27 28,1,100,,12494,8,0,26 27 28,1,100,,12500,8,0,26 27 28,1,100,,12506,8,0,26 27 28,1,100,,12503,8,0,26 27 28,1,100,,12507,8,0,26 27 28,1,100,,12499,8,0,26 27 28,1,100,,12498,8,0,26 27 28,1,100,,12496,8,0,26 27 28,1,100,,12497,8,0,26 27 28,1,100,,12501,8,0,26 27 28,1,100,,12505,8,0,26 27 28,1,100,,12508,8,0,26 27 28,1,100,,12509,8,0,26 27 28,1
2501,'4',633,,12519,8,0,26 27 28,1,100,,12522,8,0,26 27 28,1,100,,12523,8,0,26 27 28,1,100,,12516,8,0,26 27 28,1,100,,12512,8,0,26 27 28,1,100,,12520,8,0,26 27 28,1,100,,12518,8,0,26 27 28,1,100,,12525,8,0,26 27 28,1,100,,12515,8,0,26 27 28,1,100,,12517,8,0,26 27 28,1,100,,12524,8,0,26 27 28,1,100,,12513,8,0,26 27 28,1,100,,12511,8,0,26 27 28,1,100,,12521,8,0,26 27 28,1,100,,12510,8,0,26 27 28,1,100,,12514,8,0,26 27 28,1
2501,'5',633,,12533,8,0,26 27 28,1,100,,12529,8,0,26 27 28,1,100,,12534,8,0,26 27 28,1,100,,12539,8,0,26 27 28,1,100,,12528,8,0,26 27 28,1,100,,12541,8,0,26 27 28,1,100,,12537,8,0,26 27 28,1,100,,12532,8,0,26 27 28,1,100,,12530,8,0,26 27 28,1,100,,12527,8,0,26 27 28,1,100,,12526,8,0,26 27 28,1,100,,12535,8,0,26 27 28,1,100,,12538,8,0,26 27 28,1,100,,12536,8,0,26 27 28,1,100,,12540,8,0,26 27 28,1,100,,12531,8,0,26 27 28,1
2501,'6',1033,,12542,8,0,26 27 28,1,100,,12549,8,0,26 27 28,1,100,,12546,8,0,26 27 28,1,100,,12544,8,0,26 27 28,1,100,,12543,8,0,26 27 28,1,100,,12545,8,0,26 27 28,1,100,,12548,8,0,26 27 28,1,100,,12547,8,0,26 27 28,1
2501,'7',633,,12560,8,0,26 27 28,1,100,,12558,8,0,26 27 28,1,100,,12563,8,0,26 27 28,1,100,,12551,8,0,26 27 28,1,100,,12552,8,0,26 27 28,1,100,,12557,8,0,26 27 28,1,100,,12561,8,0,26 27 28,1,100,,12562,8,0,26 27 28,1,100,,12553,8,0,26 27 28,1,100,,12564,8,0,26 27 28,1,100,,12556,8,0,26 27 28,1,100,,12554,8,0,26 27 28,1,100,,12550,8,0,26 27 28,1,100,,12565,8,0,26 27 28,1,100,,12559,8,0,26 27 28,1,100,,12555,8,0,26 27 28,1
2501,'8',633,,12570,8,0,26 27 28,1,100,,12566,8,0,26 27 28,1,100,,12571,8,0,26 27 28,1,100,,12581,8,0,26 27 28,1,100,,12575,8,0,26 27 28,1,100,,12573,8,0,26 27 28,1,100,,12579,8,0,26 27 28,1,100,,12578,8,0,26 27 28,1,100,,12577,8,0,26 27 28,1,100,,12568,8,0,26 27 28,1,100,,12574,8,0,26 27 28,1,100,,12567,8,0,26 27 28,1,100,,12576,8,0,26 27 28,1,100,,12580,8,0,26 27 28,1,100,,12572,8,0,26 27 28,1,100,,12569,8,0,26 27 28,1
2501,'9',633,,12596,8,0,26 27 28,1,100,,12597,8,0,26 27 28,1,100,,12595,8,0,26 27 28,1,100,,12590,8,0,26 27 28,1,100,,12586,8,0,26 27 28,1,100,,12584,8,0,26 27 28,1,100,,12582,8,0,26 27 28,1,100,,12589,8,0,26 27 28,1,100,,12591,8,0,26 27 28,1,100,,12585,8,0,26 27 28,1,100,,12593,8,0,26 27 28,1,100,,12587,8,0,26 27 28,1,100,,12588,8,0,26 27 28,1,100,,12592,8,0,26 27 28,1,100,,12594,8,0,26 27 28,1,100,,12583,8,0,26 27 28,1
