6501,'1',709,,14827,3,0,20 21 5 12,1,100,,14824,3,0,20 21 5 12,1,100,,14831,3,0,20 21 5 12,1,100,,14830,3,0,20 21 5 12,1,100,,14832,3,0,20 21 5 12,1,100,,14835,3,0,20 21 5 12,1,100,,14828,3,0,20 21 5 12,1,100,,14836,3,0,20 21 5 12,1,100,,14822,3,0,20 21 5 12,1,100,,14833,3,0,20 21 5 12,1,100,,14826,3,0,20 21 5 12,1,100,,14825,3,0,20 21 5 12,1,100,,14821,3,0,20 21 5 12,1,100,,14823,3,0,20 21 5 12,1,100,,14829,3,0,20 21 5 12,1,100,,14834,3,0,20 21 5 12,1
6501,'10',1009,,14842,3,0,20 21 5 12,1,100,,14843,3,0,20 21 5 12,1,100,,14841,3,0,20 21 5 12,1,100,,14837,3,0,20 21 5 12,1,100,,14844,3,0,20 21 5 12,1,100,,14840,3,0,20 21 5 12,1,100,,14839,3,0,20 21 5 12,1,100,,14838,3,0,20 21 5 12,1
6501,'11',1009,,14848,3,0,20 21 5 12,1,100,,14846,3,0,20 21 5 12,1,100,,14847,3,0,20 21 5 12,1,100,,14849,3,0,20 21 5 12,1,100,,14845,3,0,20 21 5 12,1,100,,14852,3,0,20 21 5 12,1,100,,14850,3,0,20 21 5 12,1,100,,14851,3,0,20 21 5 12,1
6501,'2',709,,14881,3,0,11 2 5 12,1,30,,14865,3,0,11 2 5 12,1,70,,14892,3,0,11 2 5 12,1,30,,14873,3,0,11 2 5 12,1,70,,14886,3,0,11 2 5 12,1,30,,14857,3,0,11 2 5 12,1,70,,14906,3,0,11 2 5 12,1,30,,14867,3,0,11 2 5 12,1,70,,14907,3,0,11 2 5 12,1,30,,14894,3,0,11 2 5 12,1,70,,14870,3,0,11 2 5 12,1,30,,14882,3,0,11 2 5 12,1,70,,14869,3,0,11 2 5 12,1,30,,14858,3,0,11 2 5 12,1,70,,14891,3,0,11 2 5 12,1,30,,14884,3,0,11 2 5 12,1,70,,14905,3,0,11 2 5 12,1,30,,14877,3,0,11 2 5 12,1,70,,14874,3,0,11 2 5 12,1,30,,14868,3,0,11 2 5 12,1,70,,14853,3,0,20 21 5 12,1,30,,14903,3,0,20 21 5 12,1,70,,14896,3,0,20 21 5 12,1,30,,14861,3,0,20 21 5 12,1,70,,14885,3,0,20 21 5 12,1,30,,14883,3,0,20 21 5 12,1,70,,14871,3,0,20 21 5 12,1,30,,14859,3,0,20 21 5 12,1,70,,14862,3,0,20 21 5 12,1,30,,14890,3,0,20 21 5 12,1,70,,14901,3,0,20 21 5 12,1,30,,14900,3,0,20 21 5 12,1
6501,'3',709,,14954,3,0,11 2 5 12,1,30,,14950,3,0,11 2 5 12,1,70,,14960,3,0,11 2 5 12,1,30,,14956,3,0,11 2 5 12,1,70,,14935,3,0,11 2 5 12,1,30,,14952,3,0,11 2 5 12,1,70,,14923,3,0,11 2 5 12,1,30,,14926,3,0,11 2 5 12,1,70,,14929,3,0,11 2 5 12,1,30,,14931,3,0,11 2 5 12,1,70,,14908,3,0,11 2 5 12,1,30,,14941,3,0,11 2 5 12,1,70,,14927,3,0,11 2 5 12,1,30,,14921,3,0,11 2 5 12,1,70,,14937,3,0,11 2 5 12,1,30,,14943,3,0,11 2 5 12,1,70,,14924,3,0,11 2 5 12,1,30,,14945,3,0,11 2 5 12,1,70,,14953,3,0,11 2 5 12,1,30,,14916,3,0,11 2 5 12,1,70,,14949,3,0,20 21 5 12,1,30,,14942,3,0,20 21 5 12,1,70,,14934,3,0,20 21 5 12,1,30,,14917,3,0,20 21 5 12,1,70,,14938,3,0,20 21 5 12,1,30,,14920,3,0,20 21 5 12,1,70,,14911,3,0,20 21 5 12,1,30,,14913,3,0,20 21 5 12,1,70,,14928,3,0,20 21 5 12,1,30,,14918,3,0,20 21 5 12,1,70,,14914,3,0,20 21 5 12,1,30,,14912,3,0,20 21 5 12,1
6501,'4',709,,15016,3,0,11 2 5 12,1,30,,14989,3,0,11 2 5 12,1,70,,14986,3,0,11 2 5 12,1,30,,14974,3,0,11 2 5 12,1,70,,14988,3,0,11 2 5 12,1,30,,14987,3,0,11 2 5 12,1,70,,14963,3,0,11 2 5 12,1,30,,15007,3,0,11 2 5 12,1,70,,14990,3,0,11 2 5 12,1,30,,15013,3,0,11 2 5 12,1,70,,15003,3,0,11 2 5 12,1,30,,15001,3,0,11 2 5 12,1,70,,15015,3,0,11 2 5 12,1,30,,14981,3,0,11 2 5 12,1,70,,14966,3,0,11 2 5 12,1,30,,14971,3,0,11 2 5 12,1,70,,14970,3,0,11 2 5 12,1,30,,14975,3,0,11 2 5 12,1,70,,15017,3,0,11 2 5 12,1,30,,14977,3,0,11 2 5 12,1,70,,14999,3,0,20 21 5 12,1,30,,15010,3,0,20 21 5 12,1,70,,14979,3,0,20 21 5 12,1,30,,15004,3,0,20 21 5 12,1,70,,14992,3,0,20 21 5 12,1,30,,14997,3,0,20 21 5 12,1,70,,14972,3,0,20 21 5 12,1,30,,14998,3,0,20 21 5 12,1,70,,14969,3,0,20 21 5 12,1,30,,14967,3,0,20 21 5 12,1,70,,14982,3,0,20 21 5 12,1,30,,14991,3,0,20 21 5 12,1
6501,'5',709,,15031,3,0,20 21 5 12,1,100,,15020,3,0,20 21 5 12,1,100,,15027,3,0,20 21 5 12,1,100,,15033,3,0,20 21 5 12,1,100,,15032,3,0,20 21 5 12,1,100,,15024,3,0,20 21 5 12,1,100,,15021,3,0,20 21 5 12,1,100,,15022,3,0,20 21 5 12,1,100,,15026,3,0,20 21 5 12,1,100,,15023,3,0,20 21 5 12,1,100,,15028,3,0,20 21 5 12,1,100,,15018,3,0,20 21 5 12,1,100,,15030,3,0,20 21 5 12,1,100,,15025,3,0,20 21 5 12,1,100,,15029,3,0,20 21 5 12,1,100,,15019,3,0,20 21 5 12,1
6501,'6',1009,,15034,3,0,20 21 5 12,1,100,,15037,3,0,20 21 5 12,1,100,,15039,3,0,20 21 5 12,1,100,,15041,3,0,20 21 5 12,1,100,,15038,3,0,20 21 5 12,1,100,,15040,3,0,20 21 5 12,1,100,,15035,3,0,20 21 5 12,1,100,,15036,3,0,20 21 5 12,1
6501,'7',709,,15094,3,0,11 2 5 12,1,30,,15085,3,0,11 2 5 12,1,70,,15096,3,0,11 2 5 12,1,30,,15063,3,0,11 2 5 12,1,70,,15089,3,0,11 2 5 12,1,30,,15076,3,0,11 2 5 12,1,70,,15078,3,0,11 2 5 12,1,30,,15046,3,0,11 2 5 12,1,70,,15087,3,0,11 2 5 12,1,30,,15074,3,0,11 2 5 12,1,70,,15083,3,0,11 2 5 12,1,30,,15092,3,0,11 2 5 12,1,70,,15067,3,0,11 2 5 12,1,30,,15091,3,0,11 2 5 12,1,70,,15057,3,0,11 2 5 12,1,30,,15043,3,0,11 2 5 12,1,70,,15044,3,0,11 2 5 12,1,30,,15090,3,0,11 2 5 12,1,70,,15075,3,0,11 2 5 12,1,30,,15052,3,0,11 2 5 12,1,70,,15055,3,0,20 21 5 12,1,30,,15088,3,0,20 21 5 12,1,70,,15080,3,0,20 21 5 12,1,30,,15068,3,0,20 21 5 12,1,70,,15053,3,0,20 21 5 12,1,30,,15060,3,0,20 21 5 12,1,70,,15084,3,0,20 21 5 12,1,30,,15093,3,0,20 21 5 12,1,70,,15050,3,0,20 21 5 12,1,30,,15073,3,0,20 21 5 12,1,70,,15051,3,0,20 21 5 12,1,30,,15070,3,0,20 21 5 12,1
6501,'8',709,,15131,3,0,11 2 5 12,1,30,,15100,3,0,11 2 5 12,1,70,,15134,3,0,11 2 5 12,1,30,,15107,3,0,11 2 5 12,1,70,,15130,3,0,11 2 5 12,1,30,,15124,3,0,11 2 5 12,1,70,,15142,3,0,11 2 5 12,1,30,,15140,3,0,11 2 5 12,1,70,,15128,3,0,11 2 5 12,1,30,,15122,3,0,11 2 5 12,1,70,,15120,3,0,11 2 5 12,1,30,,15139,3,0,11 2 5 12,1,70,,15138,3,0,11 2 5 12,1,30,,15147,3,0,11 2 5 12,1,70,,15146,3,0,11 2 5 12,1,30,,15144,3,0,11 2 5 12,1,70,,15099,3,0,11 2 5 12,1,30,,15109,3,0,11 2 5 12,1,70,,15143,3,0,11 2 5 12,1,30,,15113,3,0,11 2 5 12,1,70,,15101,3,0,20 21 5 12,1,30,,15098,3,0,20 21 5 12,1,70,,15118,3,0,20 21 5 12,1,30,,15129,3,0,20 21 5 12,1,70,,15097,3,0,20 21 5 12,1,30,,15127,3,0,20 21 5 12,1,70,,15141,3,0,20 21 5 12,1,30,,15132,3,0,20 21 5 12,1,70,,15150,3,0,20 21 5 12,1,30,,15104,3,0,20 21 5 12,1,70,,15148,3,0,20 21 5 12,1,30,,15137,3,0,20 21 5 12,1
6501,'9',709,,15171,3,0,11 2 5 12,1,30,,15168,3,0,11 2 5 12,1,70,,15194,3,0,11 2 5 12,1,30,,15187,3,0,11 2 5 12,1,70,,15157,3,0,11 2 5 12,1,30,,15192,3,0,11 2 5 12,1,70,,15152,3,0,11 2 5 12,1,30,,15193,3,0,11 2 5 12,1,70,,15166,3,0,11 2 5 12,1,30,,15178,3,0,11 2 5 12,1,70,,15160,3,0,11 2 5 12,1,30,,15177,3,0,11 2 5 12,1,70,,15204,3,0,11 2 5 12,1,30,,15156,3,0,11 2 5 12,1,70,,15189,3,0,11 2 5 12,1,30,,15180,3,0,11 2 5 12,1,70,,15182,3,0,11 2 5 12,1,30,,15174,3,0,11 2 5 12,1,70,,15173,3,0,11 2 5 12,1,30,,15175,3,0,11 2 5 12,1,70,,15172,3,0,20 21 5 12,1,30,,15158,3,0,20 21 5 12,1,70,,15190,3,0,20 21 5 12,1,30,,15184,3,0,20 21 5 12,1,70,,15154,3,0,20 21 5 12,1,30,,15196,3,0,20 21 5 12,1,70,,15202,3,0,20 21 5 12,1,30,,15179,3,0,20 21 5 12,1,70,,15199,3,0,20 21 5 12,1,30,,15195,3,0,20 21 5 12,1,70,,15191,3,0,20 21 5 12,1,30,,15159,3,0,20 21 5 12,1
