2501,'1',631,,12446,4,0,26 27 28,1,100,,12449,4,0,26 27 28,1,100,,12461,4,0,26 27 28,1,100,,12460,4,0,26 27 28,1,100,,12453,4,0,26 27 28,1,100,,12450,4,0,26 27 28,1,100,,12459,4,0,26 27 28,1,100,,12451,4,0,26 27 28,1,100,,12454,4,0,26 27 28,1,100,,12455,4,0,26 27 28,1,100,,12448,4,0,26 27 28,1,100,,12456,4,0,26 27 28,1,100,,12458,4,0,26 27 28,1,100,,12457,4,0,26 27 28,1,100,,12452,4,0,26 27 28,1,100,,12447,4,0,26 27 28,1
2501,'10',1031,,12465,4,0,26 27 28,1,100,,12469,4,0,26 27 28,1,100,,12466,4,0,26 27 28,1,100,,12462,4,0,26 27 28,1,100,,12468,4,0,26 27 28,1,100,,12467,4,0,26 27 28,1,100,,12463,4,0,26 27 28,1,100,,12464,4,0,26 27 28,1
2501,'11',1031,,12477,4,0,26 27 28,1,100,,12471,4,0,26 27 28,1,100,,12475,4,0,26 27 28,1,100,,12470,4,0,26 27 28,1,100,,12476,4,0,26 27 28,1,100,,12474,4,0,26 27 28,1,100,,12473,4,0,26 27 28,1,100,,12472,4,0,26 27 28,1
2501,'2',631,,12487,4,0,26 27 28,1,100,,12491,4,0,26 27 28,1,100,,12492,4,0,26 27 28,1,100,,12486,4,0,26 27 28,1,100,,12490,4,0,26 27 28,1,100,,12479,4,0,26 27 28,1,100,,12481,4,0,26 27 28,1,100,,12480,4,0,26 27 28,1,100,,12493,4,0,26 27 28,1,100,,12484,4,0,26 27 28,1,100,,12483,4,0,26 27 28,1,100,,12489,4,0,26 27 28,1,100,,12488,4,0,26 27 28,1,100,,12485,4,0,26 27 28,1,100,,12482,4,0,26 27 28,1,100,,12478,4,0,26 27 28,1
2501,'3',631,,12502,4,0,26 27 28,1,100,,12504,4,0,26 27 28,1,100,,12495,4,0,26 27 28,1,100,,12494,4,0,26 27 28,1,100,,12500,4,0,26 27 28,1,100,,12506,4,0,26 27 28,1,100,,12503,4,0,26 27 28,1,100,,12507,4,0,26 27 28,1,100,,12499,4,0,26 27 28,1,100,,12498,4,0,26 27 28,1,100,,12496,4,0,26 27 28,1,100,,12497,4,0,26 27 28,1,100,,12501,4,0,26 27 28,1,100,,12505,4,0,26 27 28,1,100,,12508,4,0,26 27 28,1,100,,12509,4,0,26 27 28,1
2501,'4',631,,12519,4,0,26 27 28,1,100,,12522,4,0,26 27 28,1,100,,12523,4,0,26 27 28,1,100,,12516,4,0,26 27 28,1,100,,12512,4,0,26 27 28,1,100,,12520,4,0,26 27 28,1,100,,12518,4,0,26 27 28,1,100,,12525,4,0,26 27 28,1,100,,12515,4,0,26 27 28,1,100,,12517,4,0,26 27 28,1,100,,12524,4,0,26 27 28,1,100,,12513,4,0,26 27 28,1,100,,12511,4,0,26 27 28,1,100,,12521,4,0,26 27 28,1,100,,12510,4,0,26 27 28,1,100,,12514,4,0,26 27 28,1
2501,'5',631,,12533,4,0,26 27 28,1,100,,12529,4,0,26 27 28,1,100,,12534,4,0,26 27 28,1,100,,12539,4,0,26 27 28,1,100,,12528,4,0,26 27 28,1,100,,12541,4,0,26 27 28,1,100,,12537,4,0,26 27 28,1,100,,12532,4,0,26 27 28,1,100,,12530,4,0,26 27 28,1,100,,12527,4,0,26 27 28,1,100,,12526,4,0,26 27 28,1,100,,12535,4,0,26 27 28,1,100,,12538,4,0,26 27 28,1,100,,12536,4,0,26 27 28,1,100,,12540,4,0,26 27 28,1,100,,12531,4,0,26 27 28,1
2501,'6',1031,,12542,4,0,26 27 28,1,100,,12549,4,0,26 27 28,1,100,,12546,4,0,26 27 28,1,100,,12544,4,0,26 27 28,1,100,,12543,4,0,26 27 28,1,100,,12545,4,0,26 27 28,1,100,,12548,4,0,26 27 28,1,100,,12547,4,0,26 27 28,1
2501,'7',631,,12560,4,0,26 27 28,1,100,,12558,4,0,26 27 28,1,100,,12563,4,0,26 27 28,1,100,,12551,4,0,26 27 28,1,100,,12552,4,0,26 27 28,1,100,,12557,4,0,26 27 28,1,100,,12561,4,0,26 27 28,1,100,,12562,4,0,26 27 28,1,100,,12553,4,0,26 27 28,1,100,,12564,4,0,26 27 28,1,100,,12556,4,0,26 27 28,1,100,,12554,4,0,26 27 28,1,100,,12550,4,0,26 27 28,1,100,,12565,4,0,26 27 28,1,100,,12559,4,0,26 27 28,1,100,,12555,4,0,26 27 28,1
2501,'8',631,,12570,4,0,26 27 28,1,100,,12566,4,0,26 27 28,1,100,,12571,4,0,26 27 28,1,100,,12581,4,0,26 27 28,1,100,,12575,4,0,26 27 28,1,100,,12573,4,0,26 27 28,1,100,,12579,4,0,26 27 28,1,100,,12578,4,0,26 27 28,1,100,,12577,4,0,26 27 28,1,100,,12568,4,0,26 27 28,1,100,,12574,4,0,26 27 28,1,100,,12567,4,0,26 27 28,1,100,,12576,4,0,26 27 28,1,100,,12580,4,0,26 27 28,1,100,,12572,4,0,26 27 28,1,100,,12569,4,0,26 27 28,1
2501,'9',631,,12596,4,0,26 27 28,1,100,,12597,4,0,26 27 28,1,100,,12595,4,0,26 27 28,1,100,,12590,4,0,26 27 28,1,100,,12586,4,0,26 27 28,1,100,,12584,4,0,26 27 28,1,100,,12582,4,0,26 27 28,1,100,,12589,4,0,26 27 28,1,100,,12591,4,0,26 27 28,1,100,,12585,4,0,26 27 28,1,100,,12593,4,0,26 27 28,1,100,,12587,4,0,26 27 28,1,100,,12588,4,0,26 27 28,1,100,,12592,4,0,26 27 28,1,100,,12594,4,0,26 27 28,1,100,,12583,4,0,26 27 28,1
