2200,'1',630,,11989,1,,,1,100,,11977,1,,,1,100,,11984,1,,,1,100,,11991,1,,,1,100,,11976,1,,,1,100,,11981,1,,,1,100,,11980,1,,,1,100,,11979,1,,,1,100,,11988,1,,,1,100,,11982,1,,,1,100,,11990,1,,,1,100,,11987,1,,,1,100,,11986,1,,,1,100,,11983,1,,,1,100,,11985,1,,,1,100,,11975,1,,,1,100,,11978,1,,,1
2200,'10',930,,11999,1,,,1,100,,11994,1,,,1,100,,11996,1,,,1,100,,11995,1,,,1,100,,11993,1,,,1,100,,11997,1,,,1,100,,11998,1,,,1,100,,11992,1,,,1
2200,'11',930,,12000,1,,,1,100,,12007,1,,,1,100,,12002,1,,,1,100,,12001,1,,,1,100,,12006,1,,,1,100,,12003,1,,,1,100,,12005,1,,,1,100,,12004,1,,,1
2200,'2',630,,12017,1,,,1,100,,12010,1,,,1,100,,12011,1,,,1,100,,12019,1,,,1,100,,12015,1,,,1,100,,12024,1,,,1,100,,12020,1,,,1,100,,12013,1,,,1,100,,12023,1,,,1,100,,12022,1,,,1,100,,12009,1,,,1,100,,12016,1,,,1,100,,12018,1,,,1,100,,12021,1,,,1,100,,12012,1,,,1,100,,12008,1,,,1,100,,12014,1,,,1
2200,'3',630,,12034,1,,,1,100,,12028,1,,,1,100,,12026,1,,,1,100,,12037,1,,,1,100,,12032,1,,,1,100,,12041,1,,,1,100,,12040,1,,,1,100,,12027,1,,,1,100,,12025,1,,,1,100,,12030,1,,,1,100,,12038,1,,,1,100,,12036,1,,,1,100,,12033,1,,,1,100,,12039,1,,,1,100,,12029,1,,,1,100,,12031,1,,,1,100,,12035,1,,,1
2200,'4',630,,12048,1,,,1,100,,12042,1,,,1,100,,12051,1,,,1,100,,12056,1,,,1,100,,12043,1,,,1,100,,12046,1,,,1,100,,12052,1,,,1,100,,12055,1,,,1,100,,12044,1,,,1,100,,12045,1,,,1,100,,8385,1,,,1,100,,12047,1,,,1,100,,12057,1,,,1,100,,12053,1,,,1,100,,12049,1,,,1,100,,12054,1,,,1,100,,12050,1,,,1
2200,'5',630,,12065,1,,,1,100,,12063,1,,,1,100,,12066,1,,,1,100,,12074,1,,,1,100,,12064,1,,,1,100,,12058,1,,,1,100,,12068,1,,,1,100,,12062,1,,,1,100,,12070,1,,,1,100,,12069,1,,,1,100,,12060,1,,,1,100,,12059,1,,,1,100,,12071,1,,,1,100,,12067,1,,,1,100,,12073,1,,,1,100,,12061,1,,,1,100,,12072,1,,,1
2200,'6',930,,12077,1,,,1,100,,12079,1,,,1,100,,12076,1,,,1,100,,12082,1,,,1,100,,12075,1,,,1,100,,12081,1,,,1,100,,12080,1,,,1,100,,12078,1,,,1
2200,'7',630,,12094,1,,,1,100,,12083,1,,,1,100,,12086,1,,,1,100,,12096,1,,,1,100,,12091,1,,,1,100,,12085,1,,,1,100,,12098,1,,,1,100,,12093,1,,,1,100,,12092,1,,,1,100,,12088,1,,,1,100,,12087,1,,,1,100,,12097,1,,,1,100,,12095,1,,,1,100,,12090,1,,,1,100,,12084,1,,,1,100,,12089,1,,,1,100,,12099,1,,,1
2200,'8',630,,12105,1,,,1,100,,12100,1,,,1,100,,12103,1,,,1,100,,12107,1,,,1,100,,12115,1,,,1,100,,12113,1,,,1,100,,12101,1,,,1,100,,12116,1,,,1,100,,12110,1,,,1,100,,12112,1,,,1,100,,12111,1,,,1,100,,12102,1,,,1,100,,12106,1,,,1,100,,12108,1,,,1,100,,12114,1,,,1,100,,12104,1,,,1,100,,12109,1,,,1
2200,'9',630,,12119,1,,,1,100,,12121,1,,,1,100,,12127,1,,,1,100,,12123,1,,,1,100,,12117,1,,,1,100,,12122,1,,,1,100,,12133,1,,,1,100,,12124,1,,,1,100,,12120,1,,,1,100,,12125,1,,,1,100,,12130,1,,,1,100,,12131,1,,,1,100,,12128,1,,,1,100,,12129,1,,,1,100,,12132,1,,,1,100,,12126,1,,,1,100,,12118,1,,,1
2201,'1',721,,12149,3,4,,1,100,,12134,3,4,,1,100,,12145,3,4,,1,100,,12144,3,4,,1,100,,12137,3,4,,1,100,,12139,3,4,,1,100,,12143,3,4,,1,100,,12147,3,4,,1,100,,12135,3,4,,1,100,,12146,3,4,,1,100,,12150,3,4,,1,100,,12140,3,4,,1,100,,12138,3,4,,1,100,,12141,3,4,,1,100,,12148,3,4,,1,100,,12142,3,4,,1,100,,12136,3,4,,1
2201,'10',1021,,12151,3,4,,1,100,,12153,3,4,,1,100,,12157,3,4,,1,100,,12156,3,4,,1,100,,12154,3,4,,1,100,,12152,3,4,,1,100,,12159,3,4,,1,100,,12155,3,4,,1,100,,12158,3,4,,1
2201,'11',1021,,12161,3,4,,1,100,,12163,3,4,,1,100,,12166,3,4,,1,100,,12160,3,4,,1,100,,12165,3,4,,1,100,,12168,3,4,,1,100,,12167,3,4,,1,100,,12162,3,4,,1,100,,12164,3,4,,1
2201,'2',721,,12173,3,4,,1,100,,12181,3,4,,1,100,,12183,3,4,,1,100,,12178,3,4,,1,100,,12185,3,4,,1,100,,12180,3,4,,1,100,,12170,3,4,,1,100,,12184,3,4,,1,100,,12182,3,4,,1,100,,12177,3,4,,1,100,,12169,3,4,,1,100,,12179,3,4,,1,100,,12175,3,4,,1,100,,12172,3,4,,1,100,,12171,3,4,,1,100,,12176,3,4,,1,100,,12174,3,4,,1
2201,'3',721,,12188,3,4,,1,100,,12186,3,4,,1,100,,12194,3,4,,1,100,,12192,3,4,,1,100,,12202,3,4,,1,100,,12200,3,4,,1,100,,12199,3,4,,1,100,,12190,3,4,,1,100,,12196,3,4,,1,100,,12191,3,4,,1,100,,12195,3,4,,1,100,,12201,3,4,,1,100,,12193,3,4,,1,100,,12198,3,4,,1,100,,12189,3,4,,1,100,,12187,3,4,,1,100,,12197,3,4,,1
2201,'4',721,,12211,3,4,,1,100,,12217,3,4,,1,100,,12205,3,4,,1,100,,12209,3,4,,1,100,,12218,3,4,,1,100,,12207,3,4,,1,100,,12214,3,4,,1,100,,12216,3,4,,1,100,,10747,3,4,,1,100,,12213,3,4,,1,100,,12212,3,4,,1,100,,12208,3,4,,1,100,,12215,3,4,,1,100,,12206,3,4,,1,100,,12204,3,4,,1,100,,12210,3,4,,1,100,,12203,3,4,,1
2201,'5',721,,12219,3,4,,1,100,,12224,3,4,,1,100,,12228,3,4,,1,100,,12233,3,4,,1,100,,12229,3,4,,1,100,,12235,3,4,,1,100,,12232,3,4,,1,100,,12231,3,4,,1,100,,12221,3,4,,1,100,,12227,3,4,,1,100,,12226,3,4,,1,100,,12223,3,4,,1,100,,12230,3,4,,1,100,,12225,3,4,,1,100,,12222,3,4,,1,100,,12220,3,4,,1,100,,12234,3,4,,1
2201,'6',1021,,12238,3,4,,1,100,,12242,3,4,,1,100,,12239,3,4,,1,100,,12243,3,4,,1,100,,12236,3,4,,1,100,,12240,3,4,,1,100,,12237,3,4,,1,100,,12241,3,4,,1,100,,12244,3,4,,1
2201,'7',721,,12251,3,4,,1,100,,12245,3,4,,1,100,,12250,3,4,,1,100,,12258,3,4,,1,100,,12253,3,4,,1,100,,12256,3,4,,1,100,,12246,3,4,,1,100,,12257,3,4,,1,100,,12254,3,4,,1,100,,12249,3,4,,1,100,,12261,3,4,,1,100,,12247,3,4,,1,100,,12259,3,4,,1,100,,12255,3,4,,1,100,,12248,3,4,,1,100,,12260,3,4,,1,100,,12252,3,4,,1
2201,'8',721,,12264,3,4,,1,100,,12277,3,4,,1,100,,12269,3,4,,1,100,,12270,3,4,,1,100,,12267,3,4,,1,100,,12265,3,4,,1,100,,12262,3,4,,1,100,,12263,3,4,,1,100,,12271,3,4,,1,100,,12278,3,4,,1,100,,12268,3,4,,1,100,,12276,3,4,,1,100,,12266,3,4,,1,100,,12274,3,4,,1,100,,12273,3,4,,1,100,,12275,3,4,,1,100,,12272,3,4,,1
2201,'9',721,,12285,3,4,,1,100,,12283,3,4,,1,100,,12291,3,4,,1,100,,12293,3,4,,1,100,,12280,3,4,,1,100,,12287,3,4,,1,100,,12290,3,4,,1,100,,12292,3,4,,1,100,,12295,3,4,,1,100,,12294,3,4,,1,100,,12286,3,4,,1,100,,12282,3,4,,1,100,,12288,3,4,,1,100,,12281,3,4,,1,100,,12289,3,4,,1,100,,12279,3,4,,1,100,,12284,3,4,,1
6001,'1',716,,14454,4,0,20 21 7,1,100,,14449,4,0,20 21 7,1,100,,14451,4,0,20 21 7,1,100,,14455,4,0,20 21 7,1,100,,14453,4,0,20 21 7,1,100,,14464,4,0,20 21 7,1,100,,14461,4,0,20 21 7,1,100,,14463,4,0,20 21 7,1,100,,14460,4,0,20 21 7,1,100,,14450,4,0,20 21 7,1,100,,14459,4,0,20 21 7,1,100,,14458,4,0,20 21 7,1,100,,14457,4,0,20 21 7,1,100,,14462,4,0,20 21 7,1,100,,14456,4,0,20 21 7,1,100,,14452,4,0,20 21 7,1
6001,'10',1016,,14466,4,0,20 21 7,1,100,,14472,4,0,20 21 7,1,100,,14465,4,0,20 21 7,1,100,,14469,4,0,20 21 7,1,100,,14471,4,0,20 21 7,1,100,,14470,4,0,20 21 7,1,100,,14468,4,0,20 21 7,1,100,,14467,4,0,20 21 7,1
6001,'11',1016,,14474,4,0,20 21 7,1,100,,14475,4,0,20 21 7,1,100,,14480,4,0,20 21 7,1,100,,14478,4,0,20 21 7,1,100,,14477,4,0,20 21 7,1,100,,14479,4,0,20 21 7,1,100,,14473,4,0,20 21 7,1,100,,14476,4,0,20 21 7,1
6001,'2',712,,14529,3,0,13 2 7 8 17,1,4,,14530,3,0,11 2 7,1,26,,14495,3,0,13 2 7 8 17,1,4,,14492,3,0,11 2 7,1,66,,14481,3,0,13 2 7 8 17,1,4,,14493,3,0,11 2 7,1,26,,14498,3,0,13 2 7 8 17,1,4,,14505,3,0,11 2 7,1,69,,14501,1,0,13 2 7 8 17,1,1,,14494,3,0,11 2 7,1,30,,14509,3,0,11 2 7,1,70,,14502,3,0,11 2 7,1,30,,14485,3,0,11 2 7,1,70,,14515,3,0,11 2 7,1,30,,14507,3,0,11 2 7,1,70,,14508,3,0,11 2 7,1,30,,14513,3,0,11 2 7,1,70,,14522,3,0,11 2 7,1,30,,14523,3,0,11 2 7,1,70,,14516,3,0,11 2 7,1,30,,14520,3,0,11 2 7,1,54,,14488,1,0,13 2 7 8 17,1,16,,14487,3,0,11 2 7,1,14,,14506,1,0,13 2 7 8 17,1,16,,14528,3,0,11 2 7,1,54,,14524,1,0,13 2 7 8 17,1,16,,14491,3,0,11 2 7,1,14,,14521,1,0,13 2 7 8 17,1,16,,14496,3,0,11 2 7,1,54,,14500,1,0,13 2 7 8 17,1,16,,14484,4,0,20 21 7,1,14,,14499,1,0,13 2 7 8 17,1,16,,9425,4,0,20 21 7,1,70,,14490,4,0,20 21 7,1,30,,14483,4,0,20 21 7,1,70,,14503,4,0,20 21 7,1,30,,14497,4,0,20 21 7,1,70,,14518,4,0,20 21 7,1,30,,14525,4,0,20 21 7,1,70,,14511,4,0,20 21 7,1,30,,14517,4,0,20 21 7,1,70,,14489,4,0,20 21 7,1,30,,14504,4,0,20 21 7,1
6001,'3',712,,14559,3,0,13 2 7 8 17,1,4,,14535,3,0,11 2 7,1,26,,14536,3,0,13 2 7 8 17,1,4,,14548,3,0,11 2 7,1,66,,14557,3,0,13 2 7 8 17,1,4,,14547,3,0,11 2 7,1,26,,14579,3,0,13 2 7 8 17,1,4,,14565,3,0,11 2 7,1,69,,14570,1,0,13 2 7 8 17,1,1,,14575,3,0,11 2 7,1,30,,14543,3,0,11 2 7,1,70,,14554,3,0,11 2 7,1,30,,14546,3,0,11 2 7,1,70,,14571,3,0,11 2 7,1,30,,14538,3,0,11 2 7,1,70,,14561,3,0,11 2 7,1,30,,14552,3,0,11 2 7,1,70,,14556,3,0,11 2 7,1,30,,14567,3,0,11 2 7,1,70,,14533,3,0,11 2 7,1,30,,14539,3,0,11 2 7,1,54,,14585,1,0,13 2 7 8 17,1,16,,14540,3,0,11 2 7,1,14,,14563,1,0,13 2 7 8 17,1,16,,14564,3,0,11 2 7,1,54,,14573,1,0,13 2 7 8 17,1,16,,14581,3,0,11 2 7,1,14,,14562,1,0,13 2 7 8 17,1,16,,14555,3,0,11 2 7,1,54,,14576,1,0,13 2 7 8 17,1,16,,14544,4,0,20 21 7,1,14,,14549,1,0,13 2 7 8 17,1,16,,14551,4,0,20 21 7,1,70,,14580,4,0,20 21 7,1,30,,14560,4,0,20 21 7,1,70,,14582,4,0,20 21 7,1,30,,14542,4,0,20 21 7,1,70,,14545,4,0,20 21 7,1,30,,14537,4,0,20 21 7,1,70,,14566,4,0,20 21 7,1,30,,14572,4,0,20 21 7,1,70,,14553,4,0,20 21 7,1,30,,14534,4,0,20 21 7,1
6001,'4',712,,14599,3,0,13 2 7 8 17,1,4,,14625,3,0,11 2 7,1,26,,14601,3,0,13 2 7 8 17,1,4,,14604,3,0,11 2 7,1,66,,14616,3,0,13 2 7 8 17,1,4,,14622,3,0,11 2 7,1,26,,14636,3,0,13 2 7 8 17,1,4,,14623,3,0,11 2 7,1,69,,14630,1,0,13 2 7 8 17,1,1,,14614,3,0,11 2 7,1,30,,14596,3,0,11 2 7,1,70,,14617,3,0,11 2 7,1,30,,14624,3,0,11 2 7,1,70,,14589,3,0,11 2 7,1,30,,14632,3,0,11 2 7,1,70,,14615,3,0,11 2 7,1,30,,11120,3,0,11 2 7,1,70,,14597,3,0,11 2 7,1,30,,14629,3,0,11 2 7,1,70,,14635,3,0,11 2 7,1,30,,14609,3,0,11 2 7,1,54,,14620,1,0,13 2 7 8 17,1,16,,14598,3,0,11 2 7,1,14,,14611,1,0,13 2 7 8 17,1,16,,14600,3,0,11 2 7,1,54,,14590,1,0,13 2 7 8 17,1,16,,14586,3,0,11 2 7,1,14,,14593,1,0,13 2 7 8 17,1,16,,14612,3,0,11 2 7,1,54,,14606,1,0,13 2 7 8 17,1,16,,14633,4,0,20 21 7,1,14,,14628,1,0,13 2 7 8 17,1,16,,14631,4,0,20 21 7,1,70,,14605,4,0,20 21 7,1,30,,14607,4,0,20 21 7,1,70,,14595,4,0,20 21 7,1,30,,14618,4,0,20 21 7,1,70,,14602,4,0,20 21 7,1,30,,14587,4,0,20 21 7,1,70,,14621,4,0,20 21 7,1,30,,14610,4,0,20 21 7,1,70,,14594,4,0,20 21 7,1,30,,14619,4,0,20 21 7,1
6001,'5',716,,14642,4,0,20 21 7,1,100,,14641,4,0,20 21 7,1,100,,14652,4,0,20 21 7,1,100,,14645,4,0,20 21 7,1,100,,14648,4,0,20 21 7,1,100,,14649,4,0,20 21 7,1,100,,14638,4,0,20 21 7,1,100,,14643,4,0,20 21 7,1,100,,14650,4,0,20 21 7,1,100,,14651,4,0,20 21 7,1,100,,14644,4,0,20 21 7,1,100,,14647,4,0,20 21 7,1,100,,14640,4,0,20 21 7,1,100,,14639,4,0,20 21 7,1,100,,14646,4,0,20 21 7,1,100,,14653,4,0,20 21 7,1
6001,'6',1016,,14659,4,0,20 21 7,1,100,,14655,4,0,20 21 7,1,100,,14660,4,0,20 21 7,1,100,,14654,4,0,20 21 7,1,100,,14656,4,0,20 21 7,1,100,,14657,4,0,20 21 7,1,100,,14658,4,0,20 21 7,1,100,,14661,4,0,20 21 7,1
6001,'7',712,,14687,3,0,13 2 7 8 17,1,4,,14684,3,0,11 2 7,1,26,,14698,3,0,13 2 7 8 17,1,4,,14663,3,0,11 2 7,1,66,,14666,3,0,13 2 7 8 17,1,4,,14702,3,0,11 2 7,1,26,,14668,3,0,13 2 7 8 17,1,4,,14700,3,0,11 2 7,1,69,,14674,1,0,13 2 7 8 17,1,1,,14710,3,0,11 2 7,1,30,,14682,3,0,11 2 7,1,70,,14706,3,0,11 2 7,1,30,,14667,3,0,11 2 7,1,70,,14692,3,0,11 2 7,1,30,,14675,3,0,11 2 7,1,70,,14712,3,0,11 2 7,1,30,,14686,3,0,11 2 7,1,70,,14696,3,0,11 2 7,1,30,,14694,3,0,11 2 7,1,70,,14678,3,0,11 2 7,1,30,,14689,3,0,11 2 7,1,54,,14669,1,0,13 2 7 8 17,1,16,,14673,3,0,11 2 7,1,14,,14693,1,0,13 2 7 8 17,1,16,,14713,3,0,11 2 7,1,54,,14705,1,0,13 2 7 8 17,1,16,,14671,3,0,11 2 7,1,14,,14679,1,0,13 2 7 8 17,1,16,,14670,3,0,11 2 7,1,54,,14681,1,0,13 2 7 8 17,1,16,,14701,4,0,20 21 7,1,14,,14683,1,0,13 2 7 8 17,1,16,,14680,4,0,20 21 7,1,70,,14704,4,0,20 21 7,1,30,,14699,4,0,20 21 7,1,70,,14697,4,0,20 21 7,1,30,,14709,4,0,20 21 7,1,70,,14711,4,0,20 21 7,1,30,,14676,4,0,20 21 7,1,70,,14690,4,0,20 21 7,1,30,,14708,4,0,20 21 7,1,70,,14664,4,0,20 21 7,1,30,,14685,4,0,20 21 7,1
6001,'8',712,,14720,3,0,13 2 7 8 17,1,4,,14740,3,0,11 2 7,1,26,,14767,3,0,13 2 7 8 17,1,4,,14763,3,0,11 2 7,1,66,,14722,3,0,13 2 7 8 17,1,4,,14739,3,0,11 2 7,1,26,,14725,3,0,13 2 7 8 17,1,4,,14760,3,0,11 2 7,1,69,,14728,1,0,13 2 7 8 17,1,1,,14748,3,0,11 2 7,1,30,,14764,3,0,11 2 7,1,70,,14721,3,0,11 2 7,1,30,,14744,3,0,11 2 7,1,70,,14741,3,0,11 2 7,1,30,,14734,3,0,11 2 7,1,70,,14729,3,0,11 2 7,1,30,,14757,3,0,11 2 7,1,70,,14727,3,0,11 2 7,1,30,,14730,3,0,11 2 7,1,70,,14737,3,0,11 2 7,1,30,,14761,3,0,11 2 7,1,54,,14746,1,0,13 2 7 8 17,1,16,,14749,3,0,11 2 7,1,14,,14758,1,0,13 2 7 8 17,1,16,,14743,3,0,11 2 7,1,54,,14726,1,0,13 2 7 8 17,1,16,,14756,3,0,11 2 7,1,14,,14735,1,0,13 2 7 8 17,1,16,,14731,3,0,11 2 7,1,54,,14766,1,0,13 2 7 8 17,1,16,,14751,4,0,20 21 7,1,14,,14738,1,0,13 2 7 8 17,1,16,,14752,4,0,20 21 7,1,70,,14717,4,0,20 21 7,1,30,,14762,4,0,20 21 7,1,70,,14755,4,0,20 21 7,1,30,,14723,4,0,20 21 7,1,70,,14736,4,0,20 21 7,1,30,,14745,4,0,20 21 7,1,70,,14724,4,0,20 21 7,1,30,,14750,4,0,20 21 7,1,70,,14733,4,0,20 21 7,1,30,,14718,4,0,20 21 7,1
6001,'9',712,,14782,3,0,13 2 7 8 17,1,4,,14820,3,0,11 2 7,1,26,,14792,3,0,13 2 7 8 17,1,4,,14805,3,0,11 2 7,1,66,,14798,3,0,13 2 7 8 17,1,4,,14797,3,0,11 2 7,1,26,,14806,3,0,13 2 7 8 17,1,4,,14781,3,0,11 2 7,1,69,,14796,1,0,13 2 7 8 17,1,1,,14804,3,0,11 2 7,1,30,,14783,3,0,11 2 7,1,70,,14814,3,0,11 2 7,1,30,,14807,3,0,11 2 7,1,70,,14802,3,0,11 2 7,1,30,,14786,3,0,11 2 7,1,70,,14784,3,0,11 2 7,1,30,,14808,3,0,11 2 7,1,70,,14809,3,0,11 2 7,1,30,,14815,3,0,11 2 7,1,70,,14775,3,0,11 2 7,1,30,,14771,3,0,11 2 7,1,54,,14778,1,0,13 2 7 8 17,1,16,,14770,3,0,11 2 7,1,14,,14772,1,0,13 2 7 8 17,1,16,,14768,3,0,11 2 7,1,54,,14780,1,0,13 2 7 8 17,1,16,,14817,3,0,11 2 7,1,14,,14795,1,0,13 2 7 8 17,1,16,,14803,3,0,11 2 7,1,54,,14788,1,0,13 2 7 8 17,1,16,,14813,4,0,20 21 7,1,14,,14791,1,0,13 2 7 8 17,1,16,,14774,4,0,20 21 7,1,70,,14818,4,0,20 21 7,1,30,,14776,4,0,20 21 7,1,70,,14787,4,0,20 21 7,1,30,,14810,4,0,20 21 7,1,70,,14799,4,0,20 21 7,1,30,,14789,4,0,20 21 7,1,70,,14790,4,0,20 21 7,1,30,,14794,4,0,20 21 7,1,70,,14816,4,0,20 21 7,1,30,,14777,4,0,20 21 7,1
6501,'1',730,,14827,6,0,20 21 5 12,1,100,,14824,6,0,20 21 5 12,1,100,,14831,6,0,20 21 5 12,1,100,,14830,6,0,20 21 5 12,1,100,,14832,6,0,20 21 5 12,1,100,,14835,6,0,20 21 5 12,1,100,,14828,6,0,20 21 5 12,1,100,,14836,6,0,20 21 5 12,1,100,,14822,6,0,20 21 5 12,1,100,,14833,6,0,20 21 5 12,1,100,,14826,6,0,20 21 5 12,1,100,,14825,6,0,20 21 5 12,1,100,,14821,6,0,20 21 5 12,1,100,,14823,6,0,20 21 5 12,1,100,,14829,6,0,20 21 5 12,1,100,,14834,6,0,20 21 5 12,1
6501,'10',1030,,14842,6,0,20 21 5 12,1,100,,14843,6,0,20 21 5 12,1,100,,14841,6,0,20 21 5 12,1,100,,14837,6,0,20 21 5 12,1,100,,14844,6,0,20 21 5 12,1,100,,14840,6,0,20 21 5 12,1,100,,14839,6,0,20 21 5 12,1,100,,14838,6,0,20 21 5 12,1
6501,'11',1030,,14848,6,0,20 21 5 12,1,100,,14846,6,0,20 21 5 12,1,100,,14847,6,0,20 21 5 12,1,100,,14849,6,0,20 21 5 12,1,100,,14845,6,0,20 21 5 12,1,100,,14852,6,0,20 21 5 12,1,100,,14850,6,0,20 21 5 12,1,100,,14851,6,0,20 21 5 12,1
6501,'2',730,,14881,6,0,11 2 5 12,1,70,,14865,6,0,11 2 5 12,1,30,,14892,6,0,11 2 5 12,1,28,,14902,2,4,,1,42,,14873,6,0,11 2 5 12,1,30,,14864,2,4,,1,70,,14857,6,0,11 2 5 12,1,2,,14893,2,4,,1,28,,14906,6,0,11 2 5 12,1,70,,14867,6,0,11 2 5 12,1,30,,14907,6,0,11 2 5 12,1,70,,14894,6,0,11 2 5 12,1,30,,14870,6,0,11 2 5 12,1,70,,14882,6,0,11 2 5 12,1,30,,14869,6,0,11 2 5 12,1,70,,14858,6,0,11 2 5 12,1,30,,14891,6,0,11 2 5 12,1,70,,14884,6,0,11 2 5 12,1,22,,14880,2,4,,1,8,,14905,6,0,11 2 5 12,1,22,,14899,2,4,,1,48,,14877,6,0,11 2 5 12,1,22,,14875,2,4,,1,8,,14874,6,0,11 2 5 12,1,22,,14897,2,4,,1,48,,14868,6,0,11 2 5 12,1,22,,14876,2,4,,1,8,,14853,6,0,20 21 5 12,1,22,,14856,2,4,,1,48,,14903,6,0,20 21 5 12,1,22,,14854,2,4,,1,8,,14896,6,0,20 21 5 12,1,70,,14861,6,0,20 21 5 12,1,30,,14885,6,0,20 21 5 12,1,70,,14883,6,0,20 21 5 12,1,30,,14871,6,0,20 21 5 12,1,70,,14859,6,0,20 21 5 12,1,30,,14862,6,0,20 21 5 12,1,70,,14890,6,0,20 21 5 12,1,30,,14901,6,0,20 21 5 12,1,70,,14900,6,0,20 21 5 12,1
6501,'3',730,,14954,6,0,11 2 5 12,1,70,,14950,6,0,11 2 5 12,1,30,,14960,6,0,11 2 5 12,1,28,,14915,2,4,,1,42,,14956,6,0,11 2 5 12,1,30,,14948,2,4,,1,70,,14952,6,0,11 2 5 12,1,2,,14957,2,4,,1,28,,14923,6,0,11 2 5 12,1,70,,14926,6,0,11 2 5 12,1,30,,14929,6,0,11 2 5 12,1,70,,14931,6,0,11 2 5 12,1,30,,14908,6,0,11 2 5 12,1,70,,14941,6,0,11 2 5 12,1,30,,14927,6,0,11 2 5 12,1,70,,14921,6,0,11 2 5 12,1,30,,14937,6,0,11 2 5 12,1,70,,14943,6,0,11 2 5 12,1,22,,14932,2,4,,1,8,,14924,6,0,11 2 5 12,1,22,,14940,2,4,,1,48,,14945,6,0,11 2 5 12,1,22,,14919,2,4,,1,8,,14953,6,0,11 2 5 12,1,22,,14925,2,4,,1,48,,14916,6,0,11 2 5 12,1,22,,14944,2,4,,1,8,,14949,6,0,20 21 5 12,1,22,,14959,2,4,,1,48,,14942,6,0,20 21 5 12,1,22,,14962,2,4,,1,8,,14934,6,0,20 21 5 12,1,70,,14917,6,0,20 21 5 12,1,30,,14938,6,0,20 21 5 12,1,70,,14920,6,0,20 21 5 12,1,30,,14911,6,0,20 21 5 12,1,70,,14913,6,0,20 21 5 12,1,30,,14928,6,0,20 21 5 12,1,70,,14918,6,0,20 21 5 12,1,30,,14914,6,0,20 21 5 12,1,70,,14912,6,0,20 21 5 12,1
6501,'4',730,,15016,6,0,11 2 5 12,1,70,,14989,6,0,11 2 5 12,1,30,,14986,6,0,11 2 5 12,1,28,,14980,2,4,,1,42,,14974,6,0,11 2 5 12,1,30,,14978,2,4,,1,70,,14987,6,0,11 2 5 12,1,2,,14965,2,4,,1,28,,14963,6,0,11 2 5 12,1,70,,15007,6,0,11 2 5 12,1,30,,14990,6,0,11 2 5 12,1,70,,15013,6,0,11 2 5 12,1,30,,15003,6,0,11 2 5 12,1,70,,15001,6,0,11 2 5 12,1,30,,15015,6,0,11 2 5 12,1,70,,14981,6,0,11 2 5 12,1,30,,14966,6,0,11 2 5 12,1,70,,14971,6,0,11 2 5 12,1,22,,15002,2,4,,1,8,,14970,6,0,11 2 5 12,1,22,,14973,2,4,,1,48,,14975,6,0,11 2 5 12,1,22,,15011,2,4,,1,8,,15017,6,0,11 2 5 12,1,22,,14968,2,4,,1,48,,14977,6,0,11 2 5 12,1,22,,15006,2,4,,1,8,,14999,6,0,20 21 5 12,1,22,,14985,2,4,,1,48,,15010,6,0,20 21 5 12,1,22,,15008,2,4,,1,8,,14979,6,0,20 21 5 12,1,70,,15004,6,0,20 21 5 12,1,30,,14992,6,0,20 21 5 12,1,70,,14997,6,0,20 21 5 12,1,30,,14972,6,0,20 21 5 12,1,70,,14998,6,0,20 21 5 12,1,30,,14969,6,0,20 21 5 12,1,70,,14967,6,0,20 21 5 12,1,30,,14982,6,0,20 21 5 12,1,70,,14991,6,0,20 21 5 12,1
6501,'5',730,,15031,6,0,20 21 5 12,1,100,,15020,6,0,20 21 5 12,1,100,,15027,6,0,20 21 5 12,1,100,,15033,6,0,20 21 5 12,1,100,,15032,6,0,20 21 5 12,1,100,,15024,6,0,20 21 5 12,1,100,,15021,6,0,20 21 5 12,1,100,,15022,6,0,20 21 5 12,1,100,,15026,6,0,20 21 5 12,1,100,,15023,6,0,20 21 5 12,1,100,,15028,6,0,20 21 5 12,1,100,,15018,6,0,20 21 5 12,1,100,,15030,6,0,20 21 5 12,1,100,,15025,6,0,20 21 5 12,1,100,,15029,6,0,20 21 5 12,1,100,,15019,6,0,20 21 5 12,1
6501,'6',1030,,15034,6,0,20 21 5 12,1,100,,15037,6,0,20 21 5 12,1,100,,15039,6,0,20 21 5 12,1,100,,15041,6,0,20 21 5 12,1,100,,15038,6,0,20 21 5 12,1,100,,15040,6,0,20 21 5 12,1,100,,15035,6,0,20 21 5 12,1,100,,15036,6,0,20 21 5 12,1
6501,'7',730,,15094,6,0,11 2 5 12,1,70,,15085,6,0,11 2 5 12,1,30,,15096,6,0,11 2 5 12,1,28,,15064,2,4,,1,42,,15063,6,0,11 2 5 12,1,30,,15054,2,4,,1,70,,15076,6,0,11 2 5 12,1,2,,15045,2,4,,1,28,,15078,6,0,11 2 5 12,1,70,,15046,6,0,11 2 5 12,1,30,,15087,6,0,11 2 5 12,1,70,,15074,6,0,11 2 5 12,1,30,,15083,6,0,11 2 5 12,1,70,,15092,6,0,11 2 5 12,1,30,,15067,6,0,11 2 5 12,1,70,,15091,6,0,11 2 5 12,1,30,,15057,6,0,11 2 5 12,1,70,,15043,6,0,11 2 5 12,1,22,,15056,2,4,,1,8,,15044,6,0,11 2 5 12,1,22,,15095,2,4,,1,48,,15090,6,0,11 2 5 12,1,22,,15086,2,4,,1,8,,15075,6,0,11 2 5 12,1,22,,15042,2,4,,1,48,,15052,6,0,11 2 5 12,1,22,,15077,2,4,,1,8,,15055,6,0,20 21 5 12,1,22,,15069,2,4,,1,48,,15088,6,0,20 21 5 12,1,22,,15065,2,4,,1,8,,15080,6,0,20 21 5 12,1,70,,15068,6,0,20 21 5 12,1,30,,15053,6,0,20 21 5 12,1,70,,15060,6,0,20 21 5 12,1,30,,15084,6,0,20 21 5 12,1,70,,15093,6,0,20 21 5 12,1,30,,15050,6,0,20 21 5 12,1,70,,15073,6,0,20 21 5 12,1,30,,15051,6,0,20 21 5 12,1,70,,15070,6,0,20 21 5 12,1
6501,'8',730,,15131,6,0,11 2 5 12,1,70,,15100,6,0,11 2 5 12,1,30,,15134,6,0,11 2 5 12,1,28,,15121,2,4,,1,42,,15107,6,0,11 2 5 12,1,30,,15133,2,4,,1,70,,15124,6,0,11 2 5 12,1,2,,15102,2,4,,1,28,,15142,6,0,11 2 5 12,1,70,,15140,6,0,11 2 5 12,1,30,,15128,6,0,11 2 5 12,1,70,,15122,6,0,11 2 5 12,1,30,,15120,6,0,11 2 5 12,1,70,,15139,6,0,11 2 5 12,1,30,,15138,6,0,11 2 5 12,1,70,,15147,6,0,11 2 5 12,1,30,,15146,6,0,11 2 5 12,1,70,,15144,6,0,11 2 5 12,1,22,,15145,2,4,,1,8,,15099,6,0,11 2 5 12,1,22,,15103,2,4,,1,48,,15109,6,0,11 2 5 12,1,22,,15115,2,4,,1,8,,15143,6,0,11 2 5 12,1,22,,15126,2,4,,1,48,,15113,6,0,11 2 5 12,1,22,,15119,2,4,,1,8,,15101,6,0,20 21 5 12,1,22,,15105,2,4,,1,48,,15098,6,0,20 21 5 12,1,22,,15111,2,4,,1,8,,15118,6,0,20 21 5 12,1,70,,15129,6,0,20 21 5 12,1,30,,15097,6,0,20 21 5 12,1,70,,15127,6,0,20 21 5 12,1,30,,15141,6,0,20 21 5 12,1,70,,15132,6,0,20 21 5 12,1,30,,15150,6,0,20 21 5 12,1,70,,15104,6,0,20 21 5 12,1,30,,15148,6,0,20 21 5 12,1,70,,15137,6,0,20 21 5 12,1
6501,'9',730,,15171,6,0,11 2 5 12,1,70,,15168,6,0,11 2 5 12,1,30,,15194,6,0,11 2 5 12,1,28,,15188,2,4,,1,42,,15187,6,0,11 2 5 12,1,30,,15164,2,4,,1,70,,15192,6,0,11 2 5 12,1,2,,15203,2,4,,1,28,,15152,6,0,11 2 5 12,1,70,,15193,6,0,11 2 5 12,1,30,,15166,6,0,11 2 5 12,1,70,,15178,6,0,11 2 5 12,1,30,,15160,6,0,11 2 5 12,1,70,,15177,6,0,11 2 5 12,1,30,,15204,6,0,11 2 5 12,1,70,,15156,6,0,11 2 5 12,1,30,,15189,6,0,11 2 5 12,1,70,,15180,6,0,11 2 5 12,1,22,,15201,2,4,,1,8,,15182,6,0,11 2 5 12,1,22,,15176,2,4,,1,48,,15174,6,0,11 2 5 12,1,22,,15163,2,4,,1,8,,15173,6,0,11 2 5 12,1,22,,15198,2,4,,1,48,,15175,6,0,11 2 5 12,1,22,,15185,2,4,,1,8,,15172,6,0,20 21 5 12,1,22,,15200,2,4,,1,48,,15158,6,0,20 21 5 12,1,22,,15181,2,4,,1,8,,15190,6,0,20 21 5 12,1,70,,15184,6,0,20 21 5 12,1,30,,15154,6,0,20 21 5 12,1,70,,15196,6,0,20 21 5 12,1,30,,15202,6,0,20 21 5 12,1,70,,15179,6,0,20 21 5 12,1,30,,15199,6,0,20 21 5 12,1,70,,15195,6,0,20 21 5 12,1,30,,15191,6,0,20 21 5 12,1,70,,15159,6,0,20 21 5 12,1
