5001,'1',722,,9571,6,0,20 21 23 24,1,100,,9580,6,0,20 21 23 24,1,100,,9577,6,0,20 21 23 24,1,100,,9572,6,0,20 21 23 24,1,100,,7887,6,0,20 21 23 24,1,100,,9567,6,0,20 21 23 24,1,100,,9569,6,0,20 21 23 24,1,100,,9568,6,0,20 21 23 24,1,100,,9570,6,0,20 21 23 24,1,100,,9578,6,0,20 21 23 24,1,100,,9576,6,0,20 21 23 24,1,100,,9581,6,0,20 21 23 24,1,100,,9575,6,0,20 21 23 24,1,100,,9573,6,0,20 21 23 24,1,100,,9574,6,0,20 21 23 24,1,100,,9579,6,0,20 21 23 24,1
5001,'11',722,,9587,6,0,20 21 23 24,1,100,,9596,6,0,20 21 23 24,1,100,,9593,6,0,20 21 23 24,1,100,,9588,6,0,20 21 23 24,1,100,,9586,6,0,20 21 23 24,1,100,,9582,6,0,20 21 23 24,1,100,,9584,6,0,20 21 23 24,1,100,,9583,6,0,20 21 23 24,1,100,,9585,6,0,20 21 23 24,1,100,,9594,6,0,20 21 23 24,1,100,,9592,6,0,20 21 23 24,1,100,,9597,6,0,20 21 23 24,1,100,,9591,6,0,20 21 23 24,1,100,,9589,6,0,20 21 23 24,1,100,,9590,6,0,20 21 23 24,1,100,,9595,6,0,20 21 23 24,1
5001,'12',722,,9602,6,0,11 2 23 24,1,100,,9613,6,0,11 2 23 24,1,100,,9608,6,0,11 2 23 24,1,100,,9610,6,0,11 2 23 24,1,100,,9612,6,0,11 2 23 24,1,100,,9604,6,0,11 2 23 24,1,100,,9599,6,0,11 2 23 24,1,100,,9603,6,0,11 2 23 24,1,100,,9607,6,0,11 2 23 24,1,100,,9598,6,0,11 2 23 24,1,100,,9609,6,0,11 2 23 24,1,100,,9601,6,0,20 21 23 24,1,100,,9600,6,0,20 21 23 24,1,100,,9605,6,0,20 21 23 24,1,100,,9606,6,0,20 21 23 24,1,100,,9611,6,0,20 21 23 24,1
5001,'13',722,,9617,6,0,11 2 23 24,1,100,,9628,6,0,11 2 23 24,1,100,,9623,6,0,11 2 23 24,1,100,,9625,6,0,11 2 23 24,1,100,,9627,6,0,11 2 23 24,1,100,,9619,6,0,11 2 23 24,1,100,,9615,6,0,11 2 23 24,1,100,,9618,6,0,11 2 23 24,1,100,,9622,6,0,11 2 23 24,1,100,,9614,6,0,11 2 23 24,1,100,,9624,6,0,11 2 23 24,1,100,,9616,6,0,20 21 23 24,1,100,,7470,6,0,20 21 23 24,1,100,,9620,6,0,20 21 23 24,1,100,,9621,6,0,20 21 23 24,1,100,,9626,6,0,20 21 23 24,1
5001,'16',722,,9633,6,0,20 21 23 24,1,100,,9642,6,0,20 21 23 24,1,100,,9639,6,0,20 21 23 24,1,100,,9634,6,0,20 21 23 24,1,100,,7954,6,0,20 21 23 24,1,100,,9629,6,0,20 21 23 24,1,100,,9631,6,0,20 21 23 24,1,100,,9630,6,0,20 21 23 24,1,100,,9632,6,0,20 21 23 24,1,100,,9640,6,0,20 21 23 24,1,100,,9638,6,0,20 21 23 24,1,100,,9643,6,0,20 21 23 24,1,100,,9637,6,0,20 21 23 24,1,100,,9635,6,0,20 21 23 24,1,100,,9636,6,0,20 21 23 24,1,100,,9641,6,0,20 21 23 24,1
5001,'3',722,,9647,6,0,11 2 23 24,1,100,,9658,6,0,11 2 23 24,1,100,,9653,6,0,11 2 23 24,1,100,,9655,6,0,11 2 23 24,1,100,,9657,6,0,11 2 23 24,1,100,,9649,6,0,11 2 23 24,1,100,,9645,6,0,11 2 23 24,1,100,,9648,6,0,11 2 23 24,1,100,,9652,6,0,11 2 23 24,1,100,,9644,6,0,11 2 23 24,1,100,,9654,6,0,11 2 23 24,1,100,,9646,6,0,20 21 23 24,1,100,,7566,6,0,20 21 23 24,1,100,,9650,6,0,20 21 23 24,1,100,,9651,6,0,20 21 23 24,1,100,,9656,6,0,20 21 23 24,1
5001,'6',722,,9663,6,0,11 2 23 24,1,100,,9674,6,0,11 2 23 24,1,100,,9669,6,0,11 2 23 24,1,100,,9671,6,0,11 2 23 24,1,100,,9673,6,0,11 2 23 24,1,100,,9665,6,0,11 2 23 24,1,100,,9660,6,0,11 2 23 24,1,100,,9664,6,0,11 2 23 24,1,100,,9668,6,0,11 2 23 24,1,100,,9659,6,0,11 2 23 24,1,100,,9670,6,0,11 2 23 24,1,100,,9662,6,0,20 21 23 24,1,100,,9661,6,0,20 21 23 24,1,100,,9666,6,0,20 21 23 24,1,100,,9667,6,0,20 21 23 24,1,100,,9672,6,0,20 21 23 24,1
5501,'1',729,,9680,8,0,20 21 5 12,1,100,,9690,8,0,20 21 5 12,1,100,,9685,8,0,20 21 5 12,1,100,,9678,8,0,20 21 5 12,1,100,,9689,8,0,20 21 5 12,1,100,,9682,8,0,20 21 5 12,1,100,,9676,8,0,20 21 5 12,1,100,,9684,8,0,20 21 5 12,1,100,,9686,8,0,20 21 5 12,1,100,,9683,8,0,20 21 5 12,1,100,,9681,8,0,20 21 5 12,1,100,,9675,8,0,20 21 5 12,1,100,,9677,8,0,20 21 5 12,1,100,,9679,8,0,20 21 5 12,1,100,,9687,8,0,20 21 5 12,1,100,,9688,8,0,20 21 5 12,1
5501,'11',729,,9696,8,0,20 21 5 12,1,100,,9706,8,0,20 21 5 12,1,100,,9701,8,0,20 21 5 12,1,100,,9694,8,0,20 21 5 12,1,100,,9705,8,0,20 21 5 12,1,100,,9698,8,0,20 21 5 12,1,100,,9692,8,0,20 21 5 12,1,100,,9700,8,0,20 21 5 12,1,100,,9702,8,0,20 21 5 12,1,100,,9699,8,0,20 21 5 12,1,100,,9697,8,0,20 21 5 12,1,100,,9691,8,0,20 21 5 12,1,100,,9693,8,0,20 21 5 12,1,100,,9695,8,0,20 21 5 12,1,100,,9703,8,0,20 21 5 12,1,100,,9704,8,0,20 21 5 12,1
5501,'12',726,,9714,7,0,11 2 5 12,1,100,,9715,7,0,11 2 5 12,1,100,,9717,7,0,11 2 5 12,1,100,,9713,7,0,11 2 5 12,1,100,,9718,7,0,11 2 5 12,1,100,,9720,7,0,11 2 5 12,1,100,,9710,7,0,11 2 5 12,1,100,,9708,7,0,11 2 5 12,1,100,,9722,7,0,11 2 5 12,1,100,,9716,7,0,11 2 5 12,1,100,,9721,7,0,11 2 5 12,1,103,,9711,8,0,20 21 5 12,1,100,,9719,8,0,20 21 5 12,1,100,,9712,8,0,20 21 5 12,1,100,,9709,8,0,20 21 5 12,1,100,,9707,8,0,20 21 5 12,1
5501,'13',726,,9729,7,0,11 2 5 12,1,100,,9730,7,0,11 2 5 12,1,100,,9732,7,0,11 2 5 12,1,100,,9728,7,0,11 2 5 12,1,100,,9733,7,0,11 2 5 12,1,100,,9735,7,0,11 2 5 12,1,100,,9726,7,0,11 2 5 12,1,100,,9724,7,0,11 2 5 12,1,100,,9737,7,0,11 2 5 12,1,100,,9731,7,0,11 2 5 12,1,100,,9736,7,0,11 2 5 12,1,103,,7648,8,0,20 21 5 12,1,100,,9734,8,0,20 21 5 12,1,100,,9727,8,0,20 21 5 12,1,100,,9725,8,0,20 21 5 12,1,100,,9723,8,0,20 21 5 12,1
5501,'16',729,,9743,8,0,20 21 5 12,1,100,,9753,8,0,20 21 5 12,1,100,,9748,8,0,20 21 5 12,1,100,,9741,8,0,20 21 5 12,1,100,,9752,8,0,20 21 5 12,1,100,,9745,8,0,20 21 5 12,1,100,,9739,8,0,20 21 5 12,1,100,,9747,8,0,20 21 5 12,1,100,,9749,8,0,20 21 5 12,1,100,,9746,8,0,20 21 5 12,1,100,,9744,8,0,20 21 5 12,1,100,,9738,8,0,20 21 5 12,1,100,,9740,8,0,20 21 5 12,1,100,,9742,8,0,20 21 5 12,1,100,,9750,8,0,20 21 5 12,1,100,,9751,8,0,20 21 5 12,1
5501,'3',726,,9760,7,0,11 2 5 12,1,100,,9761,7,0,11 2 5 12,1,100,,9763,7,0,11 2 5 12,1,100,,9759,7,0,11 2 5 12,1,100,,9764,7,0,11 2 5 12,1,100,,9766,7,0,11 2 5 12,1,100,,9757,7,0,11 2 5 12,1,100,,9755,7,0,11 2 5 12,1,100,,9768,7,0,11 2 5 12,1,100,,9762,7,0,11 2 5 12,1,100,,9767,7,0,11 2 5 12,1,103,,7679,8,0,20 21 5 12,1,100,,9765,8,0,20 21 5 12,1,100,,9758,8,0,20 21 5 12,1,100,,9756,8,0,20 21 5 12,1,100,,9754,8,0,20 21 5 12,1
5501,'6',726,,9776,7,0,11 2 5 12,1,100,,9777,7,0,11 2 5 12,1,100,,9779,7,0,11 2 5 12,1,100,,9775,7,0,11 2 5 12,1,100,,9780,7,0,11 2 5 12,1,100,,9782,7,0,11 2 5 12,1,100,,9772,7,0,11 2 5 12,1,100,,9770,7,0,11 2 5 12,1,100,,9784,7,0,11 2 5 12,1,100,,9778,7,0,11 2 5 12,1,100,,9783,7,0,11 2 5 12,1,103,,9773,8,0,20 21 5 12,1,100,,9781,8,0,20 21 5 12,1,100,,9774,8,0,20 21 5 12,1,100,,9771,8,0,20 21 5 12,1,100,,9769,8,0,20 21 5 12,1
