2501,'1',634,,12446,10,0,26 27 28,1,100,,12449,10,0,26 27 28,1,100,,12461,10,0,26 27 28,1,100,,12460,10,0,26 27 28,1,100,,12453,10,0,26 27 28,1,100,,12450,10,0,26 27 28,1,100,,12459,10,0,26 27 28,1,100,,12451,10,0,26 27 28,1,100,,12454,10,0,26 27 28,1,100,,12455,10,0,26 27 28,1,100,,12448,10,0,26 27 28,1,100,,12456,10,0,26 27 28,1,100,,12458,10,0,26 27 28,1,100,,12457,10,0,26 27 28,1,100,,12452,10,0,26 27 28,1,100,,12447,10,0,26 27 28,1
2501,'10',1034,,12465,10,0,26 27 28,1,100,,12469,10,0,26 27 28,1,100,,12466,10,0,26 27 28,1,100,,12462,10,0,26 27 28,1,100,,12468,10,0,26 27 28,1,100,,12467,10,0,26 27 28,1,100,,12463,10,0,26 27 28,1,100,,12464,10,0,26 27 28,1
2501,'11',1034,,12477,10,0,26 27 28,1,100,,12471,10,0,26 27 28,1,100,,12475,10,0,26 27 28,1,100,,12470,10,0,26 27 28,1,100,,12476,10,0,26 27 28,1,100,,12474,10,0,26 27 28,1,100,,12473,10,0,26 27 28,1,100,,12472,10,0,26 27 28,1
2501,'2',634,,12487,10,0,26 27 28,1,100,,12491,10,0,26 27 28,1,100,,12492,10,0,26 27 28,1,100,,12486,10,0,26 27 28,1,100,,12490,10,0,26 27 28,1,100,,12479,10,0,26 27 28,1,100,,12481,10,0,26 27 28,1,100,,12480,10,0,26 27 28,1,100,,12493,10,0,26 27 28,1,100,,12484,10,0,26 27 28,1,100,,12483,10,0,26 27 28,1,100,,12489,10,0,26 27 28,1,100,,12488,10,0,26 27 28,1,100,,12485,10,0,26 27 28,1,100,,12482,10,0,26 27 28,1,100,,12478,10,0,26 27 28,1
2501,'3',634,,12502,10,0,26 27 28,1,100,,12504,10,0,26 27 28,1,100,,12495,10,0,26 27 28,1,100,,12494,10,0,26 27 28,1,100,,12500,10,0,26 27 28,1,100,,12506,10,0,26 27 28,1,100,,12503,10,0,26 27 28,1,100,,12507,10,0,26 27 28,1,100,,12499,10,0,26 27 28,1,100,,12498,10,0,26 27 28,1,100,,12496,10,0,26 27 28,1,100,,12497,10,0,26 27 28,1,100,,12501,10,0,26 27 28,1,100,,12505,10,0,26 27 28,1,100,,12508,10,0,26 27 28,1,100,,12509,10,0,26 27 28,1
2501,'4',634,,12519,10,0,26 27 28,1,100,,12522,10,0,26 27 28,1,100,,12523,10,0,26 27 28,1,100,,12516,10,0,26 27 28,1,100,,12512,10,0,26 27 28,1,100,,12520,10,0,26 27 28,1,100,,12518,10,0,26 27 28,1,100,,12525,10,0,26 27 28,1,100,,12515,10,0,26 27 28,1,100,,12517,10,0,26 27 28,1,100,,12524,10,0,26 27 28,1,100,,12513,10,0,26 27 28,1,100,,12511,10,0,26 27 28,1,100,,12521,10,0,26 27 28,1,100,,12510,10,0,26 27 28,1,100,,12514,10,0,26 27 28,1
2501,'5',634,,12533,10,0,26 27 28,1,100,,12529,10,0,26 27 28,1,100,,12534,10,0,26 27 28,1,100,,12539,10,0,26 27 28,1,100,,12528,10,0,26 27 28,1,100,,12541,10,0,26 27 28,1,100,,12537,10,0,26 27 28,1,100,,12532,10,0,26 27 28,1,100,,12530,10,0,26 27 28,1,100,,12527,10,0,26 27 28,1,100,,12526,10,0,26 27 28,1,100,,12535,10,0,26 27 28,1,100,,12538,10,0,26 27 28,1,100,,12536,10,0,26 27 28,1,100,,12540,10,0,26 27 28,1,100,,12531,10,0,26 27 28,1
2501,'6',1034,,12542,10,0,26 27 28,1,100,,12549,10,0,26 27 28,1,100,,12546,10,0,26 27 28,1,100,,12544,10,0,26 27 28,1,100,,12543,10,0,26 27 28,1,100,,12545,10,0,26 27 28,1,100,,12548,10,0,26 27 28,1,100,,12547,10,0,26 27 28,1
2501,'7',634,,12560,10,0,26 27 28,1,100,,12558,10,0,26 27 28,1,100,,12563,10,0,26 27 28,1,100,,12551,10,0,26 27 28,1,100,,12552,10,0,26 27 28,1,100,,12557,10,0,26 27 28,1,100,,12561,10,0,26 27 28,1,100,,12562,10,0,26 27 28,1,100,,12553,10,0,26 27 28,1,100,,12564,10,0,26 27 28,1,100,,12556,10,0,26 27 28,1,100,,12554,10,0,26 27 28,1,100,,12550,10,0,26 27 28,1,100,,12565,10,0,26 27 28,1,100,,12559,10,0,26 27 28,1,100,,12555,10,0,26 27 28,1
2501,'8',634,,12570,10,0,26 27 28,1,100,,12566,10,0,26 27 28,1,100,,12571,10,0,26 27 28,1,100,,12581,10,0,26 27 28,1,100,,12575,10,0,26 27 28,1,100,,12573,10,0,26 27 28,1,100,,12579,10,0,26 27 28,1,100,,12578,10,0,26 27 28,1,100,,12577,10,0,26 27 28,1,100,,12568,10,0,26 27 28,1,100,,12574,10,0,26 27 28,1,100,,12567,10,0,26 27 28,1,100,,12576,10,0,26 27 28,1,100,,12580,10,0,26 27 28,1,100,,12572,10,0,26 27 28,1,100,,12569,10,0,26 27 28,1
2501,'9',634,,12596,10,0,26 27 28,1,100,,12597,10,0,26 27 28,1,100,,12595,10,0,26 27 28,1,100,,12590,10,0,26 27 28,1,100,,12586,10,0,26 27 28,1,100,,12584,10,0,26 27 28,1,100,,12582,10,0,26 27 28,1,100,,12589,10,0,26 27 28,1,100,,12591,10,0,26 27 28,1,100,,12585,10,0,26 27 28,1,100,,12593,10,0,26 27 28,1,100,,12587,10,0,26 27 28,1,100,,12588,10,0,26 27 28,1,100,,12592,10,0,26 27 28,1,100,,12594,10,0,26 27 28,1,100,,12583,10,0,26 27 28,1
