2501,'1',634,,12446,9,0,26 27 28,1,100,,12449,9,0,26 27 28,1,100,,12461,9,0,26 27 28,1,100,,12460,9,0,26 27 28,1,100,,12453,9,0,26 27 28,1,100,,12450,9,0,26 27 28,1,100,,12459,9,0,26 27 28,1,100,,12451,9,0,26 27 28,1,100,,12454,9,0,26 27 28,1,100,,12455,9,0,26 27 28,1,100,,12448,9,0,26 27 28,1,100,,12456,9,0,26 27 28,1,100,,12458,9,0,26 27 28,1,100,,12457,9,0,26 27 28,1,100,,12452,9,0,26 27 28,1,100,,12447,9,0,26 27 28,1
2501,'10',1034,,12465,9,0,26 27 28,1,100,,12469,9,0,26 27 28,1,100,,12466,9,0,26 27 28,1,100,,12462,9,0,26 27 28,1,100,,12468,9,0,26 27 28,1,100,,12467,9,0,26 27 28,1,100,,12463,9,0,26 27 28,1,100,,12464,9,0,26 27 28,1
2501,'11',1034,,12477,9,0,26 27 28,1,100,,12471,9,0,26 27 28,1,100,,12475,9,0,26 27 28,1,100,,12470,9,0,26 27 28,1,100,,12476,9,0,26 27 28,1,100,,12474,9,0,26 27 28,1,100,,12473,9,0,26 27 28,1,100,,12472,9,0,26 27 28,1
2501,'2',634,,12487,9,0,26 27 28,1,100,,12491,9,0,26 27 28,1,100,,12492,9,0,26 27 28,1,100,,12486,9,0,26 27 28,1,100,,12490,9,0,26 27 28,1,100,,12479,9,0,26 27 28,1,100,,12481,9,0,26 27 28,1,100,,12480,9,0,26 27 28,1,100,,12493,9,0,26 27 28,1,100,,12484,9,0,26 27 28,1,100,,12483,9,0,26 27 28,1,100,,12489,9,0,26 27 28,1,100,,12488,9,0,26 27 28,1,100,,12485,9,0,26 27 28,1,100,,12482,9,0,26 27 28,1,100,,12478,9,0,26 27 28,1
2501,'3',634,,12502,9,0,26 27 28,1,100,,12504,9,0,26 27 28,1,100,,12495,9,0,26 27 28,1,100,,12494,9,0,26 27 28,1,100,,12500,9,0,26 27 28,1,100,,12506,9,0,26 27 28,1,100,,12503,9,0,26 27 28,1,100,,12507,9,0,26 27 28,1,100,,12499,9,0,26 27 28,1,100,,12498,9,0,26 27 28,1,100,,12496,9,0,26 27 28,1,100,,12497,9,0,26 27 28,1,100,,12501,9,0,26 27 28,1,100,,12505,9,0,26 27 28,1,100,,12508,9,0,26 27 28,1,100,,12509,9,0,26 27 28,1
2501,'4',634,,12519,9,0,26 27 28,1,100,,12522,9,0,26 27 28,1,100,,12523,9,0,26 27 28,1,100,,12516,9,0,26 27 28,1,100,,12512,9,0,26 27 28,1,100,,12520,9,0,26 27 28,1,100,,12518,9,0,26 27 28,1,100,,12525,9,0,26 27 28,1,100,,12515,9,0,26 27 28,1,100,,12517,9,0,26 27 28,1,100,,12524,9,0,26 27 28,1,100,,12513,9,0,26 27 28,1,100,,12511,9,0,26 27 28,1,100,,12521,9,0,26 27 28,1,100,,12510,9,0,26 27 28,1,100,,12514,9,0,26 27 28,1
2501,'5',634,,12533,9,0,26 27 28,1,100,,12529,9,0,26 27 28,1,100,,12534,9,0,26 27 28,1,100,,12539,9,0,26 27 28,1,100,,12528,9,0,26 27 28,1,100,,12541,9,0,26 27 28,1,100,,12537,9,0,26 27 28,1,100,,12532,9,0,26 27 28,1,100,,12530,9,0,26 27 28,1,100,,12527,9,0,26 27 28,1,100,,12526,9,0,26 27 28,1,100,,12535,9,0,26 27 28,1,100,,12538,9,0,26 27 28,1,100,,12536,9,0,26 27 28,1,100,,12540,9,0,26 27 28,1,100,,12531,9,0,26 27 28,1
2501,'6',1034,,12542,9,0,26 27 28,1,100,,12549,9,0,26 27 28,1,100,,12546,9,0,26 27 28,1,100,,12544,9,0,26 27 28,1,100,,12543,9,0,26 27 28,1,100,,12545,9,0,26 27 28,1,100,,12548,9,0,26 27 28,1,100,,12547,9,0,26 27 28,1
2501,'7',634,,12560,9,0,26 27 28,1,100,,12558,9,0,26 27 28,1,100,,12563,9,0,26 27 28,1,100,,12551,9,0,26 27 28,1,100,,12552,9,0,26 27 28,1,100,,12557,9,0,26 27 28,1,100,,12561,9,0,26 27 28,1,100,,12562,9,0,26 27 28,1,100,,12553,9,0,26 27 28,1,100,,12564,9,0,26 27 28,1,100,,12556,9,0,26 27 28,1,100,,12554,9,0,26 27 28,1,100,,12550,9,0,26 27 28,1,100,,12565,9,0,26 27 28,1,100,,12559,9,0,26 27 28,1,100,,12555,9,0,26 27 28,1
2501,'8',634,,12570,9,0,26 27 28,1,100,,12566,9,0,26 27 28,1,100,,12571,9,0,26 27 28,1,100,,12581,9,0,26 27 28,1,100,,12575,9,0,26 27 28,1,100,,12573,9,0,26 27 28,1,100,,12579,9,0,26 27 28,1,100,,12578,9,0,26 27 28,1,100,,12577,9,0,26 27 28,1,100,,12568,9,0,26 27 28,1,100,,12574,9,0,26 27 28,1,100,,12567,9,0,26 27 28,1,100,,12576,9,0,26 27 28,1,100,,12580,9,0,26 27 28,1,100,,12572,9,0,26 27 28,1,100,,12569,9,0,26 27 28,1
2501,'9',634,,12596,9,0,26 27 28,1,100,,12597,9,0,26 27 28,1,100,,12595,9,0,26 27 28,1,100,,12590,9,0,26 27 28,1,100,,12586,9,0,26 27 28,1,100,,12584,9,0,26 27 28,1,100,,12582,9,0,26 27 28,1,100,,12589,9,0,26 27 28,1,100,,12591,9,0,26 27 28,1,100,,12585,9,0,26 27 28,1,100,,12593,9,0,26 27 28,1,100,,12587,9,0,26 27 28,1,100,,12588,9,0,26 27 28,1,100,,12592,9,0,26 27 28,1,100,,12594,9,0,26 27 28,1,100,,12583,9,0,26 27 28,1
