6001,'1',737,,14454,7,0,20 21 7,1,100,,14449,7,0,20 21 7,1,100,,14451,7,0,20 21 7,1,100,,14455,7,0,20 21 7,1,100,,14453,7,0,20 21 7,1,100,,14464,7,0,20 21 7,1,100,,14461,7,0,20 21 7,1,100,,14463,7,0,20 21 7,1,100,,14460,7,0,20 21 7,1,100,,14450,7,0,20 21 7,1,100,,14459,7,0,20 21 7,1,100,,14458,7,0,20 21 7,1,100,,14457,7,0,20 21 7,1,100,,14462,7,0,20 21 7,1,100,,14456,7,0,20 21 7,1,100,,14452,7,0,20 21 7,1
6001,'10',1037,,14466,7,0,20 21 7,1,100,,14472,7,0,20 21 7,1,100,,14465,7,0,20 21 7,1,100,,14469,7,0,20 21 7,1,100,,14471,7,0,20 21 7,1,100,,14470,7,0,20 21 7,1,100,,14468,7,0,20 21 7,1,100,,14467,7,0,20 21 7,1
6001,'11',1037,,14474,7,0,20 21 7,1,100,,14475,7,0,20 21 7,1,100,,14480,7,0,20 21 7,1,100,,14478,7,0,20 21 7,1,100,,14477,7,0,20 21 7,1,100,,14479,7,0,20 21 7,1,100,,14473,7,0,20 21 7,1,100,,14476,7,0,20 21 7,1
6001,'2',737,,14530,6,0,11 2 7,1,70,,14492,6,0,11 2 7,1,30,,14493,6,0,11 2 7,1,70,,14505,6,0,11 2 7,1,30,,14494,6,0,11 2 7,1,70,,14509,6,0,11 2 7,1,30,,14502,6,0,11 2 7,1,70,,14485,6,0,11 2 7,1,30,,14515,6,0,11 2 7,1,70,,14507,6,0,11 2 7,1,30,,14508,6,0,11 2 7,1,70,,14513,6,0,11 2 7,1,30,,14522,6,0,11 2 7,1,70,,14523,6,0,11 2 7,1,30,,14516,6,0,11 2 7,1,70,,14520,6,0,11 2 7,1,30,,14487,6,0,11 2 7,1,70,,14528,6,0,11 2 7,1,30,,14491,6,0,11 2 7,1,70,,14496,6,0,11 2 7,1,30,,14484,7,0,20 21 7,1,70,,9425,7,0,20 21 7,1,30,,14490,7,0,20 21 7,1,70,,14483,7,0,20 21 7,1,30,,14503,7,0,20 21 7,1,70,,14497,7,0,20 21 7,1,30,,14518,7,0,20 21 7,1,70,,14525,7,0,20 21 7,1,30,,14511,7,0,20 21 7,1,70,,14517,7,0,20 21 7,1,30,,14489,7,0,20 21 7,1,70,,14504,7,0,20 21 7,1
6001,'3',737,,14535,6,0,11 2 7,1,70,,14548,6,0,11 2 7,1,30,,14547,6,0,11 2 7,1,70,,14565,6,0,11 2 7,1,30,,14575,6,0,11 2 7,1,70,,14543,6,0,11 2 7,1,30,,14554,6,0,11 2 7,1,70,,14546,6,0,11 2 7,1,30,,14571,6,0,11 2 7,1,70,,14538,6,0,11 2 7,1,30,,14561,6,0,11 2 7,1,70,,14552,6,0,11 2 7,1,30,,14556,6,0,11 2 7,1,70,,14567,6,0,11 2 7,1,30,,14533,6,0,11 2 7,1,70,,14539,6,0,11 2 7,1,30,,14540,6,0,11 2 7,1,70,,14564,6,0,11 2 7,1,30,,14581,6,0,11 2 7,1,70,,14555,6,0,11 2 7,1,30,,14544,7,0,20 21 7,1,70,,14551,7,0,20 21 7,1,30,,14580,7,0,20 21 7,1,70,,14560,7,0,20 21 7,1,30,,14582,7,0,20 21 7,1,70,,14542,7,0,20 21 7,1,30,,14545,7,0,20 21 7,1,70,,14537,7,0,20 21 7,1,30,,14566,7,0,20 21 7,1,70,,14572,7,0,20 21 7,1,30,,14553,7,0,20 21 7,1,70,,14534,7,0,20 21 7,1
6001,'4',737,,14625,6,0,11 2 7,1,70,,14604,6,0,11 2 7,1,30,,14622,6,0,11 2 7,1,70,,14623,6,0,11 2 7,1,30,,14614,6,0,11 2 7,1,70,,14596,6,0,11 2 7,1,30,,14617,6,0,11 2 7,1,70,,14624,6,0,11 2 7,1,30,,14589,6,0,11 2 7,1,70,,14632,6,0,11 2 7,1,30,,14615,6,0,11 2 7,1,70,,11120,6,0,11 2 7,1,30,,14597,6,0,11 2 7,1,70,,14629,6,0,11 2 7,1,30,,14635,6,0,11 2 7,1,70,,14609,6,0,11 2 7,1,30,,14598,6,0,11 2 7,1,70,,14600,6,0,11 2 7,1,30,,14586,6,0,11 2 7,1,70,,14612,6,0,11 2 7,1,30,,14633,7,0,20 21 7,1,70,,14631,7,0,20 21 7,1,30,,14605,7,0,20 21 7,1,70,,14607,7,0,20 21 7,1,30,,14595,7,0,20 21 7,1,70,,14618,7,0,20 21 7,1,30,,14602,7,0,20 21 7,1,70,,14587,7,0,20 21 7,1,30,,14621,7,0,20 21 7,1,70,,14610,7,0,20 21 7,1,30,,14594,7,0,20 21 7,1,70,,14619,7,0,20 21 7,1
6001,'5',737,,14642,7,0,20 21 7,1,100,,14641,7,0,20 21 7,1,100,,14652,7,0,20 21 7,1,100,,14645,7,0,20 21 7,1,100,,14648,7,0,20 21 7,1,100,,14649,7,0,20 21 7,1,100,,14638,7,0,20 21 7,1,100,,14643,7,0,20 21 7,1,100,,14650,7,0,20 21 7,1,100,,14651,7,0,20 21 7,1,100,,14644,7,0,20 21 7,1,100,,14647,7,0,20 21 7,1,100,,14640,7,0,20 21 7,1,100,,14639,7,0,20 21 7,1,100,,14646,7,0,20 21 7,1,100,,14653,7,0,20 21 7,1
6001,'6',1037,,14659,7,0,20 21 7,1,100,,14655,7,0,20 21 7,1,100,,14660,7,0,20 21 7,1,100,,14654,7,0,20 21 7,1,100,,14656,7,0,20 21 7,1,100,,14657,7,0,20 21 7,1,100,,14658,7,0,20 21 7,1,100,,14661,7,0,20 21 7,1
6001,'7',737,,14684,6,0,11 2 7,1,70,,14663,6,0,11 2 7,1,30,,14702,6,0,11 2 7,1,70,,14700,6,0,11 2 7,1,30,,14710,6,0,11 2 7,1,70,,14682,6,0,11 2 7,1,30,,14706,6,0,11 2 7,1,70,,14667,6,0,11 2 7,1,30,,14692,6,0,11 2 7,1,70,,14675,6,0,11 2 7,1,30,,14712,6,0,11 2 7,1,70,,14686,6,0,11 2 7,1,30,,14696,6,0,11 2 7,1,70,,14694,6,0,11 2 7,1,30,,14678,6,0,11 2 7,1,70,,14689,6,0,11 2 7,1,30,,14673,6,0,11 2 7,1,70,,14713,6,0,11 2 7,1,30,,14671,6,0,11 2 7,1,70,,14670,6,0,11 2 7,1,30,,14701,7,0,20 21 7,1,70,,14680,7,0,20 21 7,1,30,,14704,7,0,20 21 7,1,70,,14699,7,0,20 21 7,1,30,,14697,7,0,20 21 7,1,70,,14709,7,0,20 21 7,1,30,,14711,7,0,20 21 7,1,70,,14676,7,0,20 21 7,1,30,,14690,7,0,20 21 7,1,70,,14708,7,0,20 21 7,1,30,,14664,7,0,20 21 7,1,70,,14685,7,0,20 21 7,1
6001,'8',737,,14740,6,0,11 2 7,1,70,,14763,6,0,11 2 7,1,30,,14739,6,0,11 2 7,1,70,,14760,6,0,11 2 7,1,30,,14748,6,0,11 2 7,1,70,,14764,6,0,11 2 7,1,30,,14721,6,0,11 2 7,1,70,,14744,6,0,11 2 7,1,30,,14741,6,0,11 2 7,1,70,,14734,6,0,11 2 7,1,30,,14729,6,0,11 2 7,1,70,,14757,6,0,11 2 7,1,30,,14727,6,0,11 2 7,1,70,,14730,6,0,11 2 7,1,30,,14737,6,0,11 2 7,1,70,,14761,6,0,11 2 7,1,30,,14749,6,0,11 2 7,1,70,,14743,6,0,11 2 7,1,30,,14756,6,0,11 2 7,1,70,,14731,6,0,11 2 7,1,30,,14751,7,0,20 21 7,1,70,,14752,7,0,20 21 7,1,30,,14717,7,0,20 21 7,1,70,,14762,7,0,20 21 7,1,30,,14755,7,0,20 21 7,1,70,,14723,7,0,20 21 7,1,30,,14736,7,0,20 21 7,1,70,,14745,7,0,20 21 7,1,30,,14724,7,0,20 21 7,1,70,,14750,7,0,20 21 7,1,30,,14733,7,0,20 21 7,1,70,,14718,7,0,20 21 7,1
6001,'9',737,,14820,6,0,11 2 7,1,70,,14805,6,0,11 2 7,1,30,,14797,6,0,11 2 7,1,70,,14781,6,0,11 2 7,1,30,,14804,6,0,11 2 7,1,70,,14783,6,0,11 2 7,1,30,,14814,6,0,11 2 7,1,70,,14807,6,0,11 2 7,1,30,,14802,6,0,11 2 7,1,70,,14786,6,0,11 2 7,1,30,,14784,6,0,11 2 7,1,70,,14808,6,0,11 2 7,1,30,,14809,6,0,11 2 7,1,70,,14815,6,0,11 2 7,1,30,,14775,6,0,11 2 7,1,70,,14771,6,0,11 2 7,1,30,,14770,6,0,11 2 7,1,70,,14768,6,0,11 2 7,1,30,,14817,6,0,11 2 7,1,70,,14803,6,0,11 2 7,1,30,,14813,7,0,20 21 7,1,70,,14774,7,0,20 21 7,1,30,,14818,7,0,20 21 7,1,70,,14776,7,0,20 21 7,1,30,,14787,7,0,20 21 7,1,70,,14810,7,0,20 21 7,1,30,,14799,7,0,20 21 7,1,70,,14789,7,0,20 21 7,1,30,,14790,7,0,20 21 7,1,70,,14794,7,0,20 21 7,1,30,,14816,7,0,20 21 7,1,70,,14777,7,0,20 21 7,1
