6001,'1',725,,14454,6,0,20 21 7,1,100,,14449,6,0,20 21 7,1,100,,14451,6,0,20 21 7,1,100,,14455,6,0,20 21 7,1,100,,14453,6,0,20 21 7,1,100,,14464,6,0,20 21 7,1,100,,14461,6,0,20 21 7,1,100,,14463,6,0,20 21 7,1,100,,14460,6,0,20 21 7,1,100,,14450,6,0,20 21 7,1,100,,14459,6,0,20 21 7,1,100,,14458,6,0,20 21 7,1,100,,14457,6,0,20 21 7,1,100,,14462,6,0,20 21 7,1,100,,14456,6,0,20 21 7,1,100,,14452,6,0,20 21 7,1
6001,'10',1025,,14466,6,0,20 21 7,1,100,,14472,6,0,20 21 7,1,100,,14465,6,0,20 21 7,1,100,,14469,6,0,20 21 7,1,100,,14471,6,0,20 21 7,1,100,,14470,6,0,20 21 7,1,100,,14468,6,0,20 21 7,1,100,,14467,6,0,20 21 7,1
6001,'11',1025,,14474,6,0,20 21 7,1,100,,14475,6,0,20 21 7,1,100,,14480,6,0,20 21 7,1,100,,14478,6,0,20 21 7,1,100,,14477,6,0,20 21 7,1,100,,14479,6,0,20 21 7,1,100,,14473,6,0,20 21 7,1,100,,14476,6,0,20 21 7,1
6001,'2',725,,14530,5,0,11 2 7,1,30,,14492,5,0,11 2 7,1,70,,14493,5,0,11 2 7,1,30,,14505,5,0,11 2 7,1,70,,14494,5,0,11 2 7,1,30,,14509,5,0,11 2 7,1,70,,14502,5,0,11 2 7,1,30,,14485,5,0,11 2 7,1,70,,14515,5,0,11 2 7,1,30,,14507,5,0,11 2 7,1,70,,14508,5,0,11 2 7,1,30,,14513,5,0,11 2 7,1,70,,14522,5,0,11 2 7,1,30,,14523,5,0,11 2 7,1,70,,14516,5,0,11 2 7,1,30,,14520,5,0,11 2 7,1,70,,14487,5,0,11 2 7,1,30,,14528,5,0,11 2 7,1,70,,14491,5,0,11 2 7,1,30,,14496,5,0,11 2 7,1,70,,14484,6,0,20 21 7,1,30,,9425,6,0,20 21 7,1,70,,14490,6,0,20 21 7,1,30,,14483,6,0,20 21 7,1,70,,14503,6,0,20 21 7,1,30,,14497,6,0,20 21 7,1,70,,14518,6,0,20 21 7,1,30,,14525,6,0,20 21 7,1,70,,14511,6,0,20 21 7,1,30,,14517,6,0,20 21 7,1,70,,14489,6,0,20 21 7,1,30,,14504,6,0,20 21 7,1
6001,'3',725,,14535,5,0,11 2 7,1,30,,14548,5,0,11 2 7,1,70,,14547,5,0,11 2 7,1,30,,14565,5,0,11 2 7,1,70,,14575,5,0,11 2 7,1,30,,14543,5,0,11 2 7,1,70,,14554,5,0,11 2 7,1,30,,14546,5,0,11 2 7,1,70,,14571,5,0,11 2 7,1,30,,14538,5,0,11 2 7,1,70,,14561,5,0,11 2 7,1,30,,14552,5,0,11 2 7,1,70,,14556,5,0,11 2 7,1,30,,14567,5,0,11 2 7,1,70,,14533,5,0,11 2 7,1,30,,14539,5,0,11 2 7,1,70,,14540,5,0,11 2 7,1,30,,14564,5,0,11 2 7,1,70,,14581,5,0,11 2 7,1,30,,14555,5,0,11 2 7,1,70,,14544,6,0,20 21 7,1,30,,14551,6,0,20 21 7,1,70,,14580,6,0,20 21 7,1,30,,14560,6,0,20 21 7,1,70,,14582,6,0,20 21 7,1,30,,14542,6,0,20 21 7,1,70,,14545,6,0,20 21 7,1,30,,14537,6,0,20 21 7,1,70,,14566,6,0,20 21 7,1,30,,14572,6,0,20 21 7,1,70,,14553,6,0,20 21 7,1,30,,14534,6,0,20 21 7,1
6001,'4',725,,14625,5,0,11 2 7,1,30,,14604,5,0,11 2 7,1,70,,14622,5,0,11 2 7,1,30,,14623,5,0,11 2 7,1,70,,14614,5,0,11 2 7,1,30,,14596,5,0,11 2 7,1,70,,14617,5,0,11 2 7,1,30,,14624,5,0,11 2 7,1,70,,14589,5,0,11 2 7,1,30,,14632,5,0,11 2 7,1,70,,14615,5,0,11 2 7,1,30,,11120,5,0,11 2 7,1,70,,14597,5,0,11 2 7,1,30,,14629,5,0,11 2 7,1,70,,14635,5,0,11 2 7,1,30,,14609,5,0,11 2 7,1,70,,14598,5,0,11 2 7,1,30,,14600,5,0,11 2 7,1,70,,14586,5,0,11 2 7,1,30,,14612,5,0,11 2 7,1,70,,14633,6,0,20 21 7,1,30,,14631,6,0,20 21 7,1,70,,14605,6,0,20 21 7,1,30,,14607,6,0,20 21 7,1,70,,14595,6,0,20 21 7,1,30,,14618,6,0,20 21 7,1,70,,14602,6,0,20 21 7,1,30,,14587,6,0,20 21 7,1,70,,14621,6,0,20 21 7,1,30,,14610,6,0,20 21 7,1,70,,14594,6,0,20 21 7,1,30,,14619,6,0,20 21 7,1
6001,'5',725,,14642,6,0,20 21 7,1,100,,14641,6,0,20 21 7,1,100,,14652,6,0,20 21 7,1,100,,14645,6,0,20 21 7,1,100,,14648,6,0,20 21 7,1,100,,14649,6,0,20 21 7,1,100,,14638,6,0,20 21 7,1,100,,14643,6,0,20 21 7,1,100,,14650,6,0,20 21 7,1,100,,14651,6,0,20 21 7,1,100,,14644,6,0,20 21 7,1,100,,14647,6,0,20 21 7,1,100,,14640,6,0,20 21 7,1,100,,14639,6,0,20 21 7,1,100,,14646,6,0,20 21 7,1,100,,14653,6,0,20 21 7,1
6001,'6',1025,,14659,6,0,20 21 7,1,100,,14655,6,0,20 21 7,1,100,,14660,6,0,20 21 7,1,100,,14654,6,0,20 21 7,1,100,,14656,6,0,20 21 7,1,100,,14657,6,0,20 21 7,1,100,,14658,6,0,20 21 7,1,100,,14661,6,0,20 21 7,1
6001,'7',725,,14684,5,0,11 2 7,1,30,,14663,5,0,11 2 7,1,70,,14702,5,0,11 2 7,1,30,,14700,5,0,11 2 7,1,70,,14710,5,0,11 2 7,1,30,,14682,5,0,11 2 7,1,70,,14706,5,0,11 2 7,1,30,,14667,5,0,11 2 7,1,70,,14692,5,0,11 2 7,1,30,,14675,5,0,11 2 7,1,70,,14712,5,0,11 2 7,1,30,,14686,5,0,11 2 7,1,70,,14696,5,0,11 2 7,1,30,,14694,5,0,11 2 7,1,70,,14678,5,0,11 2 7,1,30,,14689,5,0,11 2 7,1,70,,14673,5,0,11 2 7,1,30,,14713,5,0,11 2 7,1,70,,14671,5,0,11 2 7,1,30,,14670,5,0,11 2 7,1,70,,14701,6,0,20 21 7,1,30,,14680,6,0,20 21 7,1,70,,14704,6,0,20 21 7,1,30,,14699,6,0,20 21 7,1,70,,14697,6,0,20 21 7,1,30,,14709,6,0,20 21 7,1,70,,14711,6,0,20 21 7,1,30,,14676,6,0,20 21 7,1,70,,14690,6,0,20 21 7,1,30,,14708,6,0,20 21 7,1,70,,14664,6,0,20 21 7,1,30,,14685,6,0,20 21 7,1
6001,'8',725,,14740,5,0,11 2 7,1,30,,14763,5,0,11 2 7,1,70,,14739,5,0,11 2 7,1,30,,14760,5,0,11 2 7,1,70,,14748,5,0,11 2 7,1,30,,14764,5,0,11 2 7,1,70,,14721,5,0,11 2 7,1,30,,14744,5,0,11 2 7,1,70,,14741,5,0,11 2 7,1,30,,14734,5,0,11 2 7,1,70,,14729,5,0,11 2 7,1,30,,14757,5,0,11 2 7,1,70,,14727,5,0,11 2 7,1,30,,14730,5,0,11 2 7,1,70,,14737,5,0,11 2 7,1,30,,14761,5,0,11 2 7,1,70,,14749,5,0,11 2 7,1,30,,14743,5,0,11 2 7,1,70,,14756,5,0,11 2 7,1,30,,14731,5,0,11 2 7,1,70,,14751,6,0,20 21 7,1,30,,14752,6,0,20 21 7,1,70,,14717,6,0,20 21 7,1,30,,14762,6,0,20 21 7,1,70,,14755,6,0,20 21 7,1,30,,14723,6,0,20 21 7,1,70,,14736,6,0,20 21 7,1,30,,14745,6,0,20 21 7,1,70,,14724,6,0,20 21 7,1,30,,14750,6,0,20 21 7,1,70,,14733,6,0,20 21 7,1,30,,14718,6,0,20 21 7,1
6001,'9',725,,14820,5,0,11 2 7,1,30,,14805,5,0,11 2 7,1,70,,14797,5,0,11 2 7,1,30,,14781,5,0,11 2 7,1,70,,14804,5,0,11 2 7,1,30,,14783,5,0,11 2 7,1,70,,14814,5,0,11 2 7,1,30,,14807,5,0,11 2 7,1,70,,14802,5,0,11 2 7,1,30,,14786,5,0,11 2 7,1,70,,14784,5,0,11 2 7,1,30,,14808,5,0,11 2 7,1,70,,14809,5,0,11 2 7,1,30,,14815,5,0,11 2 7,1,70,,14775,5,0,11 2 7,1,30,,14771,5,0,11 2 7,1,70,,14770,5,0,11 2 7,1,30,,14768,5,0,11 2 7,1,70,,14817,5,0,11 2 7,1,30,,14803,5,0,11 2 7,1,70,,14813,6,0,20 21 7,1,30,,14774,6,0,20 21 7,1,70,,14818,6,0,20 21 7,1,30,,14776,6,0,20 21 7,1,70,,14787,6,0,20 21 7,1,30,,14810,6,0,20 21 7,1,70,,14799,6,0,20 21 7,1,30,,14789,6,0,20 21 7,1,70,,14790,6,0,20 21 7,1,30,,14794,6,0,20 21 7,1,70,,14816,6,0,20 21 7,1,30,,14777,6,0,20 21 7,1
