2501,'1',632,,12446,5,0,26 27 28,1,100,,12449,5,0,26 27 28,1,100,,12461,5,0,26 27 28,1,100,,12460,5,0,26 27 28,1,100,,12453,5,0,26 27 28,1,100,,12450,5,0,26 27 28,1,100,,12459,5,0,26 27 28,1,100,,12451,5,0,26 27 28,1,100,,12454,5,0,26 27 28,1,100,,12455,5,0,26 27 28,1,100,,12448,5,0,26 27 28,1,100,,12456,5,0,26 27 28,1,100,,12458,5,0,26 27 28,1,100,,12457,5,0,26 27 28,1,100,,12452,5,0,26 27 28,1,100,,12447,5,0,26 27 28,1
2501,'10',1032,,12465,5,0,26 27 28,1,100,,12469,5,0,26 27 28,1,100,,12466,5,0,26 27 28,1,100,,12462,5,0,26 27 28,1,100,,12468,5,0,26 27 28,1,100,,12467,5,0,26 27 28,1,100,,12463,5,0,26 27 28,1,100,,12464,5,0,26 27 28,1
2501,'11',1032,,12477,5,0,26 27 28,1,100,,12471,5,0,26 27 28,1,100,,12475,5,0,26 27 28,1,100,,12470,5,0,26 27 28,1,100,,12476,5,0,26 27 28,1,100,,12474,5,0,26 27 28,1,100,,12473,5,0,26 27 28,1,100,,12472,5,0,26 27 28,1
2501,'2',632,,12487,5,0,26 27 28,1,100,,12491,5,0,26 27 28,1,100,,12492,5,0,26 27 28,1,100,,12486,5,0,26 27 28,1,100,,12490,5,0,26 27 28,1,100,,12479,5,0,26 27 28,1,100,,12481,5,0,26 27 28,1,100,,12480,5,0,26 27 28,1,100,,12493,5,0,26 27 28,1,100,,12484,5,0,26 27 28,1,100,,12483,5,0,26 27 28,1,100,,12489,5,0,26 27 28,1,100,,12488,5,0,26 27 28,1,100,,12485,5,0,26 27 28,1,100,,12482,5,0,26 27 28,1,100,,12478,5,0,26 27 28,1
2501,'3',632,,12502,5,0,26 27 28,1,100,,12504,5,0,26 27 28,1,100,,12495,5,0,26 27 28,1,100,,12494,5,0,26 27 28,1,100,,12500,5,0,26 27 28,1,100,,12506,5,0,26 27 28,1,100,,12503,5,0,26 27 28,1,100,,12507,5,0,26 27 28,1,100,,12499,5,0,26 27 28,1,100,,12498,5,0,26 27 28,1,100,,12496,5,0,26 27 28,1,100,,12497,5,0,26 27 28,1,100,,12501,5,0,26 27 28,1,100,,12505,5,0,26 27 28,1,100,,12508,5,0,26 27 28,1,100,,12509,5,0,26 27 28,1
2501,'4',632,,12519,5,0,26 27 28,1,100,,12522,5,0,26 27 28,1,100,,12523,5,0,26 27 28,1,100,,12516,5,0,26 27 28,1,100,,12512,5,0,26 27 28,1,100,,12520,5,0,26 27 28,1,100,,12518,5,0,26 27 28,1,100,,12525,5,0,26 27 28,1,100,,12515,5,0,26 27 28,1,100,,12517,5,0,26 27 28,1,100,,12524,5,0,26 27 28,1,100,,12513,5,0,26 27 28,1,100,,12511,5,0,26 27 28,1,100,,12521,5,0,26 27 28,1,100,,12510,5,0,26 27 28,1,100,,12514,5,0,26 27 28,1
2501,'5',632,,12533,5,0,26 27 28,1,100,,12529,5,0,26 27 28,1,100,,12534,5,0,26 27 28,1,100,,12539,5,0,26 27 28,1,100,,12528,5,0,26 27 28,1,100,,12541,5,0,26 27 28,1,100,,12537,5,0,26 27 28,1,100,,12532,5,0,26 27 28,1,100,,12530,5,0,26 27 28,1,100,,12527,5,0,26 27 28,1,100,,12526,5,0,26 27 28,1,100,,12535,5,0,26 27 28,1,100,,12538,5,0,26 27 28,1,100,,12536,5,0,26 27 28,1,100,,12540,5,0,26 27 28,1,100,,12531,5,0,26 27 28,1
2501,'6',1032,,12542,5,0,26 27 28,1,100,,12549,5,0,26 27 28,1,100,,12546,5,0,26 27 28,1,100,,12544,5,0,26 27 28,1,100,,12543,5,0,26 27 28,1,100,,12545,5,0,26 27 28,1,100,,12548,5,0,26 27 28,1,100,,12547,5,0,26 27 28,1
2501,'7',632,,12560,5,0,26 27 28,1,100,,12558,5,0,26 27 28,1,100,,12563,5,0,26 27 28,1,100,,12551,5,0,26 27 28,1,100,,12552,5,0,26 27 28,1,100,,12557,5,0,26 27 28,1,100,,12561,5,0,26 27 28,1,100,,12562,5,0,26 27 28,1,100,,12553,5,0,26 27 28,1,100,,12564,5,0,26 27 28,1,100,,12556,5,0,26 27 28,1,100,,12554,5,0,26 27 28,1,100,,12550,5,0,26 27 28,1,100,,12565,5,0,26 27 28,1,100,,12559,5,0,26 27 28,1,100,,12555,5,0,26 27 28,1
2501,'8',632,,12570,5,0,26 27 28,1,100,,12566,5,0,26 27 28,1,100,,12571,5,0,26 27 28,1,100,,12581,5,0,26 27 28,1,100,,12575,5,0,26 27 28,1,100,,12573,5,0,26 27 28,1,100,,12579,5,0,26 27 28,1,100,,12578,5,0,26 27 28,1,100,,12577,5,0,26 27 28,1,100,,12568,5,0,26 27 28,1,100,,12574,5,0,26 27 28,1,100,,12567,5,0,26 27 28,1,100,,12576,5,0,26 27 28,1,100,,12580,5,0,26 27 28,1,100,,12572,5,0,26 27 28,1,100,,12569,5,0,26 27 28,1
2501,'9',632,,12596,5,0,26 27 28,1,100,,12597,5,0,26 27 28,1,100,,12595,5,0,26 27 28,1,100,,12590,5,0,26 27 28,1,100,,12586,5,0,26 27 28,1,100,,12584,5,0,26 27 28,1,100,,12582,5,0,26 27 28,1,100,,12589,5,0,26 27 28,1,100,,12591,5,0,26 27 28,1,100,,12585,5,0,26 27 28,1,100,,12593,5,0,26 27 28,1,100,,12587,5,0,26 27 28,1,100,,12588,5,0,26 27 28,1,100,,12592,5,0,26 27 28,1,100,,12594,5,0,26 27 28,1,100,,12583,5,0,26 27 28,1
