2200,3011,1,0,0
2200,4258,2,0,0
2200,4264,3,1,1
2201,4264,1,0,0
2201,4259,2,0,0
2201,3011,3,1,1
2500,4365,1,0,0
2500,3958,2,0,0
2500,3959,3,0,0
2500,3960,4,0,0
2500,3961,5,0,0
2500,3962,6,0,0
2500,3964,7,0,0
2500,3965,8,0,0
2500,3807,9,0,0
2500,4237,10,0,0
2500,3746,11,0,0
2500,3735,12,0,0
2500,3748,13,0,0
2500,3738,14,0,0
2500,3751,15,0,0
2500,3752,16,0,0
2500,3740,17,0,0
2500,4033,18,0,0
2500,4131,19,0,0
2500,4132,20,0,0
2500,3769,21,0,0
2500,3734,22,1,1
2501,3734,1,0,0
2501,3744,2,0,0
2501,3758,3,0,0
2501,3759,4,0,0
2501,3760,5,0,0
2501,3761,6,0,0
2501,3745,7,0,0
2501,3768,8,0,0
2501,3736,9,0,0
2501,4239,10,0,0
2501,4238,11,0,0
2501,4034,12,0,0
2501,4032,13,0,0
2501,3843,14,0,0
2501,3844,15,1,0
2501,3846,16,1,0
2501,3847,17,1,0
2501,3848,18,1,0
2501,3849,19,1,0
2501,3850,20,1,0
2501,3851,21,1,0
2501,3852,22,1,0
2501,4365,23,1,1
3400,4365,1,0,0
3400,4366,2,0,0
3400,4251,3,0,0
3400,4252,4,0,0
3400,4361,5,1,1
3401,4361,1,0,0
3401,4251,2,0,0
3401,4252,3,0,0
3401,4366,4,0,0
3401,4365,5,1,1
4001,2887,1,0,0
4001,3216,2,0,0
4001,4361,3,0,0
4001,4362,4,0,0
4001,4360,5,0,0
4001,426,6,0,0
4001,4359,7,1,1
4501,4359,1,0,0
4501,377,2,0,0
4501,4360,3,0,0
4501,4362,4,0,0
4501,4361,5,0,0
4501,3225,6,0,0
4501,2887,7,1,1
5001,2887,1,0,0
5001,3216,2,0,0
5001,3169,3,0,0
5001,3527,4,0,0
5001,1322,5,0,0
5001,4358,6,0,0
5001,875,7,0,0
5001,4321,8,0,0
5001,707,9,0,0
5001,1462,10,0,0
5001,4363,11,0,0
5001,4359,12,1,1
5501,4359,1,0,0
5501,4363,2,0,0
5501,875,3,0,0
5501,4321,4,0,0
5501,707,5,0,0
5501,1462,6,0,0
5501,1322,7,0,0
5501,4358,8,0,0
5501,3528,9,0,0
5501,3525,10,0,0
5501,3225,11,0,0
5501,2887,12,1,1
6001,2887,1,0,0
6001,3216,2,0,0
6001,3005,3,0,0
6001,3526,4,0,0
6001,3011,5,0,0
6001,4258,6,0,0
6001,3533,7,0,0
6001,3530,8,0,0
6001,4365,9,0,0
6001,4366,10,1,1
6501,4366,1,0,0
6501,4365,2,0,0
6501,3531,3,0,0
6501,3534,4,0,0
6501,4259,5,0,0
6501,3011,6,0,0
6501,3529,7,0,0
6501,3225,8,0,0
6501,2887,9,1,1
6501,3005,10,1,1
7001,4359,1,0,0
7001,4363,2,0,0
7001,875,3,0,0
7001,4321,4,0,0
7001,707,5,0,0
7001,4129,6,0,0
7001,3815,7,0,0
7001,4366,8,0,0
7001,2670,9,0,0
7001,4365,10,1,1
7501,4365,1,0,0
7501,2670,2,0,0
7501,4366,3,0,0
7501,2715,4,0,0
7501,4130,5,0,0
7501,4321,6,0,0
7501,707,7,0,0
7501,1462,8,0,0
7501,4363,9,0,0
7501,4359,10,1,1
