2500,'1',706,,11794,8,0,26 27 28,1,100,,12296,8,0,26 27 28,1,100,,12297,8,0,26 27 28,1,100,,12302,8,0,26 27 28,1,100,,12301,8,0,26 27 28,1,100,,12310,8,0,26 27 28,1,100,,12308,8,0,26 27 28,1,100,,12306,8,0,26 27 28,1,100,,12299,8,0,26 27 28,1,100,,12309,8,0,26 27 28,1,100,,12307,8,0,26 27 28,1,100,,12300,8,0,26 27 28,1,100,,12298,8,0,26 27 28,1,100,,12305,8,0,26 27 28,1,100,,12303,8,0,26 27 28,1,100,,12304,8,0,26 27 28,1
2500,'10',1006,,12318,8,0,26 27 28,1,100,,12311,8,0,26 27 28,1,100,,12314,8,0,26 27 28,1,100,,12312,8,0,26 27 28,1,100,,12315,8,0,26 27 28,1,100,,12316,8,0,26 27 28,1,100,,12317,8,0,26 27 28,1,100,,12313,8,0,26 27 28,1
2500,'11',1006,,12324,8,0,26 27 28,1,100,,12325,8,0,26 27 28,1,100,,12322,8,0,26 27 28,1,100,,12323,8,0,26 27 28,1,100,,12319,8,0,26 27 28,1,100,,12320,8,0,26 27 28,1,100,,12321,8,0,26 27 28,1,100,,12326,8,0,26 27 28,1
2500,'2',706,,12330,8,0,26 27 28,1,100,,12329,8,0,26 27 28,1,100,,12334,8,0,26 27 28,1,100,,12335,8,0,26 27 28,1,100,,12337,8,0,26 27 28,1,100,,12333,8,0,26 27 28,1,100,,12341,8,0,26 27 28,1,100,,12328,8,0,26 27 28,1,100,,12339,8,0,26 27 28,1,100,,12331,8,0,26 27 28,1,100,,12338,8,0,26 27 28,1,100,,12340,8,0,26 27 28,1,100,,12332,8,0,26 27 28,1,100,,12327,8,0,26 27 28,1,100,,12342,8,0,26 27 28,1,100,,12336,8,0,26 27 28,1
2500,'3',706,,12351,8,0,26 27 28,1,100,,12356,8,0,26 27 28,1,100,,12353,8,0,26 27 28,1,100,,12350,8,0,26 27 28,1,100,,12355,8,0,26 27 28,1,100,,12354,8,0,26 27 28,1,100,,12348,8,0,26 27 28,1,100,,12352,8,0,26 27 28,1,100,,12344,8,0,26 27 28,1,100,,12345,8,0,26 27 28,1,100,,12357,8,0,26 27 28,1,100,,12358,8,0,26 27 28,1,100,,12346,8,0,26 27 28,1,100,,12343,8,0,26 27 28,1,100,,12349,8,0,26 27 28,1,100,,12347,8,0,26 27 28,1
2500,'4',706,,12367,8,0,26 27 28,1,100,,12373,8,0,26 27 28,1,100,,12359,8,0,26 27 28,1,100,,12370,8,0,26 27 28,1,100,,12364,8,0,26 27 28,1,100,,12372,8,0,26 27 28,1,100,,12362,8,0,26 27 28,1,100,,12371,8,0,26 27 28,1,100,,11778,8,0,26 27 28,1,100,,12363,8,0,26 27 28,1,100,,12360,8,0,26 27 28,1,100,,12368,8,0,26 27 28,1,100,,12369,8,0,26 27 28,1,100,,12361,8,0,26 27 28,1,100,,12366,8,0,26 27 28,1,100,,12365,8,0,26 27 28,1
2500,'5',706,,12376,8,0,26 27 28,1,100,,12383,8,0,26 27 28,1,100,,12377,8,0,26 27 28,1,100,,12380,8,0,26 27 28,1,100,,12386,8,0,26 27 28,1,100,,12375,8,0,26 27 28,1,100,,12381,8,0,26 27 28,1,100,,12382,8,0,26 27 28,1,100,,12384,8,0,26 27 28,1,100,,12389,8,0,26 27 28,1,100,,12379,8,0,26 27 28,1,100,,12387,8,0,26 27 28,1,100,,12378,8,0,26 27 28,1,100,,12374,8,0,26 27 28,1,100,,12385,8,0,26 27 28,1,100,,12388,8,0,26 27 28,1
2500,'6',1006,,12391,8,0,26 27 28,1,100,,12397,8,0,26 27 28,1,100,,12395,8,0,26 27 28,1,100,,12394,8,0,26 27 28,1,100,,12396,8,0,26 27 28,1,100,,12390,8,0,26 27 28,1,100,,12393,8,0,26 27 28,1,100,,12392,8,0,26 27 28,1
2500,'7',706,,12412,8,0,26 27 28,1,100,,12400,8,0,26 27 28,1,100,,12402,8,0,26 27 28,1,100,,12408,8,0,26 27 28,1,100,,12413,8,0,26 27 28,1,100,,12409,8,0,26 27 28,1,100,,12404,8,0,26 27 28,1,100,,12401,8,0,26 27 28,1,100,,12410,8,0,26 27 28,1,100,,12398,8,0,26 27 28,1,100,,12399,8,0,26 27 28,1,100,,12407,8,0,26 27 28,1,100,,12405,8,0,26 27 28,1,100,,12406,8,0,26 27 28,1,100,,12403,8,0,26 27 28,1,100,,12411,8,0,26 27 28,1
2500,'8',706,,12417,8,0,26 27 28,1,100,,12424,8,0,26 27 28,1,100,,12414,8,0,26 27 28,1,100,,12423,8,0,26 27 28,1,100,,12422,8,0,26 27 28,1,100,,12426,8,0,26 27 28,1,100,,12420,8,0,26 27 28,1,100,,12416,8,0,26 27 28,1,100,,12428,8,0,26 27 28,1,100,,12419,8,0,26 27 28,1,100,,12421,8,0,26 27 28,1,100,,12425,8,0,26 27 28,1,100,,12415,8,0,26 27 28,1,100,,12427,8,0,26 27 28,1,100,,12429,8,0,26 27 28,1,100,,12418,8,0,26 27 28,1
2500,'9',706,,12438,8,0,26 27 28,1,100,,12433,8,0,26 27 28,1,100,,12432,8,0,26 27 28,1,100,,12440,8,0,26 27 28,1,100,,12445,8,0,26 27 28,1,100,,12430,8,0,26 27 28,1,100,,12431,8,0,26 27 28,1,100,,12441,8,0,26 27 28,1,100,,12434,8,0,26 27 28,1,100,,12442,8,0,26 27 28,1,100,,12439,8,0,26 27 28,1,100,,12437,8,0,26 27 28,1,100,,12436,8,0,26 27 28,1,100,,12435,8,0,26 27 28,1,100,,12443,8,0,26 27 28,1,100,,12444,8,0,26 27 28,1
