2500,'1',725,,11794,22,4,,1,100,,12296,22,4,,1,100,,12297,22,4,,1,100,,12302,22,4,,1,100,,12301,22,4,,1,100,,12310,22,4,,1,100,,12308,22,4,,1,100,,12306,22,4,,1,100,,12299,22,4,,1,100,,12309,22,4,,1,100,,12307,22,4,,1,100,,12300,22,4,,1,100,,12298,22,4,,1,100,,12305,22,4,,1,100,,12303,22,4,,1,100,,12304,22,4,,1
2500,'10',1025,,12318,22,4,,1,100,,12311,22,4,,1,100,,12314,22,4,,1,100,,12312,22,4,,1,100,,12315,22,4,,1,100,,12316,22,4,,1,100,,12317,22,4,,1,100,,12313,22,4,,1
2500,'11',1025,,12324,22,4,,1,100,,12325,22,4,,1,100,,12322,22,4,,1,100,,12323,22,4,,1,100,,12319,22,4,,1,100,,12320,22,4,,1,100,,12321,22,4,,1,100,,12326,22,4,,1
2500,'2',725,,12330,22,4,,1,100,,12329,22,4,,1,100,,12334,22,4,,1,100,,12335,22,4,,1,100,,12337,22,4,,1,100,,12333,22,4,,1,100,,12341,22,4,,1,100,,12328,22,4,,1,100,,12339,22,4,,1,100,,12331,22,4,,1,100,,12338,22,4,,1,100,,12340,22,4,,1,100,,12332,22,4,,1,100,,12327,22,4,,1,100,,12342,22,4,,1,100,,12336,22,4,,1
2500,'3',725,,12351,22,4,,1,100,,12356,22,4,,1,100,,12353,22,4,,1,100,,12350,22,4,,1,100,,12355,22,4,,1,100,,12354,22,4,,1,100,,12348,22,4,,1,100,,12352,22,4,,1,100,,12344,22,4,,1,100,,12345,22,4,,1,100,,12357,22,4,,1,100,,12358,22,4,,1,100,,12346,22,4,,1,100,,12343,22,4,,1,100,,12349,22,4,,1,100,,12347,22,4,,1
2500,'4',725,,12367,22,4,,1,100,,12373,22,4,,1,100,,12359,22,4,,1,100,,12370,22,4,,1,100,,12364,22,4,,1,100,,12372,22,4,,1,100,,12362,22,4,,1,100,,12371,22,4,,1,100,,11778,22,4,,1,100,,12363,22,4,,1,100,,12360,22,4,,1,100,,12368,22,4,,1,100,,12369,22,4,,1,100,,12361,22,4,,1,100,,12366,22,4,,1,100,,12365,22,4,,1
2500,'5',725,,12376,22,4,,1,100,,12383,22,4,,1,100,,12377,22,4,,1,100,,12380,22,4,,1,100,,12386,22,4,,1,100,,12375,22,4,,1,100,,12381,22,4,,1,100,,12382,22,4,,1,100,,12384,22,4,,1,100,,12389,22,4,,1,100,,12379,22,4,,1,100,,12387,22,4,,1,100,,12378,22,4,,1,100,,12374,22,4,,1,100,,12385,22,4,,1,100,,12388,22,4,,1
2500,'6',1025,,12391,22,4,,1,100,,12397,22,4,,1,100,,12395,22,4,,1,100,,12394,22,4,,1,100,,12396,22,4,,1,100,,12390,22,4,,1,100,,12393,22,4,,1,100,,12392,22,4,,1
2500,'7',725,,12412,22,4,,1,100,,12400,22,4,,1,100,,12402,22,4,,1,100,,12408,22,4,,1,100,,12413,22,4,,1,100,,12409,22,4,,1,100,,12404,22,4,,1,100,,12401,22,4,,1,100,,12410,22,4,,1,100,,12398,22,4,,1,100,,12399,22,4,,1,100,,12407,22,4,,1,100,,12405,22,4,,1,100,,12406,22,4,,1,100,,12403,22,4,,1,100,,12411,22,4,,1
2500,'8',725,,12417,22,4,,1,100,,12424,22,4,,1,100,,12414,22,4,,1,100,,12423,22,4,,1,100,,12422,22,4,,1,100,,12426,22,4,,1,100,,12420,22,4,,1,100,,12416,22,4,,1,100,,12428,22,4,,1,100,,12419,22,4,,1,100,,12421,22,4,,1,100,,12425,22,4,,1,100,,12415,22,4,,1,100,,12427,22,4,,1,100,,12429,22,4,,1,100,,12418,22,4,,1
2500,'9',725,,12438,22,4,,1,100,,12433,22,4,,1,100,,12432,22,4,,1,100,,12440,22,4,,1,100,,12445,22,4,,1,100,,12430,22,4,,1,100,,12431,22,4,,1,100,,12441,22,4,,1,100,,12434,22,4,,1,100,,12442,22,4,,1,100,,12439,22,4,,1,100,,12437,22,4,,1,100,,12436,22,4,,1,100,,12435,22,4,,1,100,,12443,22,4,,1,100,,12444,22,4,,1
2501,'1',630,,12446,1,0,26 27 28,1,100,,12449,1,0,26 27 28,1,100,,12461,1,0,26 27 28,1,100,,12460,1,0,26 27 28,1,100,,12453,1,0,26 27 28,1,100,,12450,1,0,26 27 28,1,100,,12459,1,0,26 27 28,1,100,,12451,1,0,26 27 28,1,100,,12454,1,0,26 27 28,1,100,,12455,1,0,26 27 28,1,100,,12448,1,0,26 27 28,1,100,,12456,1,0,26 27 28,1,100,,12458,1,0,26 27 28,1,100,,12457,1,0,26 27 28,1,100,,12452,1,0,26 27 28,1,100,,12447,1,0,26 27 28,1
2501,'10',1030,,12465,1,0,26 27 28,1,100,,12469,1,0,26 27 28,1,100,,12466,1,0,26 27 28,1,100,,12462,1,0,26 27 28,1,100,,12468,1,0,26 27 28,1,100,,12467,1,0,26 27 28,1,100,,12463,1,0,26 27 28,1,100,,12464,1,0,26 27 28,1
2501,'11',1030,,12477,1,0,26 27 28,1,100,,12471,1,0,26 27 28,1,100,,12475,1,0,26 27 28,1,100,,12470,1,0,26 27 28,1,100,,12476,1,0,26 27 28,1,100,,12474,1,0,26 27 28,1,100,,12473,1,0,26 27 28,1,100,,12472,1,0,26 27 28,1
2501,'2',630,,12487,1,0,26 27 28,1,100,,12491,1,0,26 27 28,1,100,,12492,1,0,26 27 28,1,100,,12486,1,0,26 27 28,1,100,,12490,1,0,26 27 28,1,100,,12479,1,0,26 27 28,1,100,,12481,1,0,26 27 28,1,100,,12480,1,0,26 27 28,1,100,,12493,1,0,26 27 28,1,100,,12484,1,0,26 27 28,1,100,,12483,1,0,26 27 28,1,100,,12489,1,0,26 27 28,1,100,,12488,1,0,26 27 28,1,100,,12485,1,0,26 27 28,1,100,,12482,1,0,26 27 28,1,100,,12478,1,0,26 27 28,1
2501,'3',630,,12502,1,0,26 27 28,1,100,,12504,1,0,26 27 28,1,100,,12495,1,0,26 27 28,1,100,,12494,1,0,26 27 28,1,100,,12500,1,0,26 27 28,1,100,,12506,1,0,26 27 28,1,100,,12503,1,0,26 27 28,1,100,,12507,1,0,26 27 28,1,100,,12499,1,0,26 27 28,1,100,,12498,1,0,26 27 28,1,100,,12496,1,0,26 27 28,1,100,,12497,1,0,26 27 28,1,100,,12501,1,0,26 27 28,1,100,,12505,1,0,26 27 28,1,100,,12508,1,0,26 27 28,1,100,,12509,1,0,26 27 28,1
2501,'4',630,,12519,1,0,26 27 28,1,100,,12522,1,0,26 27 28,1,100,,12523,1,0,26 27 28,1,100,,12516,1,0,26 27 28,1,100,,12512,1,0,26 27 28,1,100,,12520,1,0,26 27 28,1,100,,12518,1,0,26 27 28,1,100,,12525,1,0,26 27 28,1,100,,12515,1,0,26 27 28,1,100,,12517,1,0,26 27 28,1,100,,12524,1,0,26 27 28,1,100,,12513,1,0,26 27 28,1,100,,12511,1,0,26 27 28,1,100,,12521,1,0,26 27 28,1,100,,12510,1,0,26 27 28,1,100,,12514,1,0,26 27 28,1
2501,'5',630,,12533,1,0,26 27 28,1,100,,12529,1,0,26 27 28,1,100,,12534,1,0,26 27 28,1,100,,12539,1,0,26 27 28,1,100,,12528,1,0,26 27 28,1,100,,12541,1,0,26 27 28,1,100,,12537,1,0,26 27 28,1,100,,12532,1,0,26 27 28,1,100,,12530,1,0,26 27 28,1,100,,12527,1,0,26 27 28,1,100,,12526,1,0,26 27 28,1,100,,12535,1,0,26 27 28,1,100,,12538,1,0,26 27 28,1,100,,12536,1,0,26 27 28,1,100,,12540,1,0,26 27 28,1,100,,12531,1,0,26 27 28,1
2501,'6',1030,,12542,1,0,26 27 28,1,100,,12549,1,0,26 27 28,1,100,,12546,1,0,26 27 28,1,100,,12544,1,0,26 27 28,1,100,,12543,1,0,26 27 28,1,100,,12545,1,0,26 27 28,1,100,,12548,1,0,26 27 28,1,100,,12547,1,0,26 27 28,1
2501,'7',630,,12560,1,0,26 27 28,1,100,,12558,1,0,26 27 28,1,100,,12563,1,0,26 27 28,1,100,,12551,1,0,26 27 28,1,100,,12552,1,0,26 27 28,1,100,,12557,1,0,26 27 28,1,100,,12561,1,0,26 27 28,1,100,,12562,1,0,26 27 28,1,100,,12553,1,0,26 27 28,1,100,,12564,1,0,26 27 28,1,100,,12556,1,0,26 27 28,1,100,,12554,1,0,26 27 28,1,100,,12550,1,0,26 27 28,1,100,,12565,1,0,26 27 28,1,100,,12559,1,0,26 27 28,1,100,,12555,1,0,26 27 28,1
2501,'8',630,,12570,1,0,26 27 28,1,100,,12566,1,0,26 27 28,1,100,,12571,1,0,26 27 28,1,100,,12581,1,0,26 27 28,1,100,,12575,1,0,26 27 28,1,100,,12573,1,0,26 27 28,1,100,,12579,1,0,26 27 28,1,100,,12578,1,0,26 27 28,1,100,,12577,1,0,26 27 28,1,100,,12568,1,0,26 27 28,1,100,,12574,1,0,26 27 28,1,100,,12567,1,0,26 27 28,1,100,,12576,1,0,26 27 28,1,100,,12580,1,0,26 27 28,1,100,,12572,1,0,26 27 28,1,100,,12569,1,0,26 27 28,1
2501,'9',630,,12596,1,0,26 27 28,1,100,,12597,1,0,26 27 28,1,100,,12595,1,0,26 27 28,1,100,,12590,1,0,26 27 28,1,100,,12586,1,0,26 27 28,1,100,,12584,1,0,26 27 28,1,100,,12582,1,0,26 27 28,1,100,,12589,1,0,26 27 28,1,100,,12591,1,0,26 27 28,1,100,,12585,1,0,26 27 28,1,100,,12593,1,0,26 27 28,1,100,,12587,1,0,26 27 28,1,100,,12588,1,0,26 27 28,1,100,,12592,1,0,26 27 28,1,100,,12594,1,0,26 27 28,1,100,,12583,1,0,26 27 28,1
