4501,'1',707,,13443,2,0,20 21 30 12,1,100,,13436,2,0,20 21 30 12,1,100,,13440,2,0,20 21 30 12,1,100,,13431,2,0,20 21 30 12,1,100,,13434,2,0,20 21 30 12,1,100,,13432,2,0,20 21 30 12,1,100,,13442,2,0,20 21 30 12,1,100,,13441,2,0,20 21 30 12,1,100,,13438,2,0,20 21 30 12,1,100,,13445,2,0,20 21 30 12,1,100,,13435,2,0,20 21 30 12,1,100,,13433,2,0,20 21 30 12,1,100,,13437,2,0,20 21 30 12,1,100,,13444,2,0,20 21 30 12,1,100,,13446,2,0,20 21 30 12,1,100,,13439,2,0,20 21 30 12,1
4501,'10',1007,,13450,2,0,20 21 30 12,1,100,,13452,2,0,20 21 30 12,1,100,,13447,2,0,20 21 30 12,1,100,,13449,2,0,20 21 30 12,1,100,,13448,2,0,20 21 30 12,1,100,,13451,2,0,20 21 30 12,1,100,,13454,2,0,20 21 30 12,1,100,,13453,2,0,20 21 30 12,1
4501,'11',1007,,13455,2,0,20 21 30 12,1,100,,13460,2,0,20 21 30 12,1,100,,13456,2,0,20 21 30 12,1,100,,13461,2,0,20 21 30 12,1,100,,13462,2,0,20 21 30 12,1,100,,13458,2,0,20 21 30 12,1,100,,13459,2,0,20 21 30 12,1,100,,13457,2,0,20 21 30 12,1
4501,'2',1607,,13550,2,0,20 21 30 12,1,100,,13552,2,0,20 21 30 12,1,100,,13568,2,0,20 21 30 12,1,100,,13511,2,0,20 21 30 12,1,100,,13544,2,0,20 21 30 12,1,100,,13507,2,0,20 21 30 12,1,100,,13516,2,0,20 21 30 12,1
4501,'3',1607,,13672,2,0,20 21 30 12,1,100,,13582,2,0,20 21 30 12,1,100,,13592,2,0,20 21 30 12,1,100,,13593,2,0,20 21 30 12,1,100,,13583,2,0,20 21 30 12,1,100,,13667,2,0,20 21 30 12,1,100,,13660,2,0,20 21 30 12,1
4501,'4',1607,,13754,2,0,20 21 30 12,1,100,,13731,2,0,20 21 30 12,1,100,,13694,2,0,20 21 30 12,1,100,,13699,2,0,20 21 30 12,1,100,,13782,2,0,20 21 30 12,1,100,,13785,2,0,20 21 30 12,1,100,,13751,2,0,20 21 30 12,1
4501,'5',707,,13798,2,0,20 21 30 12,1,100,,13802,2,0,20 21 30 12,1,100,,13794,2,0,20 21 30 12,1,100,,13806,2,0,20 21 30 12,1,100,,13796,2,0,20 21 30 12,1,100,,13807,2,0,20 21 30 12,1,100,,13805,2,0,20 21 30 12,1,100,,13799,2,0,20 21 30 12,1,100,,13801,2,0,20 21 30 12,1,100,,13795,2,0,20 21 30 12,1,100,,13797,2,0,20 21 30 12,1,100,,13792,2,0,20 21 30 12,1,100,,13800,2,0,20 21 30 12,1,100,,13793,2,0,20 21 30 12,1,100,,13804,2,0,20 21 30 12,1,100,,13803,2,0,20 21 30 12,1
4501,'6',1007,,13809,2,0,20 21 30 12,1,100,,13813,2,0,20 21 30 12,1,100,,13814,2,0,20 21 30 12,1,100,,13812,2,0,20 21 30 12,1,100,,13808,2,0,20 21 30 12,1,100,,13811,2,0,20 21 30 12,1,100,,13815,2,0,20 21 30 12,1,100,,13810,2,0,20 21 30 12,1
4501,'7',1607,,13866,2,0,20 21 30 12,1,100,,13908,2,0,20 21 30 12,1,100,,13872,2,0,20 21 30 12,1,100,,13816,2,0,20 21 30 12,1,100,,13870,2,0,20 21 30 12,1,100,,13884,2,0,20 21 30 12,1,100,,13874,2,0,20 21 30 12,1
4501,'8',1607,,13948,2,0,20 21 30 12,1,100,,14023,2,0,20 21 30 12,1,100,,13958,2,0,20 21 30 12,1,100,,13983,2,0,20 21 30 12,1,100,,13996,2,0,20 21 30 12,1,100,,13960,2,0,20 21 30 12,1,100,,13951,2,0,20 21 30 12,1
4501,'9',1607,,14082,2,0,20 21 30 12,1,100,,14100,2,0,20 21 30 12,1,100,,14141,2,0,20 21 30 12,1,100,,14126,2,0,20 21 30 12,1,100,,14084,2,0,20 21 30 12,1,100,,14128,2,0,20 21 30 12,1,100,,14108,2,0,20 21 30 12,1
