5001,'1',733,,14153,8,0,20 21 23 24,1,100,,14157,8,0,20 21 23 24,1,100,,14156,8,0,20 21 23 24,1,100,,14148,8,0,20 21 23 24,1,100,,14152,8,0,20 21 23 24,1,100,,14150,8,0,20 21 23 24,1,100,,14158,8,0,20 21 23 24,1,100,,14146,8,0,20 21 23 24,1,100,,14159,8,0,20 21 23 24,1,100,,14160,8,0,20 21 23 24,1,100,,14149,8,0,20 21 23 24,1,100,,14151,8,0,20 21 23 24,1,100,,14147,8,0,20 21 23 24,1,100,,11661,8,0,20 21 23 24,1,100,,14154,8,0,20 21 23 24,1,100,,14155,8,0,20 21 23 24,1
5001,'10',1033,,14167,8,0,20 21 23 24,1,100,,14168,8,0,20 21 23 24,1,100,,14165,8,0,20 21 23 24,1,100,,14163,8,0,20 21 23 24,1,100,,14161,8,0,20 21 23 24,1,100,,14162,8,0,20 21 23 24,1,100,,14166,8,0,20 21 23 24,1,100,,14164,8,0,20 21 23 24,1
5001,'11',1033,,14170,8,0,20 21 23 24,1,100,,14175,8,0,20 21 23 24,1,100,,14173,8,0,20 21 23 24,1,100,,14176,8,0,20 21 23 24,1,100,,14169,8,0,20 21 23 24,1,100,,14172,8,0,20 21 23 24,1,100,,14174,8,0,20 21 23 24,1,100,,14171,8,0,20 21 23 24,1
5001,'2',733,,14191,8,0,11 2 23 24,1,100,,14181,8,0,11 2 23 24,1,100,,14177,8,0,11 2 23 24,1,100,,14188,8,0,11 2 23 24,1,100,,14178,8,0,11 2 23 24,1,100,,14184,8,0,11 2 23 24,1,100,,14192,8,0,11 2 23 24,1,100,,14186,8,0,11 2 23 24,1,100,,14189,8,0,11 2 23 24,1,100,,14187,8,0,11 2 23 24,1,100,,14190,8,0,20 21 23 24,1,100,,14179,8,0,20 21 23 24,1,100,,14185,8,0,20 21 23 24,1,100,,14183,8,0,20 21 23 24,1,100,,14182,8,0,20 21 23 24,1,100,,14180,8,0,20 21 23 24,1
5001,'3',733,,14204,8,0,11 2 23 24,1,100,,14196,8,0,11 2 23 24,1,100,,14208,8,0,11 2 23 24,1,100,,14205,8,0,11 2 23 24,1,100,,14200,8,0,11 2 23 24,1,100,,14201,8,0,11 2 23 24,1,100,,14206,8,0,11 2 23 24,1,100,,14197,8,0,11 2 23 24,1,100,,14194,8,0,11 2 23 24,1,100,,14202,8,0,11 2 23 24,1,100,,14198,8,0,20 21 23 24,1,100,,14193,8,0,20 21 23 24,1,100,,14203,8,0,20 21 23 24,1,100,,14199,8,0,20 21 23 24,1,100,,14195,8,0,20 21 23 24,1,100,,14207,8,0,20 21 23 24,1
5001,'4',733,,14212,8,0,11 2 23 24,1,100,,14223,8,0,11 2 23 24,1,100,,14219,8,0,11 2 23 24,1,100,,14217,8,0,11 2 23 24,1,100,,14222,8,0,11 2 23 24,1,100,,14221,8,0,11 2 23 24,1,100,,14209,8,0,11 2 23 24,1,100,,14224,8,0,11 2 23 24,1,100,,14210,8,0,11 2 23 24,1,100,,14211,8,0,11 2 23 24,1,100,,14213,8,0,20 21 23 24,1,100,,14218,8,0,20 21 23 24,1,100,,14220,8,0,20 21 23 24,1,100,,14214,8,0,20 21 23 24,1,100,,14216,8,0,20 21 23 24,1,100,,14215,8,0,20 21 23 24,1
5001,'5',733,,14237,8,0,20 21 23 24,1,100,,14233,8,0,20 21 23 24,1,100,,14229,8,0,20 21 23 24,1,100,,14225,8,0,20 21 23 24,1,100,,14230,8,0,20 21 23 24,1,100,,14239,8,0,20 21 23 24,1,100,,14231,8,0,20 21 23 24,1,100,,14235,8,0,20 21 23 24,1,100,,14232,8,0,20 21 23 24,1,100,,14240,8,0,20 21 23 24,1,100,,14228,8,0,20 21 23 24,1,100,,14227,8,0,20 21 23 24,1,100,,14226,8,0,20 21 23 24,1,100,,14238,8,0,20 21 23 24,1,100,,14234,8,0,20 21 23 24,1,100,,14236,8,0,20 21 23 24,1
5001,'6',1033,,14248,8,0,20 21 23 24,1,100,,14242,8,0,20 21 23 24,1,100,,14243,8,0,20 21 23 24,1,100,,14241,8,0,20 21 23 24,1,100,,14244,8,0,20 21 23 24,1,100,,14246,8,0,20 21 23 24,1,100,,14247,8,0,20 21 23 24,1,100,,14245,8,0,20 21 23 24,1
5001,'7',733,,14258,8,0,11 2 23 24,1,100,,14256,8,0,11 2 23 24,1,100,,14257,8,0,11 2 23 24,1,100,,14264,8,0,11 2 23 24,1,100,,14251,8,0,11 2 23 24,1,100,,14262,8,0,11 2 23 24,1,100,,14249,8,0,11 2 23 24,1,100,,14255,8,0,11 2 23 24,1,100,,14261,8,0,11 2 23 24,1,100,,14254,8,0,11 2 23 24,1,100,,14260,8,0,20 21 23 24,1,100,,14253,8,0,20 21 23 24,1,100,,14263,8,0,20 21 23 24,1,100,,14250,8,0,20 21 23 24,1,100,,14259,8,0,20 21 23 24,1,100,,14252,8,0,20 21 23 24,1
5001,'8',733,,14270,8,0,11 2 23 24,1,100,,14271,8,0,11 2 23 24,1,100,,14278,8,0,11 2 23 24,1,100,,14269,8,0,11 2 23 24,1,100,,14267,8,0,11 2 23 24,1,100,,14273,8,0,11 2 23 24,1,100,,14275,8,0,11 2 23 24,1,100,,14276,8,0,11 2 23 24,1,100,,14277,8,0,11 2 23 24,1,100,,14265,8,0,11 2 23 24,1,100,,14272,8,0,20 21 23 24,1,100,,14280,8,0,20 21 23 24,1,100,,14268,8,0,20 21 23 24,1,100,,14279,8,0,20 21 23 24,1,100,,14274,8,0,20 21 23 24,1,100,,14266,8,0,20 21 23 24,1
5001,'9',733,,14282,8,0,11 2 23 24,1,100,,14289,8,0,11 2 23 24,1,100,,14286,8,0,11 2 23 24,1,100,,14281,8,0,11 2 23 24,1,100,,14294,8,0,11 2 23 24,1,100,,14287,8,0,11 2 23 24,1,100,,14296,8,0,11 2 23 24,1,100,,14283,8,0,11 2 23 24,1,100,,14288,8,0,11 2 23 24,1,100,,14284,8,0,11 2 23 24,1,100,,14291,8,0,20 21 23 24,1,100,,14293,8,0,20 21 23 24,1,100,,14290,8,0,20 21 23 24,1,100,,14295,8,0,20 21 23 24,1,100,,14292,8,0,20 21 23 24,1,100,,14285,8,0,20 21 23 24,1
5501,'1',720,,14310,4,0,20 21 5 12,1,100,,14307,4,0,20 21 5 12,1,100,,14303,4,0,20 21 5 12,1,100,,14301,4,0,20 21 5 12,1,100,,14299,4,0,20 21 5 12,1,100,,14308,4,0,20 21 5 12,1,100,,14298,4,0,20 21 5 12,1,100,,14305,4,0,20 21 5 12,1,100,,14311,4,0,20 21 5 12,1,100,,14306,4,0,20 21 5 12,1,100,,14312,4,0,20 21 5 12,1,100,,14300,4,0,20 21 5 12,1,100,,14309,4,0,20 21 5 12,1,100,,14302,4,0,20 21 5 12,1,100,,14297,4,0,20 21 5 12,1,100,,14304,4,0,20 21 5 12,1
5501,'10',1020,,14317,4,0,20 21 5 12,1,100,,14316,4,0,20 21 5 12,1,100,,14313,4,0,20 21 5 12,1,100,,14319,4,0,20 21 5 12,1,100,,14320,4,0,20 21 5 12,1,100,,14315,4,0,20 21 5 12,1,100,,14318,4,0,20 21 5 12,1,100,,14314,4,0,20 21 5 12,1
5501,'11',1020,,14327,4,0,20 21 5 12,1,100,,14321,4,0,20 21 5 12,1,100,,14323,4,0,20 21 5 12,1,100,,14326,4,0,20 21 5 12,1,100,,14325,4,0,20 21 5 12,1,100,,14322,4,0,20 21 5 12,1,100,,14324,4,0,20 21 5 12,1,100,,14328,4,0,20 21 5 12,1
5501,'2',717,,14332,3,0,11 2 5 12,1,100,,14336,3,0,11 2 5 12,1,100,,14342,3,0,11 2 5 12,1,100,,14331,3,0,11 2 5 12,1,100,,14339,3,0,11 2 5 12,1,100,,14334,3,0,11 2 5 12,1,100,,14338,3,0,11 2 5 12,1,100,,14344,3,0,11 2 5 12,1,100,,14329,3,0,11 2 5 12,1,100,,14337,3,0,11 2 5 12,1,103,,14335,4,0,20 21 5 12,1,100,,14340,4,0,20 21 5 12,1,100,,14343,4,0,20 21 5 12,1,100,,14341,4,0,20 21 5 12,1,100,,14333,4,0,20 21 5 12,1,100,,14330,4,0,20 21 5 12,1
5501,'3',717,,14347,3,0,11 2 5 12,1,100,,14352,3,0,11 2 5 12,1,100,,14345,3,0,11 2 5 12,1,100,,14349,3,0,11 2 5 12,1,100,,14356,3,0,11 2 5 12,1,100,,14358,3,0,11 2 5 12,1,100,,14346,3,0,11 2 5 12,1,100,,14351,3,0,11 2 5 12,1,100,,14350,3,0,11 2 5 12,1,100,,14359,3,0,11 2 5 12,1,103,,14355,4,0,20 21 5 12,1,100,,14348,4,0,20 21 5 12,1,100,,14354,4,0,20 21 5 12,1,100,,14357,4,0,20 21 5 12,1,100,,14353,4,0,20 21 5 12,1,100,,14360,4,0,20 21 5 12,1
5501,'4',717,,14372,3,0,11 2 5 12,1,100,,14375,3,0,11 2 5 12,1,100,,14367,3,0,11 2 5 12,1,100,,14363,3,0,11 2 5 12,1,100,,14371,3,0,11 2 5 12,1,100,,14361,3,0,11 2 5 12,1,100,,14369,3,0,11 2 5 12,1,100,,14373,3,0,11 2 5 12,1,100,,14365,3,0,11 2 5 12,1,100,,14374,3,0,11 2 5 12,1,103,,14364,4,0,20 21 5 12,1,100,,14370,4,0,20 21 5 12,1,100,,14366,4,0,20 21 5 12,1,100,,14362,4,0,20 21 5 12,1,100,,14376,4,0,20 21 5 12,1,100,,14368,4,0,20 21 5 12,1
5501,'5',720,,14391,4,0,20 21 5 12,1,100,,14390,4,0,20 21 5 12,1,100,,14389,4,0,20 21 5 12,1,100,,14386,4,0,20 21 5 12,1,100,,14382,4,0,20 21 5 12,1,100,,14384,4,0,20 21 5 12,1,100,,14381,4,0,20 21 5 12,1,100,,14385,4,0,20 21 5 12,1,100,,14380,4,0,20 21 5 12,1,100,,14392,4,0,20 21 5 12,1,100,,14377,4,0,20 21 5 12,1,100,,14379,4,0,20 21 5 12,1,100,,14388,4,0,20 21 5 12,1,100,,14378,4,0,20 21 5 12,1,100,,14383,4,0,20 21 5 12,1,100,,14387,4,0,20 21 5 12,1
5501,'6',1020,,14395,4,0,20 21 5 12,1,100,,14398,4,0,20 21 5 12,1,100,,14397,4,0,20 21 5 12,1,100,,14394,4,0,20 21 5 12,1,100,,14400,4,0,20 21 5 12,1,100,,14399,4,0,20 21 5 12,1,100,,14396,4,0,20 21 5 12,1,100,,14393,4,0,20 21 5 12,1
5501,'7',717,,14407,3,0,11 2 5 12,1,100,,14416,3,0,11 2 5 12,1,100,,14401,3,0,11 2 5 12,1,100,,14410,3,0,11 2 5 12,1,100,,14414,3,0,11 2 5 12,1,100,,14403,3,0,11 2 5 12,1,100,,14412,3,0,11 2 5 12,1,100,,14408,3,0,11 2 5 12,1,100,,14405,3,0,11 2 5 12,1,100,,14415,3,0,11 2 5 12,1,103,,14411,4,0,20 21 5 12,1,100,,14413,4,0,20 21 5 12,1,100,,14409,4,0,20 21 5 12,1,100,,14402,4,0,20 21 5 12,1,100,,14406,4,0,20 21 5 12,1,100,,14404,4,0,20 21 5 12,1
5501,'8',717,,14431,3,0,11 2 5 12,1,100,,14425,3,0,11 2 5 12,1,100,,14417,3,0,11 2 5 12,1,100,,14427,3,0,11 2 5 12,1,100,,14423,3,0,11 2 5 12,1,100,,14419,3,0,11 2 5 12,1,100,,14418,3,0,11 2 5 12,1,100,,14428,3,0,11 2 5 12,1,100,,14422,3,0,11 2 5 12,1,100,,14429,3,0,11 2 5 12,1,103,,14430,4,0,20 21 5 12,1,100,,14426,4,0,20 21 5 12,1,100,,14420,4,0,20 21 5 12,1,100,,14421,4,0,20 21 5 12,1,100,,14424,4,0,20 21 5 12,1,100,,14432,4,0,20 21 5 12,1
5501,'9',717,,14435,3,0,11 2 5 12,1,100,,14439,3,0,11 2 5 12,1,100,,14437,3,0,11 2 5 12,1,100,,14442,3,0,11 2 5 12,1,100,,14446,3,0,11 2 5 12,1,100,,14447,3,0,11 2 5 12,1,100,,14443,3,0,11 2 5 12,1,100,,14440,3,0,11 2 5 12,1,100,,14444,3,0,11 2 5 12,1,100,,14445,3,0,11 2 5 12,1,103,,14434,4,0,20 21 5 12,1,100,,14448,4,0,20 21 5 12,1,100,,14433,4,0,20 21 5 12,1,100,,14441,4,0,20 21 5 12,1,100,,14438,4,0,20 21 5 12,1,100,,14436,4,0,20 21 5 12,1
7001,'1',717,,15213,4,0,22 2 6 2 7,1,100,,15221,4,0,22 2 6 2 7,1,100,,15222,4,0,22 2 6 2 7,1,100,,15210,4,0,22 2 6 2 7,1,100,,15214,4,0,22 2 6 2 7,1,100,,15211,4,0,22 2 6 2 7,1,100,,15207,4,0,22 2 6 2 7,1,100,,15212,4,0,22 2 6 2 7,1,100,,15209,4,0,22 2 6 2 7,1,100,,15215,4,0,22 2 6 2 7,1,100,,15220,4,0,22 2 6 2 7,1,100,,15217,4,0,22 2 6 2 7,1,100,,15219,4,0,22 2 6 2 7,1,100,,15216,4,0,22 2 6 2 7,1,100,,15218,4,0,22 2 6 2 7,1,100,,15208,4,0,22 2 6 2 7,1
7001,'10',1017,,15225,4,0,22 2 6 2 7,1,100,,15230,4,0,22 2 6 2 7,1,100,,15228,4,0,22 2 6 2 7,1,100,,15224,4,0,22 2 6 2 7,1,100,,15223,4,0,22 2 6 2 7,1,100,,15226,4,0,22 2 6 2 7,1,100,,15227,4,0,22 2 6 2 7,1,100,,15229,4,0,22 2 6 2 7,1
7001,'11',1017,,15238,4,0,22 2 6 2 7,1,100,,15234,4,0,22 2 6 2 7,1,100,,15235,4,0,22 2 6 2 7,1,100,,15232,4,0,22 2 6 2 7,1,100,,15233,4,0,22 2 6 2 7,1,100,,15237,4,0,22 2 6 2 7,1,100,,15236,4,0,22 2 6 2 7,1,100,,15231,4,0,22 2 6 2 7,1
7001,'2',717,,15266,3,0,11 2 7,1,30,,15246,3,0,11 2 7,1,70,,15261,3,0,11 2 7,1,30,,15254,3,0,11 2 7,1,70,,15244,3,0,11 2 7,1,30,,15268,3,0,11 2 7,1,70,,15251,3,0,11 2 7,1,30,,15250,3,0,11 2 7,1,70,,15257,3,0,11 2 7,1,30,,15263,3,0,11 2 7,1,70,,15248,3,0,11 2 7,1,30,,15265,3,0,11 2 7,1,70,,15256,3,0,11 2 7,1,30,,15239,3,0,11 2 7,1,70,,15252,3,0,11 2 7,1,30,,15242,3,0,11 2 7,1,70,,15269,3,0,11 2 7,1,30,,15262,3,0,11 2 7,1,70,,15260,3,0,11 2 7,1,30,,15253,3,0,11 2 7,1,70,,15249,4,0,22 2 6 2 7,1,30,,15259,4,0,22 2 6 2 7,1,70,,15247,4,0,22 2 6 2 7,1,30,,15240,4,0,22 2 6 2 7,1,70,,15258,4,0,22 2 6 2 7,1,30,,15245,4,0,22 2 6 2 7,1,70,,15241,4,0,22 2 6 2 7,1,30,,15255,4,0,22 2 6 2 7,1,70,,15264,4,0,22 2 6 2 7,1,30,,15267,4,0,22 2 6 2 7,1,70,,11539,4,0,22 2 6 2 7,1,30,,15243,4,0,22 2 6 2 7,1
7001,'3',717,,15277,3,0,11 2 7,1,30,,15271,3,0,11 2 7,1,70,,15299,3,0,11 2 7,1,30,,15285,3,0,11 2 7,1,70,,15274,3,0,11 2 7,1,30,,15291,3,0,11 2 7,1,70,,15298,3,0,11 2 7,1,30,,15297,3,0,11 2 7,1,70,,15275,3,0,11 2 7,1,30,,15281,3,0,11 2 7,1,70,,15272,3,0,11 2 7,1,30,,15293,3,0,11 2 7,1,70,,15290,3,0,11 2 7,1,30,,15301,3,0,11 2 7,1,70,,15286,3,0,11 2 7,1,30,,15300,3,0,11 2 7,1,70,,15296,3,0,11 2 7,1,30,,15295,3,0,11 2 7,1,70,,15280,3,0,11 2 7,1,30,,15284,3,0,11 2 7,1,70,,15282,4,0,22 2 6 2 7,1,30,,15270,4,0,22 2 6 2 7,1,70,,15289,4,0,22 2 6 2 7,1,30,,15294,4,0,22 2 6 2 7,1,70,,15292,4,0,22 2 6 2 7,1,30,,15278,4,0,22 2 6 2 7,1,70,,15288,4,0,22 2 6 2 7,1,30,,15273,4,0,22 2 6 2 7,1,70,,15287,4,0,22 2 6 2 7,1,30,,15279,4,0,22 2 6 2 7,1,70,,15276,4,0,22 2 6 2 7,1,30,,15283,4,0,22 2 6 2 7,1
7001,'4',717,,15320,3,0,11 2 7,1,30,,11071,3,0,11 2 7,1,70,,15323,3,0,11 2 7,1,30,,15321,3,0,11 2 7,1,70,,15309,3,0,11 2 7,1,30,,15310,3,0,11 2 7,1,70,,15328,3,0,11 2 7,1,30,,15313,3,0,11 2 7,1,70,,15324,3,0,11 2 7,1,30,,15330,3,0,11 2 7,1,70,,15304,3,0,11 2 7,1,30,,15322,3,0,11 2 7,1,70,,15331,3,0,11 2 7,1,30,,15306,3,0,11 2 7,1,70,,15316,3,0,11 2 7,1,30,,15326,3,0,11 2 7,1,70,,15314,3,0,11 2 7,1,30,,15315,3,0,11 2 7,1,70,,15318,3,0,11 2 7,1,30,,15317,3,0,11 2 7,1,70,,15302,4,0,22 2 6 2 7,1,30,,15307,4,0,22 2 6 2 7,1,70,,15311,4,0,22 2 6 2 7,1,30,,15327,4,0,22 2 6 2 7,1,70,,15312,4,0,22 2 6 2 7,1,30,,15308,4,0,22 2 6 2 7,1,70,,15305,4,0,22 2 6 2 7,1,30,,15332,4,0,22 2 6 2 7,1,70,,15319,4,0,22 2 6 2 7,1,30,,15303,4,0,22 2 6 2 7,1,70,,15329,4,0,22 2 6 2 7,1,30,,15325,4,0,22 2 6 2 7,1
7001,'5',717,,15344,4,0,22 2 6 2 7,1,100,,15346,4,0,22 2 6 2 7,1,100,,15347,4,0,22 2 6 2 7,1,100,,15339,4,0,22 2 6 2 7,1,100,,15333,4,0,22 2 6 2 7,1,100,,15334,4,0,22 2 6 2 7,1,100,,15341,4,0,22 2 6 2 7,1,100,,15345,4,0,22 2 6 2 7,1,100,,15338,4,0,22 2 6 2 7,1,100,,15343,4,0,22 2 6 2 7,1,100,,15342,4,0,22 2 6 2 7,1,100,,15335,4,0,22 2 6 2 7,1,100,,15348,4,0,22 2 6 2 7,1,100,,15340,4,0,22 2 6 2 7,1,100,,15337,4,0,22 2 6 2 7,1,100,,15336,4,0,22 2 6 2 7,1
7001,'6',1017,,15356,4,0,22 2 6 2 7,1,100,,15353,4,0,22 2 6 2 7,1,100,,15354,4,0,22 2 6 2 7,1,100,,15355,4,0,22 2 6 2 7,1,100,,15351,4,0,22 2 6 2 7,1,100,,15352,4,0,22 2 6 2 7,1,100,,15349,4,0,22 2 6 2 7,1,100,,15350,4,0,22 2 6 2 7,1
7001,'7',717,,15357,3,0,11 2 7,1,30,,15387,3,0,11 2 7,1,70,,15363,3,0,11 2 7,1,30,,15362,3,0,11 2 7,1,70,,15366,3,0,11 2 7,1,30,,15384,3,0,11 2 7,1,70,,15385,3,0,11 2 7,1,30,,15376,3,0,11 2 7,1,70,,15377,3,0,11 2 7,1,30,,15374,3,0,11 2 7,1,70,,15359,3,0,11 2 7,1,30,,15371,3,0,11 2 7,1,70,,15380,3,0,11 2 7,1,30,,15382,3,0,11 2 7,1,70,,15369,3,0,11 2 7,1,30,,15373,3,0,11 2 7,1,70,,15375,3,0,11 2 7,1,30,,15368,3,0,11 2 7,1,70,,15360,3,0,11 2 7,1,30,,15361,3,0,11 2 7,1,70,,15364,4,0,22 2 6 2 7,1,30,,15378,4,0,22 2 6 2 7,1,70,,15386,4,0,22 2 6 2 7,1,30,,15381,4,0,22 2 6 2 7,1,70,,15370,4,0,22 2 6 2 7,1,30,,15367,4,0,22 2 6 2 7,1,70,,15379,4,0,22 2 6 2 7,1,30,,15383,4,0,22 2 6 2 7,1,70,,15365,4,0,22 2 6 2 7,1,30,,15388,4,0,22 2 6 2 7,1,70,,15358,4,0,22 2 6 2 7,1,30,,15372,4,0,22 2 6 2 7,1
7001,'8',717,,15416,3,0,11 2 7,1,30,,15411,3,0,11 2 7,1,70,,15410,3,0,11 2 7,1,30,,15405,3,0,11 2 7,1,70,,15398,3,0,11 2 7,1,30,,15418,3,0,11 2 7,1,70,,15414,3,0,11 2 7,1,30,,15408,3,0,11 2 7,1,70,,15396,3,0,11 2 7,1,30,,15417,3,0,11 2 7,1,70,,15401,3,0,11 2 7,1,30,,15406,3,0,11 2 7,1,70,,15394,3,0,11 2 7,1,30,,15395,3,0,11 2 7,1,70,,15420,3,0,11 2 7,1,30,,15407,3,0,11 2 7,1,70,,15413,3,0,11 2 7,1,30,,15402,3,0,11 2 7,1,70,,15419,3,0,11 2 7,1,30,,15390,3,0,11 2 7,1,70,,15400,4,0,22 2 6 2 7,1,30,,15412,4,0,22 2 6 2 7,1,70,,15399,4,0,22 2 6 2 7,1,30,,15389,4,0,22 2 6 2 7,1,70,,15392,4,0,22 2 6 2 7,1,30,,15397,4,0,22 2 6 2 7,1,70,,15404,4,0,22 2 6 2 7,1,30,,15391,4,0,22 2 6 2 7,1,70,,15409,4,0,22 2 6 2 7,1,30,,15415,4,0,22 2 6 2 7,1,70,,15403,4,0,22 2 6 2 7,1,30,,15393,4,0,22 2 6 2 7,1
7001,'9',717,,15448,3,0,11 2 7,1,30,,15438,3,0,11 2 7,1,70,,15435,3,0,11 2 7,1,30,,15422,3,0,11 2 7,1,70,,15433,3,0,11 2 7,1,30,,15447,3,0,11 2 7,1,70,,15450,3,0,11 2 7,1,30,,15439,3,0,11 2 7,1,70,,15421,3,0,11 2 7,1,30,,15441,3,0,11 2 7,1,70,,15452,3,0,11 2 7,1,30,,15443,3,0,11 2 7,1,70,,15451,3,0,11 2 7,1,30,,15426,3,0,11 2 7,1,70,,15440,3,0,11 2 7,1,30,,15436,3,0,11 2 7,1,70,,15434,3,0,11 2 7,1,30,,15446,3,0,11 2 7,1,70,,15442,3,0,11 2 7,1,30,,15437,3,0,11 2 7,1,70,,15424,4,0,22 2 6 2 7,1,30,,15444,4,0,22 2 6 2 7,1,70,,15423,4,0,22 2 6 2 7,1,30,,15432,4,0,22 2 6 2 7,1,70,,15429,4,0,22 2 6 2 7,1,30,,15430,4,0,22 2 6 2 7,1,70,,15431,4,0,22 2 6 2 7,1,30,,15425,4,0,22 2 6 2 7,1,70,,15449,4,0,22 2 6 2 7,1,30,,15427,4,0,22 2 6 2 7,1,70,,15428,4,0,22 2 6 2 7,1,30,,15445,4,0,22 2 6 2 7,1
7501,'1',734,,15467,6,0,20 21 23 24,1,100,,15465,6,0,20 21 23 24,1,100,,15463,6,0,20 21 23 24,1,100,,15468,6,0,20 21 23 24,1,100,,15455,6,0,20 21 23 24,1,100,,15457,6,0,20 21 23 24,1,100,,15456,6,0,20 21 23 24,1,100,,15459,6,0,20 21 23 24,1,100,,15461,6,0,20 21 23 24,1,100,,15453,6,0,20 21 23 24,1,100,,15462,6,0,20 21 23 24,1,100,,15458,6,0,20 21 23 24,1,100,,15454,6,0,20 21 23 24,1,100,,15464,6,0,20 21 23 24,1,100,,15466,6,0,20 21 23 24,1,100,,15460,6,0,20 21 23 24,1
7501,'10',1034,,15474,6,0,20 21 23 24,1,100,,15472,6,0,20 21 23 24,1,100,,15469,6,0,20 21 23 24,1,100,,15470,6,0,20 21 23 24,1,100,,15471,6,0,20 21 23 24,1,100,,15473,6,0,20 21 23 24,1,100,,15476,6,0,20 21 23 24,1,100,,15475,6,0,20 21 23 24,1
7501,'11',1034,,15480,6,0,20 21 23 24,1,100,,15479,6,0,20 21 23 24,1,100,,15484,6,0,20 21 23 24,1,100,,15477,6,0,20 21 23 24,1,100,,15481,6,0,20 21 23 24,1,100,,15483,6,0,20 21 23 24,1,100,,15482,6,0,20 21 23 24,1,100,,15478,6,0,20 21 23 24,1
7501,'2',734,,15516,5,0,11 2 23 24,1,70,,15498,5,0,11 2 23 24,1,30,,15501,5,0,11 2 23 24,1,70,,15502,5,0,11 2 23 24,1,30,,15505,5,0,11 2 23 24,1,70,,15509,5,0,11 2 23 24,1,30,,15506,5,0,11 2 23 24,1,70,,15503,5,0,11 2 23 24,1,30,,15495,5,0,11 2 23 24,1,70,,15507,5,0,11 2 23 24,1,30,,15488,5,0,11 2 23 24,1,70,,15487,5,0,11 2 23 24,1,30,,15497,5,0,11 2 23 24,1,70,,15490,5,0,11 2 23 24,1,30,,15514,5,0,11 2 23 24,1,70,,15485,5,0,11 2 23 24,1,30,,15508,5,0,11 2 23 24,1,70,,15515,5,0,11 2 23 24,1,30,,15496,5,0,11 2 23 24,1,70,,15486,5,0,11 2 23 24,1,30,,15512,6,0,20 21 23 24,1,70,,15510,6,0,20 21 23 24,1,30,,15504,6,0,20 21 23 24,1,70,,15511,6,0,20 21 23 24,1,30,,15491,6,0,20 21 23 24,1,70,,15493,6,0,20 21 23 24,1,30,,15513,6,0,20 21 23 24,1,70,,15499,6,0,20 21 23 24,1,30,,15492,6,0,20 21 23 24,1,70,,15489,6,0,20 21 23 24,1,30,,15500,6,0,20 21 23 24,1,70,,15494,6,0,20 21 23 24,1
7501,'3',734,,15532,5,0,11 2 23 24,1,70,,15520,5,0,11 2 23 24,1,30,,15540,5,0,11 2 23 24,1,70,,15521,5,0,11 2 23 24,1,30,,15522,5,0,11 2 23 24,1,70,,15529,5,0,11 2 23 24,1,30,,15519,5,0,11 2 23 24,1,70,,15518,5,0,11 2 23 24,1,30,,15533,5,0,11 2 23 24,1,70,,15523,5,0,11 2 23 24,1,30,,15538,5,0,11 2 23 24,1,70,,15541,5,0,11 2 23 24,1,30,,15545,5,0,11 2 23 24,1,70,,15517,5,0,11 2 23 24,1,30,,15536,5,0,11 2 23 24,1,70,,15526,5,0,11 2 23 24,1,30,,15535,5,0,11 2 23 24,1,70,,15547,5,0,11 2 23 24,1,30,,15528,5,0,11 2 23 24,1,70,,15539,5,0,11 2 23 24,1,30,,15527,6,0,20 21 23 24,1,70,,15524,6,0,20 21 23 24,1,30,,15546,6,0,20 21 23 24,1,70,,15543,6,0,20 21 23 24,1,30,,15548,6,0,20 21 23 24,1,70,,15537,6,0,20 21 23 24,1,30,,15534,6,0,20 21 23 24,1,70,,15531,6,0,20 21 23 24,1,30,,15542,6,0,20 21 23 24,1,70,,15544,6,0,20 21 23 24,1,30,,15530,6,0,20 21 23 24,1,70,,15525,6,0,20 21 23 24,1
7501,'4',734,,15550,5,0,11 2 23 24,1,70,,15572,5,0,11 2 23 24,1,30,,15563,5,0,11 2 23 24,1,70,,15567,5,0,11 2 23 24,1,30,,15564,5,0,11 2 23 24,1,70,,15571,5,0,11 2 23 24,1,30,,15551,5,0,11 2 23 24,1,70,,15577,5,0,11 2 23 24,1,30,,15574,5,0,11 2 23 24,1,70,,15579,5,0,11 2 23 24,1,30,,15578,5,0,11 2 23 24,1,70,,15566,5,0,11 2 23 24,1,30,,15555,5,0,11 2 23 24,1,70,,15552,5,0,11 2 23 24,1,30,,15559,5,0,11 2 23 24,1,70,,15562,5,0,11 2 23 24,1,30,,15560,5,0,11 2 23 24,1,70,,15576,5,0,11 2 23 24,1,30,,15565,5,0,11 2 23 24,1,70,,15569,5,0,11 2 23 24,1,30,,15557,6,0,20 21 23 24,1,70,,15558,6,0,20 21 23 24,1,30,,15573,6,0,20 21 23 24,1,70,,11937,6,0,20 21 23 24,1,30,,15568,6,0,20 21 23 24,1,70,,15570,6,0,20 21 23 24,1,30,,15549,6,0,20 21 23 24,1,70,,15561,6,0,20 21 23 24,1,30,,15554,6,0,20 21 23 24,1,70,,15553,6,0,20 21 23 24,1,30,,15556,6,0,20 21 23 24,1,70,,15575,6,0,20 21 23 24,1
7501,'5',734,,15580,6,0,20 21 23 24,1,100,,15594,6,0,20 21 23 24,1,100,,15590,6,0,20 21 23 24,1,100,,15592,6,0,20 21 23 24,1,100,,15586,6,0,20 21 23 24,1,100,,15588,6,0,20 21 23 24,1,100,,15585,6,0,20 21 23 24,1,100,,15591,6,0,20 21 23 24,1,100,,15581,6,0,20 21 23 24,1,100,,15583,6,0,20 21 23 24,1,100,,15584,6,0,20 21 23 24,1,100,,15587,6,0,20 21 23 24,1,100,,15589,6,0,20 21 23 24,1,100,,15593,6,0,20 21 23 24,1,100,,15595,6,0,20 21 23 24,1,100,,15582,6,0,20 21 23 24,1
7501,'6',1034,,15601,6,0,20 21 23 24,1,100,,15597,6,0,20 21 23 24,1,100,,15596,6,0,20 21 23 24,1,100,,15599,6,0,20 21 23 24,1,100,,15602,6,0,20 21 23 24,1,100,,15598,6,0,20 21 23 24,1,100,,15603,6,0,20 21 23 24,1,100,,15600,6,0,20 21 23 24,1
7501,'7',734,,15620,5,0,11 2 23 24,1,70,,15619,5,0,11 2 23 24,1,30,,15622,5,0,11 2 23 24,1,70,,15635,5,0,11 2 23 24,1,30,,15627,5,0,11 2 23 24,1,70,,15612,5,0,11 2 23 24,1,30,,15626,5,0,11 2 23 24,1,70,,15610,5,0,11 2 23 24,1,30,,15632,5,0,11 2 23 24,1,70,,15605,5,0,11 2 23 24,1,30,,15613,5,0,11 2 23 24,1,70,,15604,5,0,11 2 23 24,1,30,,15617,5,0,11 2 23 24,1,70,,15623,5,0,11 2 23 24,1,30,,15609,5,0,11 2 23 24,1,70,,15631,5,0,11 2 23 24,1,30,,15628,5,0,11 2 23 24,1,70,,15629,5,0,11 2 23 24,1,30,,15630,5,0,11 2 23 24,1,70,,15621,5,0,11 2 23 24,1,30,,15625,6,0,20 21 23 24,1,70,,15633,6,0,20 21 23 24,1,30,,15606,6,0,20 21 23 24,1,70,,15634,6,0,20 21 23 24,1,30,,15615,6,0,20 21 23 24,1,70,,15624,6,0,20 21 23 24,1,30,,15616,6,0,20 21 23 24,1,70,,15614,6,0,20 21 23 24,1,30,,15618,6,0,20 21 23 24,1,70,,15607,6,0,20 21 23 24,1,30,,15611,6,0,20 21 23 24,1,70,,15608,6,0,20 21 23 24,1
7501,'8',734,,15662,5,0,11 2 23 24,1,70,,15650,5,0,11 2 23 24,1,30,,15664,5,0,11 2 23 24,1,70,,15663,5,0,11 2 23 24,1,30,,15644,5,0,11 2 23 24,1,70,,15658,5,0,11 2 23 24,1,30,,15653,5,0,11 2 23 24,1,70,,15667,5,0,11 2 23 24,1,30,,15657,5,0,11 2 23 24,1,70,,15659,5,0,11 2 23 24,1,30,,15636,5,0,11 2 23 24,1,70,,15641,5,0,11 2 23 24,1,30,,15665,5,0,11 2 23 24,1,70,,15649,5,0,11 2 23 24,1,30,,15654,5,0,11 2 23 24,1,70,,15648,5,0,11 2 23 24,1,30,,15652,5,0,11 2 23 24,1,70,,15647,5,0,11 2 23 24,1,30,,15642,5,0,11 2 23 24,1,70,,15639,5,0,11 2 23 24,1,30,,15637,6,0,20 21 23 24,1,70,,15640,6,0,20 21 23 24,1,30,,15661,6,0,20 21 23 24,1,70,,15643,6,0,20 21 23 24,1,30,,15646,6,0,20 21 23 24,1,70,,15666,6,0,20 21 23 24,1,30,,15651,6,0,20 21 23 24,1,70,,15655,6,0,20 21 23 24,1,30,,15645,6,0,20 21 23 24,1,70,,15656,6,0,20 21 23 24,1,30,,15660,6,0,20 21 23 24,1,70,,15638,6,0,20 21 23 24,1
7501,'9',734,,15688,5,0,11 2 23 24,1,70,,15685,5,0,11 2 23 24,1,30,,15672,5,0,11 2 23 24,1,70,,15687,5,0,11 2 23 24,1,30,,15696,5,0,11 2 23 24,1,70,,15684,5,0,11 2 23 24,1,30,,15675,5,0,11 2 23 24,1,70,,15694,5,0,11 2 23 24,1,30,,15697,5,0,11 2 23 24,1,70,,15690,5,0,11 2 23 24,1,30,,15680,5,0,11 2 23 24,1,70,,15689,5,0,11 2 23 24,1,30,,15698,5,0,11 2 23 24,1,70,,15674,5,0,11 2 23 24,1,30,,15669,5,0,11 2 23 24,1,70,,15678,5,0,11 2 23 24,1,30,,15679,5,0,11 2 23 24,1,70,,15671,5,0,11 2 23 24,1,30,,15691,5,0,11 2 23 24,1,70,,15681,5,0,11 2 23 24,1,30,,15682,6,0,20 21 23 24,1,70,,15676,6,0,20 21 23 24,1,30,,15683,6,0,20 21 23 24,1,70,,15668,6,0,20 21 23 24,1,30,,15692,6,0,20 21 23 24,1,70,,15699,6,0,20 21 23 24,1,30,,15686,6,0,20 21 23 24,1,70,,15677,6,0,20 21 23 24,1,30,,15693,6,0,20 21 23 24,1,70,,15673,6,0,20 21 23 24,1,30,,15695,6,0,20 21 23 24,1,70,,15670,6,0,20 21 23 24,1
