2500,'1',704,,11794,6,0,26 27 28,1,100,,12296,6,0,26 27 28,1,100,,12297,6,0,26 27 28,1,100,,12302,6,0,26 27 28,1,100,,12301,6,0,26 27 28,1,100,,12310,6,0,26 27 28,1,100,,12308,6,0,26 27 28,1,100,,12306,6,0,26 27 28,1,100,,12299,6,0,26 27 28,1,100,,12309,6,0,26 27 28,1,100,,12307,6,0,26 27 28,1,100,,12300,6,0,26 27 28,1,100,,12298,6,0,26 27 28,1,100,,12305,6,0,26 27 28,1,100,,12303,6,0,26 27 28,1,100,,12304,6,0,26 27 28,1
2500,'10',1004,,12318,6,0,26 27 28,1,100,,12311,6,0,26 27 28,1,100,,12314,6,0,26 27 28,1,100,,12312,6,0,26 27 28,1,100,,12315,6,0,26 27 28,1,100,,12316,6,0,26 27 28,1,100,,12317,6,0,26 27 28,1,100,,12313,6,0,26 27 28,1
2500,'11',1004,,12324,6,0,26 27 28,1,100,,12325,6,0,26 27 28,1,100,,12322,6,0,26 27 28,1,100,,12323,6,0,26 27 28,1,100,,12319,6,0,26 27 28,1,100,,12320,6,0,26 27 28,1,100,,12321,6,0,26 27 28,1,100,,12326,6,0,26 27 28,1
2500,'2',704,,12330,6,0,26 27 28,1,100,,12329,6,0,26 27 28,1,100,,12334,6,0,26 27 28,1,100,,12335,6,0,26 27 28,1,100,,12337,6,0,26 27 28,1,100,,12333,6,0,26 27 28,1,100,,12341,6,0,26 27 28,1,100,,12328,6,0,26 27 28,1,100,,12339,6,0,26 27 28,1,100,,12331,6,0,26 27 28,1,100,,12338,6,0,26 27 28,1,100,,12340,6,0,26 27 28,1,100,,12332,6,0,26 27 28,1,100,,12327,6,0,26 27 28,1,100,,12342,6,0,26 27 28,1,100,,12336,6,0,26 27 28,1
2500,'3',704,,12351,6,0,26 27 28,1,100,,12356,6,0,26 27 28,1,100,,12353,6,0,26 27 28,1,100,,12350,6,0,26 27 28,1,100,,12355,6,0,26 27 28,1,100,,12354,6,0,26 27 28,1,100,,12348,6,0,26 27 28,1,100,,12352,6,0,26 27 28,1,100,,12344,6,0,26 27 28,1,100,,12345,6,0,26 27 28,1,100,,12357,6,0,26 27 28,1,100,,12358,6,0,26 27 28,1,100,,12346,6,0,26 27 28,1,100,,12343,6,0,26 27 28,1,100,,12349,6,0,26 27 28,1,100,,12347,6,0,26 27 28,1
2500,'4',704,,12367,6,0,26 27 28,1,100,,12373,6,0,26 27 28,1,100,,12359,6,0,26 27 28,1,100,,12370,6,0,26 27 28,1,100,,12364,6,0,26 27 28,1,100,,12372,6,0,26 27 28,1,100,,12362,6,0,26 27 28,1,100,,12371,6,0,26 27 28,1,100,,11778,6,0,26 27 28,1,100,,12363,6,0,26 27 28,1,100,,12360,6,0,26 27 28,1,100,,12368,6,0,26 27 28,1,100,,12369,6,0,26 27 28,1,100,,12361,6,0,26 27 28,1,100,,12366,6,0,26 27 28,1,100,,12365,6,0,26 27 28,1
2500,'5',704,,12376,6,0,26 27 28,1,100,,12383,6,0,26 27 28,1,100,,12377,6,0,26 27 28,1,100,,12380,6,0,26 27 28,1,100,,12386,6,0,26 27 28,1,100,,12375,6,0,26 27 28,1,100,,12381,6,0,26 27 28,1,100,,12382,6,0,26 27 28,1,100,,12384,6,0,26 27 28,1,100,,12389,6,0,26 27 28,1,100,,12379,6,0,26 27 28,1,100,,12387,6,0,26 27 28,1,100,,12378,6,0,26 27 28,1,100,,12374,6,0,26 27 28,1,100,,12385,6,0,26 27 28,1,100,,12388,6,0,26 27 28,1
2500,'6',1004,,12391,6,0,26 27 28,1,100,,12397,6,0,26 27 28,1,100,,12395,6,0,26 27 28,1,100,,12394,6,0,26 27 28,1,100,,12396,6,0,26 27 28,1,100,,12390,6,0,26 27 28,1,100,,12393,6,0,26 27 28,1,100,,12392,6,0,26 27 28,1
2500,'7',704,,12412,6,0,26 27 28,1,100,,12400,6,0,26 27 28,1,100,,12402,6,0,26 27 28,1,100,,12408,6,0,26 27 28,1,100,,12413,6,0,26 27 28,1,100,,12409,6,0,26 27 28,1,100,,12404,6,0,26 27 28,1,100,,12401,6,0,26 27 28,1,100,,12410,6,0,26 27 28,1,100,,12398,6,0,26 27 28,1,100,,12399,6,0,26 27 28,1,100,,12407,6,0,26 27 28,1,100,,12405,6,0,26 27 28,1,100,,12406,6,0,26 27 28,1,100,,12403,6,0,26 27 28,1,100,,12411,6,0,26 27 28,1
2500,'8',704,,12417,6,0,26 27 28,1,100,,12424,6,0,26 27 28,1,100,,12414,6,0,26 27 28,1,100,,12423,6,0,26 27 28,1,100,,12422,6,0,26 27 28,1,100,,12426,6,0,26 27 28,1,100,,12420,6,0,26 27 28,1,100,,12416,6,0,26 27 28,1,100,,12428,6,0,26 27 28,1,100,,12419,6,0,26 27 28,1,100,,12421,6,0,26 27 28,1,100,,12425,6,0,26 27 28,1,100,,12415,6,0,26 27 28,1,100,,12427,6,0,26 27 28,1,100,,12429,6,0,26 27 28,1,100,,12418,6,0,26 27 28,1
2500,'9',704,,12438,6,0,26 27 28,1,100,,12433,6,0,26 27 28,1,100,,12432,6,0,26 27 28,1,100,,12440,6,0,26 27 28,1,100,,12445,6,0,26 27 28,1,100,,12430,6,0,26 27 28,1,100,,12431,6,0,26 27 28,1,100,,12441,6,0,26 27 28,1,100,,12434,6,0,26 27 28,1,100,,12442,6,0,26 27 28,1,100,,12439,6,0,26 27 28,1,100,,12437,6,0,26 27 28,1,100,,12436,6,0,26 27 28,1,100,,12435,6,0,26 27 28,1,100,,12443,6,0,26 27 28,1,100,,12444,6,0,26 27 28,1
