2501,'1',646,,12446,14,0,26 27 28,1,100,,12449,14,0,26 27 28,1,100,,12461,14,0,26 27 28,1,100,,12460,14,0,26 27 28,1,100,,12453,14,0,26 27 28,1,100,,12450,14,0,26 27 28,1,100,,12459,14,0,26 27 28,1,100,,12451,14,0,26 27 28,1,100,,12454,14,0,26 27 28,1,100,,12455,14,0,26 27 28,1,100,,12448,14,0,26 27 28,1,100,,12456,14,0,26 27 28,1,100,,12458,14,0,26 27 28,1,100,,12457,14,0,26 27 28,1,100,,12452,14,0,26 27 28,1,100,,12447,14,0,26 27 28,1
2501,'10',1046,,12465,14,0,26 27 28,1,100,,12469,14,0,26 27 28,1,100,,12466,14,0,26 27 28,1,100,,12462,14,0,26 27 28,1,100,,12468,14,0,26 27 28,1,100,,12467,14,0,26 27 28,1,100,,12463,14,0,26 27 28,1,100,,12464,14,0,26 27 28,1
2501,'11',1046,,12477,14,0,26 27 28,1,100,,12471,14,0,26 27 28,1,100,,12475,14,0,26 27 28,1,100,,12470,14,0,26 27 28,1,100,,12476,14,0,26 27 28,1,100,,12474,14,0,26 27 28,1,100,,12473,14,0,26 27 28,1,100,,12472,14,0,26 27 28,1
2501,'2',646,,12487,14,0,26 27 28,1,100,,12491,14,0,26 27 28,1,100,,12492,14,0,26 27 28,1,100,,12486,14,0,26 27 28,1,100,,12490,14,0,26 27 28,1,100,,12479,14,0,26 27 28,1,100,,12481,14,0,26 27 28,1,100,,12480,14,0,26 27 28,1,100,,12493,14,0,26 27 28,1,100,,12484,14,0,26 27 28,1,100,,12483,14,0,26 27 28,1,100,,12489,14,0,26 27 28,1,100,,12488,14,0,26 27 28,1,100,,12485,14,0,26 27 28,1,100,,12482,14,0,26 27 28,1,100,,12478,14,0,26 27 28,1
2501,'3',646,,12502,14,0,26 27 28,1,100,,12504,14,0,26 27 28,1,100,,12495,14,0,26 27 28,1,100,,12494,14,0,26 27 28,1,100,,12500,14,0,26 27 28,1,100,,12506,14,0,26 27 28,1,100,,12503,14,0,26 27 28,1,100,,12507,14,0,26 27 28,1,100,,12499,14,0,26 27 28,1,100,,12498,14,0,26 27 28,1,100,,12496,14,0,26 27 28,1,100,,12497,14,0,26 27 28,1,100,,12501,14,0,26 27 28,1,100,,12505,14,0,26 27 28,1,100,,12508,14,0,26 27 28,1,100,,12509,14,0,26 27 28,1
2501,'4',646,,12519,14,0,26 27 28,1,100,,12522,14,0,26 27 28,1,100,,12523,14,0,26 27 28,1,100,,12516,14,0,26 27 28,1,100,,12512,14,0,26 27 28,1,100,,12520,14,0,26 27 28,1,100,,12518,14,0,26 27 28,1,100,,12525,14,0,26 27 28,1,100,,12515,14,0,26 27 28,1,100,,12517,14,0,26 27 28,1,100,,12524,14,0,26 27 28,1,100,,12513,14,0,26 27 28,1,100,,12511,14,0,26 27 28,1,100,,12521,14,0,26 27 28,1,100,,12510,14,0,26 27 28,1,100,,12514,14,0,26 27 28,1
2501,'5',646,,12533,14,0,26 27 28,1,100,,12529,14,0,26 27 28,1,100,,12534,14,0,26 27 28,1,100,,12539,14,0,26 27 28,1,100,,12528,14,0,26 27 28,1,100,,12541,14,0,26 27 28,1,100,,12537,14,0,26 27 28,1,100,,12532,14,0,26 27 28,1,100,,12530,14,0,26 27 28,1,100,,12527,14,0,26 27 28,1,100,,12526,14,0,26 27 28,1,100,,12535,14,0,26 27 28,1,100,,12538,14,0,26 27 28,1,100,,12536,14,0,26 27 28,1,100,,12540,14,0,26 27 28,1,100,,12531,14,0,26 27 28,1
2501,'6',1046,,12542,14,0,26 27 28,1,100,,12549,14,0,26 27 28,1,100,,12546,14,0,26 27 28,1,100,,12544,14,0,26 27 28,1,100,,12543,14,0,26 27 28,1,100,,12545,14,0,26 27 28,1,100,,12548,14,0,26 27 28,1,100,,12547,14,0,26 27 28,1
2501,'7',646,,12560,14,0,26 27 28,1,100,,12558,14,0,26 27 28,1,100,,12563,14,0,26 27 28,1,100,,12551,14,0,26 27 28,1,100,,12552,14,0,26 27 28,1,100,,12557,14,0,26 27 28,1,100,,12561,14,0,26 27 28,1,100,,12562,14,0,26 27 28,1,100,,12553,14,0,26 27 28,1,100,,12564,14,0,26 27 28,1,100,,12556,14,0,26 27 28,1,100,,12554,14,0,26 27 28,1,100,,12550,14,0,26 27 28,1,100,,12565,14,0,26 27 28,1,100,,12559,14,0,26 27 28,1,100,,12555,14,0,26 27 28,1
2501,'8',646,,12570,14,0,26 27 28,1,100,,12566,14,0,26 27 28,1,100,,12571,14,0,26 27 28,1,100,,12581,14,0,26 27 28,1,100,,12575,14,0,26 27 28,1,100,,12573,14,0,26 27 28,1,100,,12579,14,0,26 27 28,1,100,,12578,14,0,26 27 28,1,100,,12577,14,0,26 27 28,1,100,,12568,14,0,26 27 28,1,100,,12574,14,0,26 27 28,1,100,,12567,14,0,26 27 28,1,100,,12576,14,0,26 27 28,1,100,,12580,14,0,26 27 28,1,100,,12572,14,0,26 27 28,1,100,,12569,14,0,26 27 28,1
2501,'9',646,,12596,14,0,26 27 28,1,100,,12597,14,0,26 27 28,1,100,,12595,14,0,26 27 28,1,100,,12590,14,0,26 27 28,1,100,,12586,14,0,26 27 28,1,100,,12584,14,0,26 27 28,1,100,,12582,14,0,26 27 28,1,100,,12589,14,0,26 27 28,1,100,,12591,14,0,26 27 28,1,100,,12585,14,0,26 27 28,1,100,,12593,14,0,26 27 28,1,100,,12587,14,0,26 27 28,1,100,,12588,14,0,26 27 28,1,100,,12592,14,0,26 27 28,1,100,,12594,14,0,26 27 28,1,100,,12583,14,0,26 27 28,1
