4001,'1',742,,12731,6,0,20 21 29 24,1,100,,12717,6,0,20 21 29 24,1,100,,12728,6,0,20 21 29 24,1,100,,12720,6,0,20 21 29 24,1,100,,12723,6,0,20 21 29 24,1,100,,12729,6,0,20 21 29 24,1,100,,12721,6,0,20 21 29 24,1,100,,12722,6,0,20 21 29 24,1,100,,12724,6,0,20 21 29 24,1,100,,12725,6,0,20 21 29 24,1,100,,12727,6,0,20 21 29 24,1,100,,12718,6,0,20 21 29 24,1,100,,12730,6,0,20 21 29 24,1,100,,12726,6,0,20 21 29 24,1,100,,12732,6,0,20 21 29 24,1,100,,12719,6,0,20 21 29 24,1
4001,'10',1042,,12735,6,0,20 21 29 24,1,100,,12739,6,0,20 21 29 24,1,100,,12734,6,0,20 21 29 24,1,100,,12740,6,0,20 21 29 24,1,100,,12736,6,0,20 21 29 24,1,100,,12738,6,0,20 21 29 24,1,100,,12733,6,0,20 21 29 24,1,100,,12737,6,0,20 21 29 24,1
4001,'11',1042,,12747,6,0,20 21 29 24,1,100,,12744,6,0,20 21 29 24,1,100,,12748,6,0,20 21 29 24,1,100,,12746,6,0,20 21 29 24,1,100,,12743,6,0,20 21 29 24,1,100,,12745,6,0,20 21 29 24,1,100,,12741,6,0,20 21 29 24,1,100,,12742,6,0,20 21 29 24,1
4001,'2',1739,,12806,6,0,20 21 29 24,1,100,,12749,6,0,20 21 29 24,1,105,,12797,6,0,20 21 29 24,1,100,,12826,6,0,20 21 29 24,1,100,,12812,6,0,20 21 29 24,1,100,,12751,6,0,20 21 29 24,1
4001,'3',1739,,12890,6,0,20 21 29 24,1,100,,12888,6,0,20 21 29 24,1,105,,12931,6,0,20 21 29 24,1,100,,12896,6,0,20 21 29 24,1,100,,12930,6,0,20 21 29 24,1,100,,12892,6,0,20 21 29 24,1
4001,'4',1739,,13055,6,0,20 21 29 24,1,100,,12991,6,0,20 21 29 24,1,105,,13063,6,0,20 21 29 24,1,100,,12982,6,0,20 21 29 24,1,100,,12969,6,0,20 21 29 24,1,100,,13049,6,0,20 21 29 24,1
4001,'5',742,,13085,6,0,20 21 29 24,1,100,,13079,6,0,20 21 29 24,1,100,,13086,6,0,20 21 29 24,1,100,,13084,6,0,20 21 29 24,1,100,,13091,6,0,20 21 29 24,1,100,,13077,6,0,20 21 29 24,1,100,,13082,6,0,20 21 29 24,1,100,,13080,6,0,20 21 29 24,1,100,,13088,6,0,20 21 29 24,1,100,,13087,6,0,20 21 29 24,1,100,,13090,6,0,20 21 29 24,1,100,,13089,6,0,20 21 29 24,1,100,,13081,6,0,20 21 29 24,1,100,,13078,6,0,20 21 29 24,1,100,,13083,6,0,20 21 29 24,1,100,,13092,6,0,20 21 29 24,1
4001,'6',1042,,13097,6,0,20 21 29 24,1,100,,13098,6,0,20 21 29 24,1,100,,13096,6,0,20 21 29 24,1,100,,13099,6,0,20 21 29 24,1,100,,13093,6,0,20 21 29 24,1,100,,13095,6,0,20 21 29 24,1,100,,13100,6,0,20 21 29 24,1,100,,13094,6,0,20 21 29 24,1
4001,'7',1739,,13125,6,0,20 21 29 24,1,100,,13163,6,0,20 21 29 24,1,105,,13131,6,0,20 21 29 24,1,100,,13142,6,0,20 21 29 24,1,100,,13164,6,0,20 21 29 24,1,100,,13182,6,0,20 21 29 24,1
4001,'8',1739,,13214,6,0,20 21 29 24,1,100,,13229,6,0,20 21 29 24,1,105,,13222,6,0,20 21 29 24,1,100,,13285,6,0,20 21 29 24,1,100,,13279,6,0,20 21 29 24,1,100,,13255,6,0,20 21 29 24,1
4001,'9',1739,,13331,6,0,20 21 29 24,1,100,,13389,6,0,20 21 29 24,1,105,,13351,6,0,20 21 29 24,1,100,,13361,6,0,20 21 29 24,1,100,,13409,6,0,20 21 29 24,1,100,,13414,6,0,20 21 29 24,1
