6001,'1',711,,14454,3,0,20 21 7,1,100,,14449,3,0,20 21 7,1,100,,14451,3,0,20 21 7,1,100,,14455,3,0,20 21 7,1,100,,14453,3,0,20 21 7,1,100,,14464,3,0,20 21 7,1,100,,14461,3,0,20 21 7,1,100,,14463,3,0,20 21 7,1,100,,14460,3,0,20 21 7,1,100,,14450,3,0,20 21 7,1,100,,14459,3,0,20 21 7,1,100,,14458,3,0,20 21 7,1,100,,14457,3,0,20 21 7,1,100,,14462,3,0,20 21 7,1,100,,14456,3,0,20 21 7,1,100,,14452,3,0,20 21 7,1
6001,'10',1011,,14466,3,0,20 21 7,1,100,,14472,3,0,20 21 7,1,100,,14465,3,0,20 21 7,1,100,,14469,3,0,20 21 7,1,100,,14471,3,0,20 21 7,1,100,,14470,3,0,20 21 7,1,100,,14468,3,0,20 21 7,1,100,,14467,3,0,20 21 7,1
6001,'11',1011,,14474,3,0,20 21 7,1,100,,14475,3,0,20 21 7,1,100,,14480,3,0,20 21 7,1,100,,14478,3,0,20 21 7,1,100,,14477,3,0,20 21 7,1,100,,14479,3,0,20 21 7,1,100,,14473,3,0,20 21 7,1,100,,14476,3,0,20 21 7,1
6001,'2',707,,14529,2,0,13 2 7 8 17,1,30,,14495,2,0,13 2 7 8 17,1,70,,14481,2,0,13 2 7 8 17,1,30,,14498,2,0,13 2 7 8 17,1,874,,14484,3,0,20 21 7,1,30,,9425,3,0,20 21 7,1,70,,14490,3,0,20 21 7,1,30,,14483,3,0,20 21 7,1,70,,14503,3,0,20 21 7,1,30,,14497,3,0,20 21 7,1,70,,14518,3,0,20 21 7,1,30,,14525,3,0,20 21 7,1,70,,14511,3,0,20 21 7,1,30,,14517,3,0,20 21 7,1,70,,14489,3,0,20 21 7,1,30,,14504,3,0,20 21 7,1
6001,'3',707,,14559,2,0,13 2 7 8 17,1,30,,14536,2,0,13 2 7 8 17,1,70,,14557,2,0,13 2 7 8 17,1,30,,14579,2,0,13 2 7 8 17,1,874,,14544,3,0,20 21 7,1,30,,14551,3,0,20 21 7,1,70,,14580,3,0,20 21 7,1,30,,14560,3,0,20 21 7,1,70,,14582,3,0,20 21 7,1,30,,14542,3,0,20 21 7,1,70,,14545,3,0,20 21 7,1,30,,14537,3,0,20 21 7,1,70,,14566,3,0,20 21 7,1,30,,14572,3,0,20 21 7,1,70,,14553,3,0,20 21 7,1,30,,14534,3,0,20 21 7,1
6001,'4',707,,14599,2,0,13 2 7 8 17,1,30,,14601,2,0,13 2 7 8 17,1,70,,14616,2,0,13 2 7 8 17,1,30,,14636,2,0,13 2 7 8 17,1,874,,14633,3,0,20 21 7,1,30,,14631,3,0,20 21 7,1,70,,14605,3,0,20 21 7,1,30,,14607,3,0,20 21 7,1,70,,14595,3,0,20 21 7,1,30,,14618,3,0,20 21 7,1,70,,14602,3,0,20 21 7,1,30,,14587,3,0,20 21 7,1,70,,14621,3,0,20 21 7,1,30,,14610,3,0,20 21 7,1,70,,14594,3,0,20 21 7,1,30,,14619,3,0,20 21 7,1
6001,'5',711,,14642,3,0,20 21 7,1,100,,14641,3,0,20 21 7,1,100,,14652,3,0,20 21 7,1,100,,14645,3,0,20 21 7,1,100,,14648,3,0,20 21 7,1,100,,14649,3,0,20 21 7,1,100,,14638,3,0,20 21 7,1,100,,14643,3,0,20 21 7,1,100,,14650,3,0,20 21 7,1,100,,14651,3,0,20 21 7,1,100,,14644,3,0,20 21 7,1,100,,14647,3,0,20 21 7,1,100,,14640,3,0,20 21 7,1,100,,14639,3,0,20 21 7,1,100,,14646,3,0,20 21 7,1,100,,14653,3,0,20 21 7,1
6001,'6',1011,,14659,3,0,20 21 7,1,100,,14655,3,0,20 21 7,1,100,,14660,3,0,20 21 7,1,100,,14654,3,0,20 21 7,1,100,,14656,3,0,20 21 7,1,100,,14657,3,0,20 21 7,1,100,,14658,3,0,20 21 7,1,100,,14661,3,0,20 21 7,1
6001,'7',707,,14687,2,0,13 2 7 8 17,1,30,,14698,2,0,13 2 7 8 17,1,70,,14666,2,0,13 2 7 8 17,1,30,,14668,2,0,13 2 7 8 17,1,874,,14701,3,0,20 21 7,1,30,,14680,3,0,20 21 7,1,70,,14704,3,0,20 21 7,1,30,,14699,3,0,20 21 7,1,70,,14697,3,0,20 21 7,1,30,,14709,3,0,20 21 7,1,70,,14711,3,0,20 21 7,1,30,,14676,3,0,20 21 7,1,70,,14690,3,0,20 21 7,1,30,,14708,3,0,20 21 7,1,70,,14664,3,0,20 21 7,1,30,,14685,3,0,20 21 7,1
6001,'8',707,,14720,2,0,13 2 7 8 17,1,30,,14767,2,0,13 2 7 8 17,1,70,,14722,2,0,13 2 7 8 17,1,30,,14725,2,0,13 2 7 8 17,1,874,,14751,3,0,20 21 7,1,30,,14752,3,0,20 21 7,1,70,,14717,3,0,20 21 7,1,30,,14762,3,0,20 21 7,1,70,,14755,3,0,20 21 7,1,30,,14723,3,0,20 21 7,1,70,,14736,3,0,20 21 7,1,30,,14745,3,0,20 21 7,1,70,,14724,3,0,20 21 7,1,30,,14750,3,0,20 21 7,1,70,,14733,3,0,20 21 7,1,30,,14718,3,0,20 21 7,1
6001,'9',707,,14782,2,0,13 2 7 8 17,1,30,,14792,2,0,13 2 7 8 17,1,70,,14798,2,0,13 2 7 8 17,1,30,,14806,2,0,13 2 7 8 17,1,874,,14813,3,0,20 21 7,1,30,,14774,3,0,20 21 7,1,70,,14818,3,0,20 21 7,1,30,,14776,3,0,20 21 7,1,70,,14787,3,0,20 21 7,1,30,,14810,3,0,20 21 7,1,70,,14799,3,0,20 21 7,1,30,,14789,3,0,20 21 7,1,70,,14790,3,0,20 21 7,1,30,,14794,3,0,20 21 7,1,70,,14816,3,0,20 21 7,1,30,,14777,3,0,20 21 7,1
