2501,'1',648,,12446,16,4,,1,100,,12449,16,4,,1,100,,12461,16,4,,1,100,,12460,16,4,,1,100,,12453,16,4,,1,100,,12450,16,4,,1,100,,12459,16,4,,1,100,,12451,16,4,,1,100,,12454,16,4,,1,100,,12455,16,4,,1,100,,12448,16,4,,1,100,,12456,16,4,,1,100,,12458,16,4,,1,100,,12457,16,4,,1,100,,12452,16,4,,1,100,,12447,16,4,,1
2501,'10',1048,,12465,16,4,,1,100,,12469,16,4,,1,100,,12466,16,4,,1,100,,12462,16,4,,1,100,,12468,16,4,,1,100,,12467,16,4,,1,100,,12463,16,4,,1,100,,12464,16,4,,1
2501,'11',1048,,12477,16,4,,1,100,,12471,16,4,,1,100,,12475,16,4,,1,100,,12470,16,4,,1,100,,12476,16,4,,1,100,,12474,16,4,,1,100,,12473,16,4,,1,100,,12472,16,4,,1
2501,'2',648,,12487,16,4,,1,100,,12491,16,4,,1,100,,12492,16,4,,1,100,,12486,16,4,,1,100,,12490,16,4,,1,100,,12479,16,4,,1,100,,12481,16,4,,1,100,,12480,16,4,,1,100,,12493,16,4,,1,100,,12484,16,4,,1,100,,12483,16,4,,1,100,,12489,16,4,,1,100,,12488,16,4,,1,100,,12485,16,4,,1,100,,12482,16,4,,1,100,,12478,16,4,,1
2501,'3',648,,12502,16,4,,1,100,,12504,16,4,,1,100,,12495,16,4,,1,100,,12494,16,4,,1,100,,12500,16,4,,1,100,,12506,16,4,,1,100,,12503,16,4,,1,100,,12507,16,4,,1,100,,12499,16,4,,1,100,,12498,16,4,,1,100,,12496,16,4,,1,100,,12497,16,4,,1,100,,12501,16,4,,1,100,,12505,16,4,,1,100,,12508,16,4,,1,100,,12509,16,4,,1
2501,'4',648,,12519,16,4,,1,100,,12522,16,4,,1,100,,12523,16,4,,1,100,,12516,16,4,,1,100,,12512,16,4,,1,100,,12520,16,4,,1,100,,12518,16,4,,1,100,,12525,16,4,,1,100,,12515,16,4,,1,100,,12517,16,4,,1,100,,12524,16,4,,1,100,,12513,16,4,,1,100,,12511,16,4,,1,100,,12521,16,4,,1,100,,12510,16,4,,1,100,,12514,16,4,,1
2501,'5',648,,12533,16,4,,1,100,,12529,16,4,,1,100,,12534,16,4,,1,100,,12539,16,4,,1,100,,12528,16,4,,1,100,,12541,16,4,,1,100,,12537,16,4,,1,100,,12532,16,4,,1,100,,12530,16,4,,1,100,,12527,16,4,,1,100,,12526,16,4,,1,100,,12535,16,4,,1,100,,12538,16,4,,1,100,,12536,16,4,,1,100,,12540,16,4,,1,100,,12531,16,4,,1
2501,'6',1048,,12542,16,4,,1,100,,12549,16,4,,1,100,,12546,16,4,,1,100,,12544,16,4,,1,100,,12543,16,4,,1,100,,12545,16,4,,1,100,,12548,16,4,,1,100,,12547,16,4,,1
2501,'7',648,,12560,16,4,,1,100,,12558,16,4,,1,100,,12563,16,4,,1,100,,12551,16,4,,1,100,,12552,16,4,,1,100,,12557,16,4,,1,100,,12561,16,4,,1,100,,12562,16,4,,1,100,,12553,16,4,,1,100,,12564,16,4,,1,100,,12556,16,4,,1,100,,12554,16,4,,1,100,,12550,16,4,,1,100,,12565,16,4,,1,100,,12559,16,4,,1,100,,12555,16,4,,1
2501,'8',648,,12570,16,4,,1,100,,12566,16,4,,1,100,,12571,16,4,,1,100,,12581,16,4,,1,100,,12575,16,4,,1,100,,12573,16,4,,1,100,,12579,16,4,,1,100,,12578,16,4,,1,100,,12577,16,4,,1,100,,12568,16,4,,1,100,,12574,16,4,,1,100,,12567,16,4,,1,100,,12576,16,4,,1,100,,12580,16,4,,1,100,,12572,16,4,,1,100,,12569,16,4,,1
2501,'9',648,,12596,16,4,,1,100,,12597,16,4,,1,100,,12595,16,4,,1,100,,12590,16,4,,1,100,,12586,16,4,,1,100,,12584,16,4,,1,100,,12582,16,4,,1,100,,12589,16,4,,1,100,,12591,16,4,,1,100,,12585,16,4,,1,100,,12593,16,4,,1,100,,12587,16,4,,1,100,,12588,16,4,,1,100,,12592,16,4,,1,100,,12594,16,4,,1,100,,12583,16,4,,1
