2501,'1',630,,12446,2,0,26 27 28,1,100,,12449,2,0,26 27 28,1,100,,12461,2,0,26 27 28,1,100,,12460,2,0,26 27 28,1,100,,12453,2,0,26 27 28,1,100,,12450,2,0,26 27 28,1,100,,12459,2,0,26 27 28,1,100,,12451,2,0,26 27 28,1,100,,12454,2,0,26 27 28,1,100,,12455,2,0,26 27 28,1,100,,12448,2,0,26 27 28,1,100,,12456,2,0,26 27 28,1,100,,12458,2,0,26 27 28,1,100,,12457,2,0,26 27 28,1,100,,12452,2,0,26 27 28,1,100,,12447,2,0,26 27 28,1
2501,'10',1030,,12465,2,0,26 27 28,1,100,,12469,2,0,26 27 28,1,100,,12466,2,0,26 27 28,1,100,,12462,2,0,26 27 28,1,100,,12468,2,0,26 27 28,1,100,,12467,2,0,26 27 28,1,100,,12463,2,0,26 27 28,1,100,,12464,2,0,26 27 28,1
2501,'11',1030,,12477,2,0,26 27 28,1,100,,12471,2,0,26 27 28,1,100,,12475,2,0,26 27 28,1,100,,12470,2,0,26 27 28,1,100,,12476,2,0,26 27 28,1,100,,12474,2,0,26 27 28,1,100,,12473,2,0,26 27 28,1,100,,12472,2,0,26 27 28,1
2501,'2',630,,12487,2,0,26 27 28,1,100,,12491,2,0,26 27 28,1,100,,12492,2,0,26 27 28,1,100,,12486,2,0,26 27 28,1,100,,12490,2,0,26 27 28,1,100,,12479,2,0,26 27 28,1,100,,12481,2,0,26 27 28,1,100,,12480,2,0,26 27 28,1,100,,12493,2,0,26 27 28,1,100,,12484,2,0,26 27 28,1,100,,12483,2,0,26 27 28,1,100,,12489,2,0,26 27 28,1,100,,12488,2,0,26 27 28,1,100,,12485,2,0,26 27 28,1,100,,12482,2,0,26 27 28,1,100,,12478,2,0,26 27 28,1
2501,'3',630,,12502,2,0,26 27 28,1,100,,12504,2,0,26 27 28,1,100,,12495,2,0,26 27 28,1,100,,12494,2,0,26 27 28,1,100,,12500,2,0,26 27 28,1,100,,12506,2,0,26 27 28,1,100,,12503,2,0,26 27 28,1,100,,12507,2,0,26 27 28,1,100,,12499,2,0,26 27 28,1,100,,12498,2,0,26 27 28,1,100,,12496,2,0,26 27 28,1,100,,12497,2,0,26 27 28,1,100,,12501,2,0,26 27 28,1,100,,12505,2,0,26 27 28,1,100,,12508,2,0,26 27 28,1,100,,12509,2,0,26 27 28,1
2501,'4',630,,12519,2,0,26 27 28,1,100,,12522,2,0,26 27 28,1,100,,12523,2,0,26 27 28,1,100,,12516,2,0,26 27 28,1,100,,12512,2,0,26 27 28,1,100,,12520,2,0,26 27 28,1,100,,12518,2,0,26 27 28,1,100,,12525,2,0,26 27 28,1,100,,12515,2,0,26 27 28,1,100,,12517,2,0,26 27 28,1,100,,12524,2,0,26 27 28,1,100,,12513,2,0,26 27 28,1,100,,12511,2,0,26 27 28,1,100,,12521,2,0,26 27 28,1,100,,12510,2,0,26 27 28,1,100,,12514,2,0,26 27 28,1
2501,'5',630,,12533,2,0,26 27 28,1,100,,12529,2,0,26 27 28,1,100,,12534,2,0,26 27 28,1,100,,12539,2,0,26 27 28,1,100,,12528,2,0,26 27 28,1,100,,12541,2,0,26 27 28,1,100,,12537,2,0,26 27 28,1,100,,12532,2,0,26 27 28,1,100,,12530,2,0,26 27 28,1,100,,12527,2,0,26 27 28,1,100,,12526,2,0,26 27 28,1,100,,12535,2,0,26 27 28,1,100,,12538,2,0,26 27 28,1,100,,12536,2,0,26 27 28,1,100,,12540,2,0,26 27 28,1,100,,12531,2,0,26 27 28,1
2501,'6',1030,,12542,2,0,26 27 28,1,100,,12549,2,0,26 27 28,1,100,,12546,2,0,26 27 28,1,100,,12544,2,0,26 27 28,1,100,,12543,2,0,26 27 28,1,100,,12545,2,0,26 27 28,1,100,,12548,2,0,26 27 28,1,100,,12547,2,0,26 27 28,1
2501,'7',630,,12560,2,0,26 27 28,1,100,,12558,2,0,26 27 28,1,100,,12563,2,0,26 27 28,1,100,,12551,2,0,26 27 28,1,100,,12552,2,0,26 27 28,1,100,,12557,2,0,26 27 28,1,100,,12561,2,0,26 27 28,1,100,,12562,2,0,26 27 28,1,100,,12553,2,0,26 27 28,1,100,,12564,2,0,26 27 28,1,100,,12556,2,0,26 27 28,1,100,,12554,2,0,26 27 28,1,100,,12550,2,0,26 27 28,1,100,,12565,2,0,26 27 28,1,100,,12559,2,0,26 27 28,1,100,,12555,2,0,26 27 28,1
2501,'8',630,,12570,2,0,26 27 28,1,100,,12566,2,0,26 27 28,1,100,,12571,2,0,26 27 28,1,100,,12581,2,0,26 27 28,1,100,,12575,2,0,26 27 28,1,100,,12573,2,0,26 27 28,1,100,,12579,2,0,26 27 28,1,100,,12578,2,0,26 27 28,1,100,,12577,2,0,26 27 28,1,100,,12568,2,0,26 27 28,1,100,,12574,2,0,26 27 28,1,100,,12567,2,0,26 27 28,1,100,,12576,2,0,26 27 28,1,100,,12580,2,0,26 27 28,1,100,,12572,2,0,26 27 28,1,100,,12569,2,0,26 27 28,1
2501,'9',630,,12596,2,0,26 27 28,1,100,,12597,2,0,26 27 28,1,100,,12595,2,0,26 27 28,1,100,,12590,2,0,26 27 28,1,100,,12586,2,0,26 27 28,1,100,,12584,2,0,26 27 28,1,100,,12582,2,0,26 27 28,1,100,,12589,2,0,26 27 28,1,100,,12591,2,0,26 27 28,1,100,,12585,2,0,26 27 28,1,100,,12593,2,0,26 27 28,1,100,,12587,2,0,26 27 28,1,100,,12588,2,0,26 27 28,1,100,,12592,2,0,26 27 28,1,100,,12594,2,0,26 27 28,1,100,,12583,2,0,26 27 28,1
