2500,'1',700,,11794,1,0,26 27 28,1,100,,12296,1,0,26 27 28,1,100,,12297,1,0,26 27 28,1,100,,12302,1,0,26 27 28,1,100,,12301,1,0,26 27 28,1,100,,12310,1,0,26 27 28,1,100,,12308,1,0,26 27 28,1,100,,12306,1,0,26 27 28,1,100,,12299,1,0,26 27 28,1,100,,12309,1,0,26 27 28,1,100,,12307,1,0,26 27 28,1,100,,12300,1,0,26 27 28,1,100,,12298,1,0,26 27 28,1,100,,12305,1,0,26 27 28,1,100,,12303,1,0,26 27 28,1,100,,12304,1,0,26 27 28,1
2500,'10',1000,,12318,1,0,26 27 28,1,100,,12311,1,0,26 27 28,1,100,,12314,1,0,26 27 28,1,100,,12312,1,0,26 27 28,1,100,,12315,1,0,26 27 28,1,100,,12316,1,0,26 27 28,1,100,,12317,1,0,26 27 28,1,100,,12313,1,0,26 27 28,1
2500,'11',1000,,12324,1,0,26 27 28,1,100,,12325,1,0,26 27 28,1,100,,12322,1,0,26 27 28,1,100,,12323,1,0,26 27 28,1,100,,12319,1,0,26 27 28,1,100,,12320,1,0,26 27 28,1,100,,12321,1,0,26 27 28,1,100,,12326,1,0,26 27 28,1
2500,'2',700,,12330,1,0,26 27 28,1,100,,12329,1,0,26 27 28,1,100,,12334,1,0,26 27 28,1,100,,12335,1,0,26 27 28,1,100,,12337,1,0,26 27 28,1,100,,12333,1,0,26 27 28,1,100,,12341,1,0,26 27 28,1,100,,12328,1,0,26 27 28,1,100,,12339,1,0,26 27 28,1,100,,12331,1,0,26 27 28,1,100,,12338,1,0,26 27 28,1,100,,12340,1,0,26 27 28,1,100,,12332,1,0,26 27 28,1,100,,12327,1,0,26 27 28,1,100,,12342,1,0,26 27 28,1,100,,12336,1,0,26 27 28,1
2500,'3',700,,12351,1,0,26 27 28,1,100,,12356,1,0,26 27 28,1,100,,12353,1,0,26 27 28,1,100,,12350,1,0,26 27 28,1,100,,12355,1,0,26 27 28,1,100,,12354,1,0,26 27 28,1,100,,12348,1,0,26 27 28,1,100,,12352,1,0,26 27 28,1,100,,12344,1,0,26 27 28,1,100,,12345,1,0,26 27 28,1,100,,12357,1,0,26 27 28,1,100,,12358,1,0,26 27 28,1,100,,12346,1,0,26 27 28,1,100,,12343,1,0,26 27 28,1,100,,12349,1,0,26 27 28,1,100,,12347,1,0,26 27 28,1
2500,'4',700,,12367,1,0,26 27 28,1,100,,12373,1,0,26 27 28,1,100,,12359,1,0,26 27 28,1,100,,12370,1,0,26 27 28,1,100,,12364,1,0,26 27 28,1,100,,12372,1,0,26 27 28,1,100,,12362,1,0,26 27 28,1,100,,12371,1,0,26 27 28,1,100,,11778,1,0,26 27 28,1,100,,12363,1,0,26 27 28,1,100,,12360,1,0,26 27 28,1,100,,12368,1,0,26 27 28,1,100,,12369,1,0,26 27 28,1,100,,12361,1,0,26 27 28,1,100,,12366,1,0,26 27 28,1,100,,12365,1,0,26 27 28,1
2500,'5',700,,12376,1,0,26 27 28,1,100,,12383,1,0,26 27 28,1,100,,12377,1,0,26 27 28,1,100,,12380,1,0,26 27 28,1,100,,12386,1,0,26 27 28,1,100,,12375,1,0,26 27 28,1,100,,12381,1,0,26 27 28,1,100,,12382,1,0,26 27 28,1,100,,12384,1,0,26 27 28,1,100,,12389,1,0,26 27 28,1,100,,12379,1,0,26 27 28,1,100,,12387,1,0,26 27 28,1,100,,12378,1,0,26 27 28,1,100,,12374,1,0,26 27 28,1,100,,12385,1,0,26 27 28,1,100,,12388,1,0,26 27 28,1
2500,'6',1000,,12391,1,0,26 27 28,1,100,,12397,1,0,26 27 28,1,100,,12395,1,0,26 27 28,1,100,,12394,1,0,26 27 28,1,100,,12396,1,0,26 27 28,1,100,,12390,1,0,26 27 28,1,100,,12393,1,0,26 27 28,1,100,,12392,1,0,26 27 28,1
2500,'7',700,,12412,1,0,26 27 28,1,100,,12400,1,0,26 27 28,1,100,,12402,1,0,26 27 28,1,100,,12408,1,0,26 27 28,1,100,,12413,1,0,26 27 28,1,100,,12409,1,0,26 27 28,1,100,,12404,1,0,26 27 28,1,100,,12401,1,0,26 27 28,1,100,,12410,1,0,26 27 28,1,100,,12398,1,0,26 27 28,1,100,,12399,1,0,26 27 28,1,100,,12407,1,0,26 27 28,1,100,,12405,1,0,26 27 28,1,100,,12406,1,0,26 27 28,1,100,,12403,1,0,26 27 28,1,100,,12411,1,0,26 27 28,1
2500,'8',700,,12417,1,0,26 27 28,1,100,,12424,1,0,26 27 28,1,100,,12414,1,0,26 27 28,1,100,,12423,1,0,26 27 28,1,100,,12422,1,0,26 27 28,1,100,,12426,1,0,26 27 28,1,100,,12420,1,0,26 27 28,1,100,,12416,1,0,26 27 28,1,100,,12428,1,0,26 27 28,1,100,,12419,1,0,26 27 28,1,100,,12421,1,0,26 27 28,1,100,,12425,1,0,26 27 28,1,100,,12415,1,0,26 27 28,1,100,,12427,1,0,26 27 28,1,100,,12429,1,0,26 27 28,1,100,,12418,1,0,26 27 28,1
2500,'9',700,,12438,1,0,26 27 28,1,100,,12433,1,0,26 27 28,1,100,,12432,1,0,26 27 28,1,100,,12440,1,0,26 27 28,1,100,,12445,1,0,26 27 28,1,100,,12430,1,0,26 27 28,1,100,,12431,1,0,26 27 28,1,100,,12441,1,0,26 27 28,1,100,,12434,1,0,26 27 28,1,100,,12442,1,0,26 27 28,1,100,,12439,1,0,26 27 28,1,100,,12437,1,0,26 27 28,1,100,,12436,1,0,26 27 28,1,100,,12435,1,0,26 27 28,1,100,,12443,1,0,26 27 28,1,100,,12444,1,0,26 27 28,1
2501,'1',652,,12446,23,4,,1,100,,12449,23,4,,1,100,,12461,23,4,,1,100,,12460,23,4,,1,100,,12453,23,4,,1,100,,12450,23,4,,1,100,,12459,23,4,,1,100,,12451,23,4,,1,100,,12454,23,4,,1,100,,12455,23,4,,1,100,,12448,23,4,,1,100,,12456,23,4,,1,100,,12458,23,4,,1,100,,12457,23,4,,1,100,,12452,23,4,,1,100,,12447,23,4,,1
2501,'10',1052,,12465,23,4,,1,100,,12469,23,4,,1,100,,12466,23,4,,1,100,,12462,23,4,,1,100,,12468,23,4,,1,100,,12467,23,4,,1,100,,12463,23,4,,1,100,,12464,23,4,,1
2501,'11',1052,,12477,23,4,,1,100,,12471,23,4,,1,100,,12475,23,4,,1,100,,12470,23,4,,1,100,,12476,23,4,,1,100,,12474,23,4,,1,100,,12473,23,4,,1,100,,12472,23,4,,1
2501,'2',652,,12487,23,4,,1,100,,12491,23,4,,1,100,,12492,23,4,,1,100,,12486,23,4,,1,100,,12490,23,4,,1,100,,12479,23,4,,1,100,,12481,23,4,,1,100,,12480,23,4,,1,100,,12493,23,4,,1,100,,12484,23,4,,1,100,,12483,23,4,,1,100,,12489,23,4,,1,100,,12488,23,4,,1,100,,12485,23,4,,1,100,,12482,23,4,,1,100,,12478,23,4,,1
2501,'3',652,,12502,23,4,,1,100,,12504,23,4,,1,100,,12495,23,4,,1,100,,12494,23,4,,1,100,,12500,23,4,,1,100,,12506,23,4,,1,100,,12503,23,4,,1,100,,12507,23,4,,1,100,,12499,23,4,,1,100,,12498,23,4,,1,100,,12496,23,4,,1,100,,12497,23,4,,1,100,,12501,23,4,,1,100,,12505,23,4,,1,100,,12508,23,4,,1,100,,12509,23,4,,1
2501,'4',652,,12519,23,4,,1,100,,12522,23,4,,1,100,,12523,23,4,,1,100,,12516,23,4,,1,100,,12512,23,4,,1,100,,12520,23,4,,1,100,,12518,23,4,,1,100,,12525,23,4,,1,100,,12515,23,4,,1,100,,12517,23,4,,1,100,,12524,23,4,,1,100,,12513,23,4,,1,100,,12511,23,4,,1,100,,12521,23,4,,1,100,,12510,23,4,,1,100,,12514,23,4,,1
2501,'5',652,,12533,23,4,,1,100,,12529,23,4,,1,100,,12534,23,4,,1,100,,12539,23,4,,1,100,,12528,23,4,,1,100,,12541,23,4,,1,100,,12537,23,4,,1,100,,12532,23,4,,1,100,,12530,23,4,,1,100,,12527,23,4,,1,100,,12526,23,4,,1,100,,12535,23,4,,1,100,,12538,23,4,,1,100,,12536,23,4,,1,100,,12540,23,4,,1,100,,12531,23,4,,1
2501,'6',1052,,12542,23,4,,1,100,,12549,23,4,,1,100,,12546,23,4,,1,100,,12544,23,4,,1,100,,12543,23,4,,1,100,,12545,23,4,,1,100,,12548,23,4,,1,100,,12547,23,4,,1
2501,'7',652,,12560,23,4,,1,100,,12558,23,4,,1,100,,12563,23,4,,1,100,,12551,23,4,,1,100,,12552,23,4,,1,100,,12557,23,4,,1,100,,12561,23,4,,1,100,,12562,23,4,,1,100,,12553,23,4,,1,100,,12564,23,4,,1,100,,12556,23,4,,1,100,,12554,23,4,,1,100,,12550,23,4,,1,100,,12565,23,4,,1,100,,12559,23,4,,1,100,,12555,23,4,,1
2501,'8',652,,12570,23,4,,1,100,,12566,23,4,,1,100,,12571,23,4,,1,100,,12581,23,4,,1,100,,12575,23,4,,1,100,,12573,23,4,,1,100,,12579,23,4,,1,100,,12578,23,4,,1,100,,12577,23,4,,1,100,,12568,23,4,,1,100,,12574,23,4,,1,100,,12567,23,4,,1,100,,12576,23,4,,1,100,,12580,23,4,,1,100,,12572,23,4,,1,100,,12569,23,4,,1
2501,'9',652,,12596,23,4,,1,100,,12597,23,4,,1,100,,12595,23,4,,1,100,,12590,23,4,,1,100,,12586,23,4,,1,100,,12584,23,4,,1,100,,12582,23,4,,1,100,,12589,23,4,,1,100,,12591,23,4,,1,100,,12585,23,4,,1,100,,12593,23,4,,1,100,,12587,23,4,,1,100,,12588,23,4,,1,100,,12592,23,4,,1,100,,12594,23,4,,1,100,,12583,23,4,,1
3400,'2',700,,12601,1,0,5 6 7 8 2 9 8,1,130,,12603,1,0,5 6 7 8 2 9 8,1,170,,12606,1,0,5 6 7 8 2 9 8,1,130,,12602,1,0,5 6 7 8 2 9 8,1,170,,12599,1,0,5 6 7 8 2 9 8,1,130,,12607,1,0,5 6 7 8 2 9 8,1,170,,12600,1,0,5 6 7 8 2 9 8,1,130,,12598,1,0,5 6 7 8 2 9 8,1,170,,12604,1,0,5 6 7 8 2 9 8,1,130,,12605,1,0,5 6 7 8 2 9 8,1
3400,'3',700,,12609,1,0,5 6 7 8 2 9 8,1,130,,12616,1,0,5 6 7 8 2 9 8,1,170,,12610,1,0,5 6 7 8 2 9 8,1,130,,12615,1,0,5 6 7 8 2 9 8,1,170,,12617,1,0,5 6 7 8 2 9 8,1,130,,12614,1,0,5 6 7 8 2 9 8,1,170,,12612,1,0,5 6 7 8 2 9 8,1,130,,12608,1,0,5 6 7 8 2 9 8,1,170,,12613,1,0,5 6 7 8 2 9 8,1,130,,12611,1,0,5 6 7 8 2 9 8,1
3400,'4',700,,12626,1,0,5 6 7 8 2 9 8,1,130,,12621,1,0,5 6 7 8 2 9 8,1,170,,12620,1,0,5 6 7 8 2 9 8,1,130,,11852,1,0,5 6 7 8 2 9 8,1,170,,12619,1,0,5 6 7 8 2 9 8,1,130,,12622,1,0,5 6 7 8 2 9 8,1,170,,12624,1,0,5 6 7 8 2 9 8,1,130,,12623,1,0,5 6 7 8 2 9 8,1,170,,12618,1,0,5 6 7 8 2 9 8,1,130,,12625,1,0,5 6 7 8 2 9 8,1
3400,'7',700,,12635,1,0,5 6 7 8 2 9 8,1,130,,12627,1,0,5 6 7 8 2 9 8,1,170,,12628,1,0,5 6 7 8 2 9 8,1,130,,12630,1,0,5 6 7 8 2 9 8,1,170,,12631,1,0,5 6 7 8 2 9 8,1,130,,12634,1,0,5 6 7 8 2 9 8,1,170,,12629,1,0,5 6 7 8 2 9 8,1,130,,12632,1,0,5 6 7 8 2 9 8,1,170,,12633,1,0,5 6 7 8 2 9 8,1,130,,12636,1,0,5 6 7 8 2 9 8,1
3400,'8',700,,12640,1,0,5 6 7 8 2 9 8,1,130,,12637,1,0,5 6 7 8 2 9 8,1,170,,12646,1,0,5 6 7 8 2 9 8,1,130,,12644,1,0,5 6 7 8 2 9 8,1,170,,12641,1,0,5 6 7 8 2 9 8,1,130,,12643,1,0,5 6 7 8 2 9 8,1,170,,12642,1,0,5 6 7 8 2 9 8,1,130,,12638,1,0,5 6 7 8 2 9 8,1,170,,12645,1,0,5 6 7 8 2 9 8,1,130,,12639,1,0,5 6 7 8 2 9 8,1
3400,'9',700,,12647,1,0,5 6 7 8 2 9 8,1,130,,12649,1,0,5 6 7 8 2 9 8,1,170,,12651,1,0,5 6 7 8 2 9 8,1,130,,12656,1,0,5 6 7 8 2 9 8,1,170,,12648,1,0,5 6 7 8 2 9 8,1,130,,12652,1,0,5 6 7 8 2 9 8,1,170,,12650,1,0,5 6 7 8 2 9 8,1,130,,12655,1,0,5 6 7 8 2 9 8,1,170,,12653,1,0,5 6 7 8 2 9 8,1,130,,12654,1,0,5 6 7 8 2 9 8,1
3401,'2',821,,12665,5,4,,1,130,,12657,5,4,,1,170,,12661,5,4,,1,130,,12659,5,4,,1,170,,12662,5,4,,1,130,,12660,5,4,,1,170,,12664,5,4,,1,130,,12666,5,4,,1,170,,12663,5,4,,1,130,,12658,5,4,,1
3401,'3',821,,12673,5,4,,1,130,,12674,5,4,,1,170,,12668,5,4,,1,130,,12675,5,4,,1,170,,12667,5,4,,1,130,,12676,5,4,,1,170,,12671,5,4,,1,130,,12669,5,4,,1,170,,12670,5,4,,1,130,,12672,5,4,,1
3401,'4',821,,12683,5,4,,1,130,,12679,5,4,,1,170,,12678,5,4,,1,130,,12684,5,4,,1,170,,12686,5,4,,1,130,,12682,5,4,,1,170,,12680,5,4,,1,130,,12677,5,4,,1,170,,12685,5,4,,1,130,,12681,5,4,,1
3401,'7',821,,12690,5,4,,1,130,,12694,5,4,,1,170,,12692,5,4,,1,130,,12696,5,4,,1,170,,12689,5,4,,1,130,,12691,5,4,,1,170,,12693,5,4,,1,130,,12695,5,4,,1,170,,12687,5,4,,1,130,,12688,5,4,,1
3401,'8',821,,12700,5,4,,1,130,,12698,5,4,,1,170,,12701,5,4,,1,130,,12704,5,4,,1,170,,12703,5,4,,1,130,,12697,5,4,,1,170,,12699,5,4,,1,130,,12702,5,4,,1,170,,12705,5,4,,1,130,,12706,5,4,,1
3401,'9',821,,12715,5,4,,1,130,,12716,5,4,,1,170,,12710,5,4,,1,130,,12711,5,4,,1,170,,12707,5,4,,1,130,,12712,5,4,,1,170,,12708,5,4,,1,130,,12709,5,4,,1,170,,12713,5,4,,1,130,,12714,5,4,,1
6001,'1',739,,14454,8,0,20 21 7,1,100,,14449,8,0,20 21 7,1,100,,14451,8,0,20 21 7,1,100,,14455,8,0,20 21 7,1,100,,14453,8,0,20 21 7,1,100,,14464,8,0,20 21 7,1,100,,14461,8,0,20 21 7,1,100,,14463,8,0,20 21 7,1,100,,14460,8,0,20 21 7,1,100,,14450,8,0,20 21 7,1,100,,14459,8,0,20 21 7,1,100,,14458,8,0,20 21 7,1,100,,14457,8,0,20 21 7,1,100,,14462,8,0,20 21 7,1,100,,14456,8,0,20 21 7,1,100,,14452,8,0,20 21 7,1
6001,'10',1039,,14466,8,0,20 21 7,1,100,,14472,8,0,20 21 7,1,100,,14465,8,0,20 21 7,1,100,,14469,8,0,20 21 7,1,100,,14471,8,0,20 21 7,1,100,,14470,8,0,20 21 7,1,100,,14468,8,0,20 21 7,1,100,,14467,8,0,20 21 7,1
6001,'11',1039,,14474,8,0,20 21 7,1,100,,14475,8,0,20 21 7,1,100,,14480,8,0,20 21 7,1,100,,14478,8,0,20 21 7,1,100,,14477,8,0,20 21 7,1,100,,14479,8,0,20 21 7,1,100,,14473,8,0,20 21 7,1,100,,14476,8,0,20 21 7,1
6001,'2',739,,14530,7,0,11 2 7,1,70,,14492,7,0,11 2 7,1,30,,14493,7,0,11 2 7,1,70,,14505,7,0,11 2 7,1,30,,14494,7,0,11 2 7,1,70,,14509,7,0,11 2 7,1,30,,14502,7,0,11 2 7,1,70,,14485,7,0,11 2 7,1,30,,14515,7,0,11 2 7,1,70,,14507,7,0,11 2 7,1,30,,14508,7,0,11 2 7,1,70,,14513,7,0,11 2 7,1,30,,14522,7,0,11 2 7,1,70,,14523,7,0,11 2 7,1,30,,14516,7,0,11 2 7,1,70,,14520,7,0,11 2 7,1,30,,14487,7,0,11 2 7,1,70,,14528,7,0,11 2 7,1,30,,14491,7,0,11 2 7,1,70,,14496,7,0,11 2 7,1,30,,14484,8,0,20 21 7,1,70,,9425,8,0,20 21 7,1,30,,14490,8,0,20 21 7,1,70,,14483,8,0,20 21 7,1,30,,14503,8,0,20 21 7,1,70,,14497,8,0,20 21 7,1,30,,14518,8,0,20 21 7,1,70,,14525,8,0,20 21 7,1,30,,14511,8,0,20 21 7,1,70,,14517,8,0,20 21 7,1,30,,14489,8,0,20 21 7,1,70,,14504,8,0,20 21 7,1
6001,'3',739,,14535,7,0,11 2 7,1,70,,14548,7,0,11 2 7,1,30,,14547,7,0,11 2 7,1,70,,14565,7,0,11 2 7,1,30,,14575,7,0,11 2 7,1,70,,14543,7,0,11 2 7,1,30,,14554,7,0,11 2 7,1,70,,14546,7,0,11 2 7,1,30,,14571,7,0,11 2 7,1,70,,14538,7,0,11 2 7,1,30,,14561,7,0,11 2 7,1,70,,14552,7,0,11 2 7,1,30,,14556,7,0,11 2 7,1,70,,14567,7,0,11 2 7,1,30,,14533,7,0,11 2 7,1,70,,14539,7,0,11 2 7,1,30,,14540,7,0,11 2 7,1,70,,14564,7,0,11 2 7,1,30,,14581,7,0,11 2 7,1,70,,14555,7,0,11 2 7,1,30,,14544,8,0,20 21 7,1,70,,14551,8,0,20 21 7,1,30,,14580,8,0,20 21 7,1,70,,14560,8,0,20 21 7,1,30,,14582,8,0,20 21 7,1,70,,14542,8,0,20 21 7,1,30,,14545,8,0,20 21 7,1,70,,14537,8,0,20 21 7,1,30,,14566,8,0,20 21 7,1,70,,14572,8,0,20 21 7,1,30,,14553,8,0,20 21 7,1,70,,14534,8,0,20 21 7,1
6001,'4',739,,14625,7,0,11 2 7,1,70,,14604,7,0,11 2 7,1,30,,14622,7,0,11 2 7,1,70,,14623,7,0,11 2 7,1,30,,14614,7,0,11 2 7,1,70,,14596,7,0,11 2 7,1,30,,14617,7,0,11 2 7,1,70,,14624,7,0,11 2 7,1,30,,14589,7,0,11 2 7,1,70,,14632,7,0,11 2 7,1,30,,14615,7,0,11 2 7,1,70,,11120,7,0,11 2 7,1,30,,14597,7,0,11 2 7,1,70,,14629,7,0,11 2 7,1,30,,14635,7,0,11 2 7,1,70,,14609,7,0,11 2 7,1,30,,14598,7,0,11 2 7,1,70,,14600,7,0,11 2 7,1,30,,14586,7,0,11 2 7,1,70,,14612,7,0,11 2 7,1,30,,14633,8,0,20 21 7,1,70,,14631,8,0,20 21 7,1,30,,14605,8,0,20 21 7,1,70,,14607,8,0,20 21 7,1,30,,14595,8,0,20 21 7,1,70,,14618,8,0,20 21 7,1,30,,14602,8,0,20 21 7,1,70,,14587,8,0,20 21 7,1,30,,14621,8,0,20 21 7,1,70,,14610,8,0,20 21 7,1,30,,14594,8,0,20 21 7,1,70,,14619,8,0,20 21 7,1
6001,'5',739,,14642,8,0,20 21 7,1,100,,14641,8,0,20 21 7,1,100,,14652,8,0,20 21 7,1,100,,14645,8,0,20 21 7,1,100,,14648,8,0,20 21 7,1,100,,14649,8,0,20 21 7,1,100,,14638,8,0,20 21 7,1,100,,14643,8,0,20 21 7,1,100,,14650,8,0,20 21 7,1,100,,14651,8,0,20 21 7,1,100,,14644,8,0,20 21 7,1,100,,14647,8,0,20 21 7,1,100,,14640,8,0,20 21 7,1,100,,14639,8,0,20 21 7,1,100,,14646,8,0,20 21 7,1,100,,14653,8,0,20 21 7,1
6001,'6',1039,,14659,8,0,20 21 7,1,100,,14655,8,0,20 21 7,1,100,,14660,8,0,20 21 7,1,100,,14654,8,0,20 21 7,1,100,,14656,8,0,20 21 7,1,100,,14657,8,0,20 21 7,1,100,,14658,8,0,20 21 7,1,100,,14661,8,0,20 21 7,1
6001,'7',739,,14684,7,0,11 2 7,1,70,,14663,7,0,11 2 7,1,30,,14702,7,0,11 2 7,1,70,,14700,7,0,11 2 7,1,30,,14710,7,0,11 2 7,1,70,,14682,7,0,11 2 7,1,30,,14706,7,0,11 2 7,1,70,,14667,7,0,11 2 7,1,30,,14692,7,0,11 2 7,1,70,,14675,7,0,11 2 7,1,30,,14712,7,0,11 2 7,1,70,,14686,7,0,11 2 7,1,30,,14696,7,0,11 2 7,1,70,,14694,7,0,11 2 7,1,30,,14678,7,0,11 2 7,1,70,,14689,7,0,11 2 7,1,30,,14673,7,0,11 2 7,1,70,,14713,7,0,11 2 7,1,30,,14671,7,0,11 2 7,1,70,,14670,7,0,11 2 7,1,30,,14701,8,0,20 21 7,1,70,,14680,8,0,20 21 7,1,30,,14704,8,0,20 21 7,1,70,,14699,8,0,20 21 7,1,30,,14697,8,0,20 21 7,1,70,,14709,8,0,20 21 7,1,30,,14711,8,0,20 21 7,1,70,,14676,8,0,20 21 7,1,30,,14690,8,0,20 21 7,1,70,,14708,8,0,20 21 7,1,30,,14664,8,0,20 21 7,1,70,,14685,8,0,20 21 7,1
6001,'8',739,,14740,7,0,11 2 7,1,70,,14763,7,0,11 2 7,1,30,,14739,7,0,11 2 7,1,70,,14760,7,0,11 2 7,1,30,,14748,7,0,11 2 7,1,70,,14764,7,0,11 2 7,1,30,,14721,7,0,11 2 7,1,70,,14744,7,0,11 2 7,1,30,,14741,7,0,11 2 7,1,70,,14734,7,0,11 2 7,1,30,,14729,7,0,11 2 7,1,70,,14757,7,0,11 2 7,1,30,,14727,7,0,11 2 7,1,70,,14730,7,0,11 2 7,1,30,,14737,7,0,11 2 7,1,70,,14761,7,0,11 2 7,1,30,,14749,7,0,11 2 7,1,70,,14743,7,0,11 2 7,1,30,,14756,7,0,11 2 7,1,70,,14731,7,0,11 2 7,1,30,,14751,8,0,20 21 7,1,70,,14752,8,0,20 21 7,1,30,,14717,8,0,20 21 7,1,70,,14762,8,0,20 21 7,1,30,,14755,8,0,20 21 7,1,70,,14723,8,0,20 21 7,1,30,,14736,8,0,20 21 7,1,70,,14745,8,0,20 21 7,1,30,,14724,8,0,20 21 7,1,70,,14750,8,0,20 21 7,1,30,,14733,8,0,20 21 7,1,70,,14718,8,0,20 21 7,1
6001,'9',739,,14820,7,0,11 2 7,1,70,,14805,7,0,11 2 7,1,30,,14797,7,0,11 2 7,1,70,,14781,7,0,11 2 7,1,30,,14804,7,0,11 2 7,1,70,,14783,7,0,11 2 7,1,30,,14814,7,0,11 2 7,1,70,,14807,7,0,11 2 7,1,30,,14802,7,0,11 2 7,1,70,,14786,7,0,11 2 7,1,30,,14784,7,0,11 2 7,1,70,,14808,7,0,11 2 7,1,30,,14809,7,0,11 2 7,1,70,,14815,7,0,11 2 7,1,30,,14775,7,0,11 2 7,1,70,,14771,7,0,11 2 7,1,30,,14770,7,0,11 2 7,1,70,,14768,7,0,11 2 7,1,30,,14817,7,0,11 2 7,1,70,,14803,7,0,11 2 7,1,30,,14813,8,0,20 21 7,1,70,,14774,8,0,20 21 7,1,30,,14818,8,0,20 21 7,1,70,,14776,8,0,20 21 7,1,30,,14787,8,0,20 21 7,1,70,,14810,8,0,20 21 7,1,30,,14799,8,0,20 21 7,1,70,,14789,8,0,20 21 7,1,30,,14790,8,0,20 21 7,1,70,,14794,8,0,20 21 7,1,30,,14816,8,0,20 21 7,1,70,,14777,8,0,20 21 7,1
6501,'1',708,,14827,2,0,20 21 5 12,1,100,,14824,2,0,20 21 5 12,1,100,,14831,2,0,20 21 5 12,1,100,,14830,2,0,20 21 5 12,1,100,,14832,2,0,20 21 5 12,1,100,,14835,2,0,20 21 5 12,1,100,,14828,2,0,20 21 5 12,1,100,,14836,2,0,20 21 5 12,1,100,,14822,2,0,20 21 5 12,1,100,,14833,2,0,20 21 5 12,1,100,,14826,2,0,20 21 5 12,1,100,,14825,2,0,20 21 5 12,1,100,,14821,2,0,20 21 5 12,1,100,,14823,2,0,20 21 5 12,1,100,,14829,2,0,20 21 5 12,1,100,,14834,2,0,20 21 5 12,1
6501,'10',1008,,14842,2,0,20 21 5 12,1,100,,14843,2,0,20 21 5 12,1,100,,14841,2,0,20 21 5 12,1,100,,14837,2,0,20 21 5 12,1,100,,14844,2,0,20 21 5 12,1,100,,14840,2,0,20 21 5 12,1,100,,14839,2,0,20 21 5 12,1,100,,14838,2,0,20 21 5 12,1
6501,'11',1008,,14848,2,0,20 21 5 12,1,100,,14846,2,0,20 21 5 12,1,100,,14847,2,0,20 21 5 12,1,100,,14849,2,0,20 21 5 12,1,100,,14845,2,0,20 21 5 12,1,100,,14852,2,0,20 21 5 12,1,100,,14850,2,0,20 21 5 12,1,100,,14851,2,0,20 21 5 12,1
6501,'2',708,,14881,2,0,11 2 5 12,1,30,,14865,2,0,11 2 5 12,1,70,,14892,2,0,11 2 5 12,1,30,,14873,2,0,11 2 5 12,1,70,,14886,2,0,11 2 5 12,1,30,,14857,2,0,11 2 5 12,1,70,,14906,2,0,11 2 5 12,1,30,,14867,2,0,11 2 5 12,1,70,,14907,2,0,11 2 5 12,1,30,,14894,2,0,11 2 5 12,1,70,,14870,2,0,11 2 5 12,1,30,,14882,2,0,11 2 5 12,1,70,,14869,2,0,11 2 5 12,1,30,,14858,2,0,11 2 5 12,1,70,,14891,2,0,11 2 5 12,1,30,,14884,2,0,11 2 5 12,1,70,,14905,2,0,11 2 5 12,1,30,,14877,2,0,11 2 5 12,1,70,,14874,2,0,11 2 5 12,1,30,,14868,2,0,11 2 5 12,1,70,,14853,2,0,20 21 5 12,1,30,,14903,2,0,20 21 5 12,1,70,,14896,2,0,20 21 5 12,1,30,,14861,2,0,20 21 5 12,1,70,,14885,2,0,20 21 5 12,1,30,,14883,2,0,20 21 5 12,1,70,,14871,2,0,20 21 5 12,1,30,,14859,2,0,20 21 5 12,1,70,,14862,2,0,20 21 5 12,1,30,,14890,2,0,20 21 5 12,1,70,,14901,2,0,20 21 5 12,1,30,,14900,2,0,20 21 5 12,1
6501,'3',708,,14954,2,0,11 2 5 12,1,30,,14950,2,0,11 2 5 12,1,70,,14960,2,0,11 2 5 12,1,30,,14956,2,0,11 2 5 12,1,70,,14935,2,0,11 2 5 12,1,30,,14952,2,0,11 2 5 12,1,70,,14923,2,0,11 2 5 12,1,30,,14926,2,0,11 2 5 12,1,70,,14929,2,0,11 2 5 12,1,30,,14931,2,0,11 2 5 12,1,70,,14908,2,0,11 2 5 12,1,30,,14941,2,0,11 2 5 12,1,70,,14927,2,0,11 2 5 12,1,30,,14921,2,0,11 2 5 12,1,70,,14937,2,0,11 2 5 12,1,30,,14943,2,0,11 2 5 12,1,70,,14924,2,0,11 2 5 12,1,30,,14945,2,0,11 2 5 12,1,70,,14953,2,0,11 2 5 12,1,30,,14916,2,0,11 2 5 12,1,70,,14949,2,0,20 21 5 12,1,30,,14942,2,0,20 21 5 12,1,70,,14934,2,0,20 21 5 12,1,30,,14917,2,0,20 21 5 12,1,70,,14938,2,0,20 21 5 12,1,30,,14920,2,0,20 21 5 12,1,70,,14911,2,0,20 21 5 12,1,30,,14913,2,0,20 21 5 12,1,70,,14928,2,0,20 21 5 12,1,30,,14918,2,0,20 21 5 12,1,70,,14914,2,0,20 21 5 12,1,30,,14912,2,0,20 21 5 12,1
6501,'4',708,,15016,2,0,11 2 5 12,1,30,,14989,2,0,11 2 5 12,1,70,,14986,2,0,11 2 5 12,1,30,,14974,2,0,11 2 5 12,1,70,,14988,2,0,11 2 5 12,1,30,,14987,2,0,11 2 5 12,1,70,,14963,2,0,11 2 5 12,1,30,,15007,2,0,11 2 5 12,1,70,,14990,2,0,11 2 5 12,1,30,,15013,2,0,11 2 5 12,1,70,,15003,2,0,11 2 5 12,1,30,,15001,2,0,11 2 5 12,1,70,,15015,2,0,11 2 5 12,1,30,,14981,2,0,11 2 5 12,1,70,,14966,2,0,11 2 5 12,1,30,,14971,2,0,11 2 5 12,1,70,,14970,2,0,11 2 5 12,1,30,,14975,2,0,11 2 5 12,1,70,,15017,2,0,11 2 5 12,1,30,,14977,2,0,11 2 5 12,1,70,,14999,2,0,20 21 5 12,1,30,,15010,2,0,20 21 5 12,1,70,,14979,2,0,20 21 5 12,1,30,,15004,2,0,20 21 5 12,1,70,,14992,2,0,20 21 5 12,1,30,,14997,2,0,20 21 5 12,1,70,,14972,2,0,20 21 5 12,1,30,,14998,2,0,20 21 5 12,1,70,,14969,2,0,20 21 5 12,1,30,,14967,2,0,20 21 5 12,1,70,,14982,2,0,20 21 5 12,1,30,,14991,2,0,20 21 5 12,1
6501,'5',708,,15031,2,0,20 21 5 12,1,100,,15020,2,0,20 21 5 12,1,100,,15027,2,0,20 21 5 12,1,100,,15033,2,0,20 21 5 12,1,100,,15032,2,0,20 21 5 12,1,100,,15024,2,0,20 21 5 12,1,100,,15021,2,0,20 21 5 12,1,100,,15022,2,0,20 21 5 12,1,100,,15026,2,0,20 21 5 12,1,100,,15023,2,0,20 21 5 12,1,100,,15028,2,0,20 21 5 12,1,100,,15018,2,0,20 21 5 12,1,100,,15030,2,0,20 21 5 12,1,100,,15025,2,0,20 21 5 12,1,100,,15029,2,0,20 21 5 12,1,100,,15019,2,0,20 21 5 12,1
6501,'6',1008,,15034,2,0,20 21 5 12,1,100,,15037,2,0,20 21 5 12,1,100,,15039,2,0,20 21 5 12,1,100,,15041,2,0,20 21 5 12,1,100,,15038,2,0,20 21 5 12,1,100,,15040,2,0,20 21 5 12,1,100,,15035,2,0,20 21 5 12,1,100,,15036,2,0,20 21 5 12,1
6501,'7',708,,15094,2,0,11 2 5 12,1,30,,15085,2,0,11 2 5 12,1,70,,15096,2,0,11 2 5 12,1,30,,15063,2,0,11 2 5 12,1,70,,15089,2,0,11 2 5 12,1,30,,15076,2,0,11 2 5 12,1,70,,15078,2,0,11 2 5 12,1,30,,15046,2,0,11 2 5 12,1,70,,15087,2,0,11 2 5 12,1,30,,15074,2,0,11 2 5 12,1,70,,15083,2,0,11 2 5 12,1,30,,15092,2,0,11 2 5 12,1,70,,15067,2,0,11 2 5 12,1,30,,15091,2,0,11 2 5 12,1,70,,15057,2,0,11 2 5 12,1,30,,15043,2,0,11 2 5 12,1,70,,15044,2,0,11 2 5 12,1,30,,15090,2,0,11 2 5 12,1,70,,15075,2,0,11 2 5 12,1,30,,15052,2,0,11 2 5 12,1,70,,15055,2,0,20 21 5 12,1,30,,15088,2,0,20 21 5 12,1,70,,15080,2,0,20 21 5 12,1,30,,15068,2,0,20 21 5 12,1,70,,15053,2,0,20 21 5 12,1,30,,15060,2,0,20 21 5 12,1,70,,15084,2,0,20 21 5 12,1,30,,15093,2,0,20 21 5 12,1,70,,15050,2,0,20 21 5 12,1,30,,15073,2,0,20 21 5 12,1,70,,15051,2,0,20 21 5 12,1,30,,15070,2,0,20 21 5 12,1
6501,'8',708,,15131,2,0,11 2 5 12,1,30,,15100,2,0,11 2 5 12,1,70,,15134,2,0,11 2 5 12,1,30,,15107,2,0,11 2 5 12,1,70,,15130,2,0,11 2 5 12,1,30,,15124,2,0,11 2 5 12,1,70,,15142,2,0,11 2 5 12,1,30,,15140,2,0,11 2 5 12,1,70,,15128,2,0,11 2 5 12,1,30,,15122,2,0,11 2 5 12,1,70,,15120,2,0,11 2 5 12,1,30,,15139,2,0,11 2 5 12,1,70,,15138,2,0,11 2 5 12,1,30,,15147,2,0,11 2 5 12,1,70,,15146,2,0,11 2 5 12,1,30,,15144,2,0,11 2 5 12,1,70,,15099,2,0,11 2 5 12,1,30,,15109,2,0,11 2 5 12,1,70,,15143,2,0,11 2 5 12,1,30,,15113,2,0,11 2 5 12,1,70,,15101,2,0,20 21 5 12,1,30,,15098,2,0,20 21 5 12,1,70,,15118,2,0,20 21 5 12,1,30,,15129,2,0,20 21 5 12,1,70,,15097,2,0,20 21 5 12,1,30,,15127,2,0,20 21 5 12,1,70,,15141,2,0,20 21 5 12,1,30,,15132,2,0,20 21 5 12,1,70,,15150,2,0,20 21 5 12,1,30,,15104,2,0,20 21 5 12,1,70,,15148,2,0,20 21 5 12,1,30,,15137,2,0,20 21 5 12,1
6501,'9',708,,15171,2,0,11 2 5 12,1,30,,15168,2,0,11 2 5 12,1,70,,15194,2,0,11 2 5 12,1,30,,15187,2,0,11 2 5 12,1,70,,15157,2,0,11 2 5 12,1,30,,15192,2,0,11 2 5 12,1,70,,15152,2,0,11 2 5 12,1,30,,15193,2,0,11 2 5 12,1,70,,15166,2,0,11 2 5 12,1,30,,15178,2,0,11 2 5 12,1,70,,15160,2,0,11 2 5 12,1,30,,15177,2,0,11 2 5 12,1,70,,15204,2,0,11 2 5 12,1,30,,15156,2,0,11 2 5 12,1,70,,15189,2,0,11 2 5 12,1,30,,15180,2,0,11 2 5 12,1,70,,15182,2,0,11 2 5 12,1,30,,15174,2,0,11 2 5 12,1,70,,15173,2,0,11 2 5 12,1,30,,15175,2,0,11 2 5 12,1,70,,15172,2,0,20 21 5 12,1,30,,15158,2,0,20 21 5 12,1,70,,15190,2,0,20 21 5 12,1,30,,15184,2,0,20 21 5 12,1,70,,15154,2,0,20 21 5 12,1,30,,15196,2,0,20 21 5 12,1,70,,15202,2,0,20 21 5 12,1,30,,15179,2,0,20 21 5 12,1,70,,15199,2,0,20 21 5 12,1,30,,15195,2,0,20 21 5 12,1,70,,15191,2,0,20 21 5 12,1,30,,15159,2,0,20 21 5 12,1
7001,'1',748,,15213,10,4,,1,100,,15221,10,4,,1,100,,15222,10,4,,1,100,,15210,10,4,,1,100,,15214,10,4,,1,100,,15211,10,4,,1,100,,15207,10,4,,1,100,,15212,10,4,,1,100,,15209,10,4,,1,100,,15215,10,4,,1,100,,15220,10,4,,1,100,,15217,10,4,,1,100,,15219,10,4,,1,100,,15216,10,4,,1,100,,15218,10,4,,1,100,,15208,10,4,,1
7001,'10',1048,,15225,10,4,,1,100,,15230,10,4,,1,100,,15228,10,4,,1,100,,15224,10,4,,1,100,,15223,10,4,,1,100,,15226,10,4,,1,100,,15227,10,4,,1,100,,15229,10,4,,1
7001,'11',1048,,15238,10,4,,1,100,,15234,10,4,,1,100,,15235,10,4,,1,100,,15232,10,4,,1,100,,15233,10,4,,1,100,,15237,10,4,,1,100,,15236,10,4,,1,100,,15231,10,4,,1
7001,'2',748,,15266,8,4,,1,70,,15246,8,4,,1,30,,15261,8,4,,1,70,,15254,8,4,,1,30,,15244,8,4,,1,70,,15268,8,4,,1,30,,15251,8,4,,1,70,,15250,8,4,,1,30,,15257,8,4,,1,70,,15263,8,4,,1,30,,15248,8,4,,1,70,,15265,8,4,,1,30,,15256,8,4,,1,70,,15239,8,4,,1,30,,15252,8,4,,1,70,,15242,8,4,,1,30,,15269,8,4,,1,70,,15262,8,4,,1,30,,15260,8,4,,1,70,,15253,8,4,,1,30,,15249,10,4,,1,70,,15259,10,4,,1,30,,15247,10,4,,1,70,,15240,10,4,,1,30,,15258,10,4,,1,70,,15245,10,4,,1,30,,15241,10,4,,1,70,,15255,10,4,,1,30,,15264,10,4,,1,70,,15267,10,4,,1,30,,11539,10,4,,1,70,,15243,10,4,,1
7001,'3',748,,15277,8,4,,1,70,,15271,8,4,,1,30,,15299,8,4,,1,70,,15285,8,4,,1,30,,15274,8,4,,1,70,,15291,8,4,,1,30,,15298,8,4,,1,70,,15297,8,4,,1,30,,15275,8,4,,1,70,,15281,8,4,,1,30,,15272,8,4,,1,70,,15293,8,4,,1,30,,15290,8,4,,1,70,,15301,8,4,,1,30,,15286,8,4,,1,70,,15300,8,4,,1,30,,15296,8,4,,1,70,,15295,8,4,,1,30,,15280,8,4,,1,70,,15284,8,4,,1,30,,15282,10,4,,1,70,,15270,10,4,,1,30,,15289,10,4,,1,70,,15294,10,4,,1,30,,15292,10,4,,1,70,,15278,10,4,,1,30,,15288,10,4,,1,70,,15273,10,4,,1,30,,15287,10,4,,1,70,,15279,10,4,,1,30,,15276,10,4,,1,70,,15283,10,4,,1
7001,'4',748,,15320,8,4,,1,70,,11071,8,4,,1,30,,15323,8,4,,1,70,,15321,8,4,,1,30,,15309,8,4,,1,70,,15310,8,4,,1,30,,15328,8,4,,1,70,,15313,8,4,,1,30,,15324,8,4,,1,70,,15330,8,4,,1,30,,15304,8,4,,1,70,,15322,8,4,,1,30,,15331,8,4,,1,70,,15306,8,4,,1,30,,15316,8,4,,1,70,,15326,8,4,,1,30,,15314,8,4,,1,70,,15315,8,4,,1,30,,15318,8,4,,1,70,,15317,8,4,,1,30,,15302,10,4,,1,70,,15307,10,4,,1,30,,15311,10,4,,1,70,,15327,10,4,,1,30,,15312,10,4,,1,70,,15308,10,4,,1,30,,15305,10,4,,1,70,,15332,10,4,,1,30,,15319,10,4,,1,70,,15303,10,4,,1,30,,15329,10,4,,1,70,,15325,10,4,,1
7001,'5',748,,15344,10,4,,1,100,,15346,10,4,,1,100,,15347,10,4,,1,100,,15339,10,4,,1,100,,15333,10,4,,1,100,,15334,10,4,,1,100,,15341,10,4,,1,100,,15345,10,4,,1,100,,15338,10,4,,1,100,,15343,10,4,,1,100,,15342,10,4,,1,100,,15335,10,4,,1,100,,15348,10,4,,1,100,,15340,10,4,,1,100,,15337,10,4,,1,100,,15336,10,4,,1
7001,'6',1048,,15356,10,4,,1,100,,15353,10,4,,1,100,,15354,10,4,,1,100,,15355,10,4,,1,100,,15351,10,4,,1,100,,15352,10,4,,1,100,,15349,10,4,,1,100,,15350,10,4,,1
7001,'7',748,,15357,8,4,,1,70,,15387,8,4,,1,30,,15363,8,4,,1,70,,15362,8,4,,1,30,,15366,8,4,,1,70,,15384,8,4,,1,30,,15385,8,4,,1,70,,15376,8,4,,1,30,,15377,8,4,,1,70,,15374,8,4,,1,30,,15359,8,4,,1,70,,15371,8,4,,1,30,,15380,8,4,,1,70,,15382,8,4,,1,30,,15369,8,4,,1,70,,15373,8,4,,1,30,,15375,8,4,,1,70,,15368,8,4,,1,30,,15360,8,4,,1,70,,15361,8,4,,1,30,,15364,10,4,,1,70,,15378,10,4,,1,30,,15386,10,4,,1,70,,15381,10,4,,1,30,,15370,10,4,,1,70,,15367,10,4,,1,30,,15379,10,4,,1,70,,15383,10,4,,1,30,,15365,10,4,,1,70,,15388,10,4,,1,30,,15358,10,4,,1,70,,15372,10,4,,1
7001,'8',748,,15416,8,4,,1,70,,15411,8,4,,1,30,,15410,8,4,,1,70,,15405,8,4,,1,30,,15398,8,4,,1,70,,15418,8,4,,1,30,,15414,8,4,,1,70,,15408,8,4,,1,30,,15396,8,4,,1,70,,15417,8,4,,1,30,,15401,8,4,,1,70,,15406,8,4,,1,30,,15394,8,4,,1,70,,15395,8,4,,1,30,,15420,8,4,,1,70,,15407,8,4,,1,30,,15413,8,4,,1,70,,15402,8,4,,1,30,,15419,8,4,,1,70,,15390,8,4,,1,30,,15400,10,4,,1,70,,15412,10,4,,1,30,,15399,10,4,,1,70,,15389,10,4,,1,30,,15392,10,4,,1,70,,15397,10,4,,1,30,,15404,10,4,,1,70,,15391,10,4,,1,30,,15409,10,4,,1,70,,15415,10,4,,1,30,,15403,10,4,,1,70,,15393,10,4,,1
7001,'9',748,,15448,8,4,,1,70,,15438,8,4,,1,30,,15435,8,4,,1,70,,15422,8,4,,1,30,,15433,8,4,,1,70,,15447,8,4,,1,30,,15450,8,4,,1,70,,15439,8,4,,1,30,,15421,8,4,,1,70,,15441,8,4,,1,30,,15452,8,4,,1,70,,15443,8,4,,1,30,,15451,8,4,,1,70,,15426,8,4,,1,30,,15440,8,4,,1,70,,15436,8,4,,1,30,,15434,8,4,,1,70,,15446,8,4,,1,30,,15442,8,4,,1,70,,15437,8,4,,1,30,,15424,10,4,,1,70,,15444,10,4,,1,30,,15423,10,4,,1,70,,15432,10,4,,1,30,,15429,10,4,,1,70,,15430,10,4,,1,30,,15431,10,4,,1,70,,15425,10,4,,1,30,,15449,10,4,,1,70,,15427,10,4,,1,30,,15428,10,4,,1,70,,15445,10,4,,1
7501,'1',703,,15467,1,0,20 21 23 24,1,100,,15465,1,0,20 21 23 24,1,100,,15463,1,0,20 21 23 24,1,100,,15468,1,0,20 21 23 24,1,100,,15455,1,0,20 21 23 24,1,100,,15457,1,0,20 21 23 24,1,100,,15456,1,0,20 21 23 24,1,100,,15459,1,0,20 21 23 24,1,100,,15461,1,0,20 21 23 24,1,100,,15453,1,0,20 21 23 24,1,100,,15462,1,0,20 21 23 24,1,100,,15458,1,0,20 21 23 24,1,100,,15454,1,0,20 21 23 24,1,100,,15464,1,0,20 21 23 24,1,100,,15466,1,0,20 21 23 24,1,100,,15460,1,0,20 21 23 24,1
7501,'10',1003,,15474,1,0,20 21 23 24,1,100,,15472,1,0,20 21 23 24,1,100,,15469,1,0,20 21 23 24,1,100,,15470,1,0,20 21 23 24,1,100,,15471,1,0,20 21 23 24,1,100,,15473,1,0,20 21 23 24,1,100,,15476,1,0,20 21 23 24,1,100,,15475,1,0,20 21 23 24,1
7501,'11',1003,,15480,1,0,20 21 23 24,1,100,,15479,1,0,20 21 23 24,1,100,,15484,1,0,20 21 23 24,1,100,,15477,1,0,20 21 23 24,1,100,,15481,1,0,20 21 23 24,1,100,,15483,1,0,20 21 23 24,1,100,,15482,1,0,20 21 23 24,1,100,,15478,1,0,20 21 23 24,1
7501,'2',703,,15516,1,0,11 2 23 24,1,30,,15498,1,0,11 2 23 24,1,70,,15501,1,0,11 2 23 24,1,30,,15502,1,0,11 2 23 24,1,70,,15505,1,0,11 2 23 24,1,30,,15509,1,0,11 2 23 24,1,70,,15506,1,0,11 2 23 24,1,30,,15503,1,0,11 2 23 24,1,70,,15495,1,0,11 2 23 24,1,30,,15507,1,0,11 2 23 24,1,70,,15488,1,0,11 2 23 24,1,30,,15487,1,0,11 2 23 24,1,70,,15497,1,0,11 2 23 24,1,30,,15490,1,0,11 2 23 24,1,70,,15514,1,0,11 2 23 24,1,30,,15485,1,0,11 2 23 24,1,70,,15508,1,0,11 2 23 24,1,30,,15515,1,0,11 2 23 24,1,70,,15496,1,0,11 2 23 24,1,30,,15486,1,0,11 2 23 24,1,70,,15512,1,0,20 21 23 24,1,30,,15510,1,0,20 21 23 24,1,70,,15504,1,0,20 21 23 24,1,30,,15511,1,0,20 21 23 24,1,70,,15491,1,0,20 21 23 24,1,30,,15493,1,0,20 21 23 24,1,70,,15513,1,0,20 21 23 24,1,30,,15499,1,0,20 21 23 24,1,70,,15492,1,0,20 21 23 24,1,30,,15489,1,0,20 21 23 24,1,70,,15500,1,0,20 21 23 24,1,30,,15494,1,0,20 21 23 24,1
7501,'3',703,,15532,1,0,11 2 23 24,1,30,,15520,1,0,11 2 23 24,1,70,,15540,1,0,11 2 23 24,1,30,,15521,1,0,11 2 23 24,1,70,,15522,1,0,11 2 23 24,1,30,,15529,1,0,11 2 23 24,1,70,,15519,1,0,11 2 23 24,1,30,,15518,1,0,11 2 23 24,1,70,,15533,1,0,11 2 23 24,1,30,,15523,1,0,11 2 23 24,1,70,,15538,1,0,11 2 23 24,1,30,,15541,1,0,11 2 23 24,1,70,,15545,1,0,11 2 23 24,1,30,,15517,1,0,11 2 23 24,1,70,,15536,1,0,11 2 23 24,1,30,,15526,1,0,11 2 23 24,1,70,,15535,1,0,11 2 23 24,1,30,,15547,1,0,11 2 23 24,1,70,,15528,1,0,11 2 23 24,1,30,,15539,1,0,11 2 23 24,1,70,,15527,1,0,20 21 23 24,1,30,,15524,1,0,20 21 23 24,1,70,,15546,1,0,20 21 23 24,1,30,,15543,1,0,20 21 23 24,1,70,,15548,1,0,20 21 23 24,1,30,,15537,1,0,20 21 23 24,1,70,,15534,1,0,20 21 23 24,1,30,,15531,1,0,20 21 23 24,1,70,,15542,1,0,20 21 23 24,1,30,,15544,1,0,20 21 23 24,1,70,,15530,1,0,20 21 23 24,1,30,,15525,1,0,20 21 23 24,1
7501,'4',703,,15550,1,0,11 2 23 24,1,30,,15572,1,0,11 2 23 24,1,70,,15563,1,0,11 2 23 24,1,30,,15567,1,0,11 2 23 24,1,70,,15564,1,0,11 2 23 24,1,30,,15571,1,0,11 2 23 24,1,70,,15551,1,0,11 2 23 24,1,30,,15577,1,0,11 2 23 24,1,70,,15574,1,0,11 2 23 24,1,30,,15579,1,0,11 2 23 24,1,70,,15578,1,0,11 2 23 24,1,30,,15566,1,0,11 2 23 24,1,70,,15555,1,0,11 2 23 24,1,30,,15552,1,0,11 2 23 24,1,70,,15559,1,0,11 2 23 24,1,30,,15562,1,0,11 2 23 24,1,70,,15560,1,0,11 2 23 24,1,30,,15576,1,0,11 2 23 24,1,70,,15565,1,0,11 2 23 24,1,30,,15569,1,0,11 2 23 24,1,70,,15557,1,0,20 21 23 24,1,30,,15558,1,0,20 21 23 24,1,70,,15573,1,0,20 21 23 24,1,30,,11937,1,0,20 21 23 24,1,70,,15568,1,0,20 21 23 24,1,30,,15570,1,0,20 21 23 24,1,70,,15549,1,0,20 21 23 24,1,30,,15561,1,0,20 21 23 24,1,70,,15554,1,0,20 21 23 24,1,30,,15553,1,0,20 21 23 24,1,70,,15556,1,0,20 21 23 24,1,30,,15575,1,0,20 21 23 24,1
7501,'5',703,,15580,1,0,20 21 23 24,1,100,,15594,1,0,20 21 23 24,1,100,,15590,1,0,20 21 23 24,1,100,,15592,1,0,20 21 23 24,1,100,,15586,1,0,20 21 23 24,1,100,,15588,1,0,20 21 23 24,1,100,,15585,1,0,20 21 23 24,1,100,,15591,1,0,20 21 23 24,1,100,,15581,1,0,20 21 23 24,1,100,,15583,1,0,20 21 23 24,1,100,,15584,1,0,20 21 23 24,1,100,,15587,1,0,20 21 23 24,1,100,,15589,1,0,20 21 23 24,1,100,,15593,1,0,20 21 23 24,1,100,,15595,1,0,20 21 23 24,1,100,,15582,1,0,20 21 23 24,1
7501,'6',1003,,15601,1,0,20 21 23 24,1,100,,15597,1,0,20 21 23 24,1,100,,15596,1,0,20 21 23 24,1,100,,15599,1,0,20 21 23 24,1,100,,15602,1,0,20 21 23 24,1,100,,15598,1,0,20 21 23 24,1,100,,15603,1,0,20 21 23 24,1,100,,15600,1,0,20 21 23 24,1
7501,'7',703,,15620,1,0,11 2 23 24,1,30,,15619,1,0,11 2 23 24,1,70,,15622,1,0,11 2 23 24,1,30,,15635,1,0,11 2 23 24,1,70,,15627,1,0,11 2 23 24,1,30,,15612,1,0,11 2 23 24,1,70,,15626,1,0,11 2 23 24,1,30,,15610,1,0,11 2 23 24,1,70,,15632,1,0,11 2 23 24,1,30,,15605,1,0,11 2 23 24,1,70,,15613,1,0,11 2 23 24,1,30,,15604,1,0,11 2 23 24,1,70,,15617,1,0,11 2 23 24,1,30,,15623,1,0,11 2 23 24,1,70,,15609,1,0,11 2 23 24,1,30,,15631,1,0,11 2 23 24,1,70,,15628,1,0,11 2 23 24,1,30,,15629,1,0,11 2 23 24,1,70,,15630,1,0,11 2 23 24,1,30,,15621,1,0,11 2 23 24,1,70,,15625,1,0,20 21 23 24,1,30,,15633,1,0,20 21 23 24,1,70,,15606,1,0,20 21 23 24,1,30,,15634,1,0,20 21 23 24,1,70,,15615,1,0,20 21 23 24,1,30,,15624,1,0,20 21 23 24,1,70,,15616,1,0,20 21 23 24,1,30,,15614,1,0,20 21 23 24,1,70,,15618,1,0,20 21 23 24,1,30,,15607,1,0,20 21 23 24,1,70,,15611,1,0,20 21 23 24,1,30,,15608,1,0,20 21 23 24,1
7501,'8',703,,15662,1,0,11 2 23 24,1,30,,15650,1,0,11 2 23 24,1,70,,15664,1,0,11 2 23 24,1,30,,15663,1,0,11 2 23 24,1,70,,15644,1,0,11 2 23 24,1,30,,15658,1,0,11 2 23 24,1,70,,15653,1,0,11 2 23 24,1,30,,15667,1,0,11 2 23 24,1,70,,15657,1,0,11 2 23 24,1,30,,15659,1,0,11 2 23 24,1,70,,15636,1,0,11 2 23 24,1,30,,15641,1,0,11 2 23 24,1,70,,15665,1,0,11 2 23 24,1,30,,15649,1,0,11 2 23 24,1,70,,15654,1,0,11 2 23 24,1,30,,15648,1,0,11 2 23 24,1,70,,15652,1,0,11 2 23 24,1,30,,15647,1,0,11 2 23 24,1,70,,15642,1,0,11 2 23 24,1,30,,15639,1,0,11 2 23 24,1,70,,15637,1,0,20 21 23 24,1,30,,15640,1,0,20 21 23 24,1,70,,15661,1,0,20 21 23 24,1,30,,15643,1,0,20 21 23 24,1,70,,15646,1,0,20 21 23 24,1,30,,15666,1,0,20 21 23 24,1,70,,15651,1,0,20 21 23 24,1,30,,15655,1,0,20 21 23 24,1,70,,15645,1,0,20 21 23 24,1,30,,15656,1,0,20 21 23 24,1,70,,15660,1,0,20 21 23 24,1,30,,15638,1,0,20 21 23 24,1
7501,'9',703,,15688,1,0,11 2 23 24,1,30,,15685,1,0,11 2 23 24,1,70,,15672,1,0,11 2 23 24,1,30,,15687,1,0,11 2 23 24,1,70,,15696,1,0,11 2 23 24,1,30,,15684,1,0,11 2 23 24,1,70,,15675,1,0,11 2 23 24,1,30,,15694,1,0,11 2 23 24,1,70,,15697,1,0,11 2 23 24,1,30,,15690,1,0,11 2 23 24,1,70,,15680,1,0,11 2 23 24,1,30,,15689,1,0,11 2 23 24,1,70,,15698,1,0,11 2 23 24,1,30,,15674,1,0,11 2 23 24,1,70,,15669,1,0,11 2 23 24,1,30,,15678,1,0,11 2 23 24,1,70,,15679,1,0,11 2 23 24,1,30,,15671,1,0,11 2 23 24,1,70,,15691,1,0,11 2 23 24,1,30,,15681,1,0,11 2 23 24,1,70,,15682,1,0,20 21 23 24,1,30,,15676,1,0,20 21 23 24,1,70,,15683,1,0,20 21 23 24,1,30,,15668,1,0,20 21 23 24,1,70,,15692,1,0,20 21 23 24,1,30,,15699,1,0,20 21 23 24,1,70,,15686,1,0,20 21 23 24,1,30,,15677,1,0,20 21 23 24,1,70,,15693,1,0,20 21 23 24,1,30,,15673,1,0,20 21 23 24,1,70,,15695,1,0,20 21 23 24,1,30,,15670,1,0,20 21 23 24,1
