3400,'2',735,,12601,4,0,5 6 7 8 2 9 8,1,170,,12603,4,0,5 6 7 8 2 9 8,1,130,,12606,4,0,5 6 7 8 2 9 8,1,170,,12602,4,0,5 6 7 8 2 9 8,1,130,,12599,4,0,5 6 7 8 2 9 8,1,170,,12607,4,0,5 6 7 8 2 9 8,1,130,,12600,4,0,5 6 7 8 2 9 8,1,170,,12598,4,0,5 6 7 8 2 9 8,1,130,,12604,4,0,5 6 7 8 2 9 8,1,170,,12605,4,0,5 6 7 8 2 9 8,1
3400,'3',735,,12609,4,0,5 6 7 8 2 9 8,1,170,,12616,4,0,5 6 7 8 2 9 8,1,130,,12610,4,0,5 6 7 8 2 9 8,1,170,,12615,4,0,5 6 7 8 2 9 8,1,130,,12617,4,0,5 6 7 8 2 9 8,1,170,,12614,4,0,5 6 7 8 2 9 8,1,130,,12612,4,0,5 6 7 8 2 9 8,1,170,,12608,4,0,5 6 7 8 2 9 8,1,130,,12613,4,0,5 6 7 8 2 9 8,1,170,,12611,4,0,5 6 7 8 2 9 8,1
3400,'4',735,,12626,4,0,5 6 7 8 2 9 8,1,170,,12621,4,0,5 6 7 8 2 9 8,1,130,,12620,4,0,5 6 7 8 2 9 8,1,170,,11852,4,0,5 6 7 8 2 9 8,1,130,,12619,4,0,5 6 7 8 2 9 8,1,170,,12622,4,0,5 6 7 8 2 9 8,1,130,,12624,4,0,5 6 7 8 2 9 8,1,170,,12623,4,0,5 6 7 8 2 9 8,1,130,,12618,4,0,5 6 7 8 2 9 8,1,170,,12625,4,0,5 6 7 8 2 9 8,1
3400,'7',735,,12635,4,0,5 6 7 8 2 9 8,1,170,,12627,4,0,5 6 7 8 2 9 8,1,130,,12628,4,0,5 6 7 8 2 9 8,1,170,,12630,4,0,5 6 7 8 2 9 8,1,130,,12631,4,0,5 6 7 8 2 9 8,1,170,,12634,4,0,5 6 7 8 2 9 8,1,130,,12629,4,0,5 6 7 8 2 9 8,1,170,,12632,4,0,5 6 7 8 2 9 8,1,130,,12633,4,0,5 6 7 8 2 9 8,1,170,,12636,4,0,5 6 7 8 2 9 8,1
3400,'8',735,,12640,4,0,5 6 7 8 2 9 8,1,170,,12637,4,0,5 6 7 8 2 9 8,1,130,,12646,4,0,5 6 7 8 2 9 8,1,170,,12644,4,0,5 6 7 8 2 9 8,1,130,,12641,4,0,5 6 7 8 2 9 8,1,170,,12643,4,0,5 6 7 8 2 9 8,1,130,,12642,4,0,5 6 7 8 2 9 8,1,170,,12638,4,0,5 6 7 8 2 9 8,1,130,,12645,4,0,5 6 7 8 2 9 8,1,170,,12639,4,0,5 6 7 8 2 9 8,1
3400,'9',735,,12647,4,0,5 6 7 8 2 9 8,1,170,,12649,4,0,5 6 7 8 2 9 8,1,130,,12651,4,0,5 6 7 8 2 9 8,1,170,,12656,4,0,5 6 7 8 2 9 8,1,130,,12648,4,0,5 6 7 8 2 9 8,1,170,,12652,4,0,5 6 7 8 2 9 8,1,130,,12650,4,0,5 6 7 8 2 9 8,1,170,,12655,4,0,5 6 7 8 2 9 8,1,130,,12653,4,0,5 6 7 8 2 9 8,1,170,,12654,4,0,5 6 7 8 2 9 8,1
3401,'2',748,,12665,3,0,5 6 7 8 2 7 10,1,170,,12657,3,0,5 6 7 8 2 7 10,1,130,,12661,3,0,5 6 7 8 2 7 10,1,170,,12659,3,0,5 6 7 8 2 7 10,1,130,,12662,3,0,5 6 7 8 2 7 10,1,170,,12660,3,0,5 6 7 8 2 7 10,1,130,,12664,3,0,5 6 7 8 2 7 10,1,170,,12666,3,0,5 6 7 8 2 7 10,1,130,,12663,3,0,5 6 7 8 2 7 10,1,170,,12658,3,0,5 6 7 8 2 7 10,1
3401,'3',748,,12673,3,0,5 6 7 8 2 7 10,1,170,,12674,3,0,5 6 7 8 2 7 10,1,130,,12668,3,0,5 6 7 8 2 7 10,1,170,,12675,3,0,5 6 7 8 2 7 10,1,130,,12667,3,0,5 6 7 8 2 7 10,1,170,,12676,3,0,5 6 7 8 2 7 10,1,130,,12671,3,0,5 6 7 8 2 7 10,1,170,,12669,3,0,5 6 7 8 2 7 10,1,130,,12670,3,0,5 6 7 8 2 7 10,1,170,,12672,3,0,5 6 7 8 2 7 10,1
3401,'4',748,,12683,3,0,5 6 7 8 2 7 10,1,170,,12679,3,0,5 6 7 8 2 7 10,1,130,,12678,3,0,5 6 7 8 2 7 10,1,170,,12684,3,0,5 6 7 8 2 7 10,1,130,,12686,3,0,5 6 7 8 2 7 10,1,170,,12682,3,0,5 6 7 8 2 7 10,1,130,,12680,3,0,5 6 7 8 2 7 10,1,170,,12677,3,0,5 6 7 8 2 7 10,1,130,,12685,3,0,5 6 7 8 2 7 10,1,170,,12681,3,0,5 6 7 8 2 7 10,1
3401,'7',748,,12690,3,0,5 6 7 8 2 7 10,1,170,,12694,3,0,5 6 7 8 2 7 10,1,130,,12692,3,0,5 6 7 8 2 7 10,1,170,,12696,3,0,5 6 7 8 2 7 10,1,130,,12689,3,0,5 6 7 8 2 7 10,1,170,,12691,3,0,5 6 7 8 2 7 10,1,130,,12693,3,0,5 6 7 8 2 7 10,1,170,,12695,3,0,5 6 7 8 2 7 10,1,130,,12687,3,0,5 6 7 8 2 7 10,1,170,,12688,3,0,5 6 7 8 2 7 10,1
3401,'8',748,,12700,3,0,5 6 7 8 2 7 10,1,170,,12698,3,0,5 6 7 8 2 7 10,1,130,,12701,3,0,5 6 7 8 2 7 10,1,170,,12704,3,0,5 6 7 8 2 7 10,1,130,,12703,3,0,5 6 7 8 2 7 10,1,170,,12697,3,0,5 6 7 8 2 7 10,1,130,,12699,3,0,5 6 7 8 2 7 10,1,170,,12702,3,0,5 6 7 8 2 7 10,1,130,,12705,3,0,5 6 7 8 2 7 10,1,170,,12706,3,0,5 6 7 8 2 7 10,1
3401,'9',748,,12715,3,0,5 6 7 8 2 7 10,1,170,,12716,3,0,5 6 7 8 2 7 10,1,130,,12710,3,0,5 6 7 8 2 7 10,1,170,,12711,3,0,5 6 7 8 2 7 10,1,130,,12707,3,0,5 6 7 8 2 7 10,1,170,,12712,3,0,5 6 7 8 2 7 10,1,130,,12708,3,0,5 6 7 8 2 7 10,1,170,,12709,3,0,5 6 7 8 2 7 10,1,130,,12713,3,0,5 6 7 8 2 7 10,1,170,,12714,3,0,5 6 7 8 2 7 10,1
