2500,'1',711,,11794,10,0,26 27 28,1,100,,12296,10,0,26 27 28,1,100,,12297,10,0,26 27 28,1,100,,12302,10,0,26 27 28,1,100,,12301,10,0,26 27 28,1,100,,12310,10,0,26 27 28,1,100,,12308,10,0,26 27 28,1,100,,12306,10,0,26 27 28,1,100,,12299,10,0,26 27 28,1,100,,12309,10,0,26 27 28,1,100,,12307,10,0,26 27 28,1,100,,12300,10,0,26 27 28,1,100,,12298,10,0,26 27 28,1,100,,12305,10,0,26 27 28,1,100,,12303,10,0,26 27 28,1,100,,12304,10,0,26 27 28,1
2500,'10',1011,,12318,10,0,26 27 28,1,100,,12311,10,0,26 27 28,1,100,,12314,10,0,26 27 28,1,100,,12312,10,0,26 27 28,1,100,,12315,10,0,26 27 28,1,100,,12316,10,0,26 27 28,1,100,,12317,10,0,26 27 28,1,100,,12313,10,0,26 27 28,1
2500,'11',1011,,12324,10,0,26 27 28,1,100,,12325,10,0,26 27 28,1,100,,12322,10,0,26 27 28,1,100,,12323,10,0,26 27 28,1,100,,12319,10,0,26 27 28,1,100,,12320,10,0,26 27 28,1,100,,12321,10,0,26 27 28,1,100,,12326,10,0,26 27 28,1
2500,'2',711,,12330,10,0,26 27 28,1,100,,12329,10,0,26 27 28,1,100,,12334,10,0,26 27 28,1,100,,12335,10,0,26 27 28,1,100,,12337,10,0,26 27 28,1,100,,12333,10,0,26 27 28,1,100,,12341,10,0,26 27 28,1,100,,12328,10,0,26 27 28,1,100,,12339,10,0,26 27 28,1,100,,12331,10,0,26 27 28,1,100,,12338,10,0,26 27 28,1,100,,12340,10,0,26 27 28,1,100,,12332,10,0,26 27 28,1,100,,12327,10,0,26 27 28,1,100,,12342,10,0,26 27 28,1,100,,12336,10,0,26 27 28,1
2500,'3',711,,12351,10,0,26 27 28,1,100,,12356,10,0,26 27 28,1,100,,12353,10,0,26 27 28,1,100,,12350,10,0,26 27 28,1,100,,12355,10,0,26 27 28,1,100,,12354,10,0,26 27 28,1,100,,12348,10,0,26 27 28,1,100,,12352,10,0,26 27 28,1,100,,12344,10,0,26 27 28,1,100,,12345,10,0,26 27 28,1,100,,12357,10,0,26 27 28,1,100,,12358,10,0,26 27 28,1,100,,12346,10,0,26 27 28,1,100,,12343,10,0,26 27 28,1,100,,12349,10,0,26 27 28,1,100,,12347,10,0,26 27 28,1
2500,'4',711,,12367,10,0,26 27 28,1,100,,12373,10,0,26 27 28,1,100,,12359,10,0,26 27 28,1,100,,12370,10,0,26 27 28,1,100,,12364,10,0,26 27 28,1,100,,12372,10,0,26 27 28,1,100,,12362,10,0,26 27 28,1,100,,12371,10,0,26 27 28,1,100,,11778,10,0,26 27 28,1,100,,12363,10,0,26 27 28,1,100,,12360,10,0,26 27 28,1,100,,12368,10,0,26 27 28,1,100,,12369,10,0,26 27 28,1,100,,12361,10,0,26 27 28,1,100,,12366,10,0,26 27 28,1,100,,12365,10,0,26 27 28,1
2500,'5',711,,12376,10,0,26 27 28,1,100,,12383,10,0,26 27 28,1,100,,12377,10,0,26 27 28,1,100,,12380,10,0,26 27 28,1,100,,12386,10,0,26 27 28,1,100,,12375,10,0,26 27 28,1,100,,12381,10,0,26 27 28,1,100,,12382,10,0,26 27 28,1,100,,12384,10,0,26 27 28,1,100,,12389,10,0,26 27 28,1,100,,12379,10,0,26 27 28,1,100,,12387,10,0,26 27 28,1,100,,12378,10,0,26 27 28,1,100,,12374,10,0,26 27 28,1,100,,12385,10,0,26 27 28,1,100,,12388,10,0,26 27 28,1
2500,'6',1011,,12391,10,0,26 27 28,1,100,,12397,10,0,26 27 28,1,100,,12395,10,0,26 27 28,1,100,,12394,10,0,26 27 28,1,100,,12396,10,0,26 27 28,1,100,,12390,10,0,26 27 28,1,100,,12393,10,0,26 27 28,1,100,,12392,10,0,26 27 28,1
2500,'7',711,,12412,10,0,26 27 28,1,100,,12400,10,0,26 27 28,1,100,,12402,10,0,26 27 28,1,100,,12408,10,0,26 27 28,1,100,,12413,10,0,26 27 28,1,100,,12409,10,0,26 27 28,1,100,,12404,10,0,26 27 28,1,100,,12401,10,0,26 27 28,1,100,,12410,10,0,26 27 28,1,100,,12398,10,0,26 27 28,1,100,,12399,10,0,26 27 28,1,100,,12407,10,0,26 27 28,1,100,,12405,10,0,26 27 28,1,100,,12406,10,0,26 27 28,1,100,,12403,10,0,26 27 28,1,100,,12411,10,0,26 27 28,1
2500,'8',711,,12417,10,0,26 27 28,1,100,,12424,10,0,26 27 28,1,100,,12414,10,0,26 27 28,1,100,,12423,10,0,26 27 28,1,100,,12422,10,0,26 27 28,1,100,,12426,10,0,26 27 28,1,100,,12420,10,0,26 27 28,1,100,,12416,10,0,26 27 28,1,100,,12428,10,0,26 27 28,1,100,,12419,10,0,26 27 28,1,100,,12421,10,0,26 27 28,1,100,,12425,10,0,26 27 28,1,100,,12415,10,0,26 27 28,1,100,,12427,10,0,26 27 28,1,100,,12429,10,0,26 27 28,1,100,,12418,10,0,26 27 28,1
2500,'9',711,,12438,10,0,26 27 28,1,100,,12433,10,0,26 27 28,1,100,,12432,10,0,26 27 28,1,100,,12440,10,0,26 27 28,1,100,,12445,10,0,26 27 28,1,100,,12430,10,0,26 27 28,1,100,,12431,10,0,26 27 28,1,100,,12441,10,0,26 27 28,1,100,,12434,10,0,26 27 28,1,100,,12442,10,0,26 27 28,1,100,,12439,10,0,26 27 28,1,100,,12437,10,0,26 27 28,1,100,,12436,10,0,26 27 28,1,100,,12435,10,0,26 27 28,1,100,,12443,10,0,26 27 28,1,100,,12444,10,0,26 27 28,1
