2500,'1',720,,11794,15,0,26 27 28,1,100,,12296,15,0,26 27 28,1,100,,12297,15,0,26 27 28,1,100,,12302,15,0,26 27 28,1,100,,12301,15,0,26 27 28,1,100,,12310,15,0,26 27 28,1,100,,12308,15,0,26 27 28,1,100,,12306,15,0,26 27 28,1,100,,12299,15,0,26 27 28,1,100,,12309,15,0,26 27 28,1,100,,12307,15,0,26 27 28,1,100,,12300,15,0,26 27 28,1,100,,12298,15,0,26 27 28,1,100,,12305,15,0,26 27 28,1,100,,12303,15,0,26 27 28,1,100,,12304,15,0,26 27 28,1
2500,'10',1020,,12318,15,0,26 27 28,1,100,,12311,15,0,26 27 28,1,100,,12314,15,0,26 27 28,1,100,,12312,15,0,26 27 28,1,100,,12315,15,0,26 27 28,1,100,,12316,15,0,26 27 28,1,100,,12317,15,0,26 27 28,1,100,,12313,15,0,26 27 28,1
2500,'11',1020,,12324,15,0,26 27 28,1,100,,12325,15,0,26 27 28,1,100,,12322,15,0,26 27 28,1,100,,12323,15,0,26 27 28,1,100,,12319,15,0,26 27 28,1,100,,12320,15,0,26 27 28,1,100,,12321,15,0,26 27 28,1,100,,12326,15,0,26 27 28,1
2500,'2',720,,12330,15,0,26 27 28,1,100,,12329,15,0,26 27 28,1,100,,12334,15,0,26 27 28,1,100,,12335,15,0,26 27 28,1,100,,12337,15,0,26 27 28,1,100,,12333,15,0,26 27 28,1,100,,12341,15,0,26 27 28,1,100,,12328,15,0,26 27 28,1,100,,12339,15,0,26 27 28,1,100,,12331,15,0,26 27 28,1,100,,12338,15,0,26 27 28,1,100,,12340,15,0,26 27 28,1,100,,12332,15,0,26 27 28,1,100,,12327,15,0,26 27 28,1,100,,12342,15,0,26 27 28,1,100,,12336,15,0,26 27 28,1
2500,'3',720,,12351,15,0,26 27 28,1,100,,12356,15,0,26 27 28,1,100,,12353,15,0,26 27 28,1,100,,12350,15,0,26 27 28,1,100,,12355,15,0,26 27 28,1,100,,12354,15,0,26 27 28,1,100,,12348,15,0,26 27 28,1,100,,12352,15,0,26 27 28,1,100,,12344,15,0,26 27 28,1,100,,12345,15,0,26 27 28,1,100,,12357,15,0,26 27 28,1,100,,12358,15,0,26 27 28,1,100,,12346,15,0,26 27 28,1,100,,12343,15,0,26 27 28,1,100,,12349,15,0,26 27 28,1,100,,12347,15,0,26 27 28,1
2500,'4',720,,12367,15,0,26 27 28,1,100,,12373,15,0,26 27 28,1,100,,12359,15,0,26 27 28,1,100,,12370,15,0,26 27 28,1,100,,12364,15,0,26 27 28,1,100,,12372,15,0,26 27 28,1,100,,12362,15,0,26 27 28,1,100,,12371,15,0,26 27 28,1,100,,11778,15,0,26 27 28,1,100,,12363,15,0,26 27 28,1,100,,12360,15,0,26 27 28,1,100,,12368,15,0,26 27 28,1,100,,12369,15,0,26 27 28,1,100,,12361,15,0,26 27 28,1,100,,12366,15,0,26 27 28,1,100,,12365,15,0,26 27 28,1
2500,'5',720,,12376,15,0,26 27 28,1,100,,12383,15,0,26 27 28,1,100,,12377,15,0,26 27 28,1,100,,12380,15,0,26 27 28,1,100,,12386,15,0,26 27 28,1,100,,12375,15,0,26 27 28,1,100,,12381,15,0,26 27 28,1,100,,12382,15,0,26 27 28,1,100,,12384,15,0,26 27 28,1,100,,12389,15,0,26 27 28,1,100,,12379,15,0,26 27 28,1,100,,12387,15,0,26 27 28,1,100,,12378,15,0,26 27 28,1,100,,12374,15,0,26 27 28,1,100,,12385,15,0,26 27 28,1,100,,12388,15,0,26 27 28,1
2500,'6',1020,,12391,15,0,26 27 28,1,100,,12397,15,0,26 27 28,1,100,,12395,15,0,26 27 28,1,100,,12394,15,0,26 27 28,1,100,,12396,15,0,26 27 28,1,100,,12390,15,0,26 27 28,1,100,,12393,15,0,26 27 28,1,100,,12392,15,0,26 27 28,1
2500,'7',720,,12412,15,0,26 27 28,1,100,,12400,15,0,26 27 28,1,100,,12402,15,0,26 27 28,1,100,,12408,15,0,26 27 28,1,100,,12413,15,0,26 27 28,1,100,,12409,15,0,26 27 28,1,100,,12404,15,0,26 27 28,1,100,,12401,15,0,26 27 28,1,100,,12410,15,0,26 27 28,1,100,,12398,15,0,26 27 28,1,100,,12399,15,0,26 27 28,1,100,,12407,15,0,26 27 28,1,100,,12405,15,0,26 27 28,1,100,,12406,15,0,26 27 28,1,100,,12403,15,0,26 27 28,1,100,,12411,15,0,26 27 28,1
2500,'8',720,,12417,15,0,26 27 28,1,100,,12424,15,0,26 27 28,1,100,,12414,15,0,26 27 28,1,100,,12423,15,0,26 27 28,1,100,,12422,15,0,26 27 28,1,100,,12426,15,0,26 27 28,1,100,,12420,15,0,26 27 28,1,100,,12416,15,0,26 27 28,1,100,,12428,15,0,26 27 28,1,100,,12419,15,0,26 27 28,1,100,,12421,15,0,26 27 28,1,100,,12425,15,0,26 27 28,1,100,,12415,15,0,26 27 28,1,100,,12427,15,0,26 27 28,1,100,,12429,15,0,26 27 28,1,100,,12418,15,0,26 27 28,1
2500,'9',720,,12438,15,0,26 27 28,1,100,,12433,15,0,26 27 28,1,100,,12432,15,0,26 27 28,1,100,,12440,15,0,26 27 28,1,100,,12445,15,0,26 27 28,1,100,,12430,15,0,26 27 28,1,100,,12431,15,0,26 27 28,1,100,,12441,15,0,26 27 28,1,100,,12434,15,0,26 27 28,1,100,,12442,15,0,26 27 28,1,100,,12439,15,0,26 27 28,1,100,,12437,15,0,26 27 28,1,100,,12436,15,0,26 27 28,1,100,,12435,15,0,26 27 28,1,100,,12443,15,0,26 27 28,1,100,,12444,15,0,26 27 28,1
