5501,'1',737,,14310,9,0,20 21 5 12,1,100,,14307,9,0,20 21 5 12,1,100,,14303,9,0,20 21 5 12,1,100,,14301,9,0,20 21 5 12,1,100,,14299,9,0,20 21 5 12,1,100,,14308,9,0,20 21 5 12,1,100,,14298,9,0,20 21 5 12,1,100,,14305,9,0,20 21 5 12,1,100,,14311,9,0,20 21 5 12,1,100,,14306,9,0,20 21 5 12,1,100,,14312,9,0,20 21 5 12,1,100,,14300,9,0,20 21 5 12,1,100,,14309,9,0,20 21 5 12,1,100,,14302,9,0,20 21 5 12,1,100,,14297,9,0,20 21 5 12,1,100,,14304,9,0,20 21 5 12,1
5501,'10',1037,,14317,9,0,20 21 5 12,1,100,,14316,9,0,20 21 5 12,1,100,,14313,9,0,20 21 5 12,1,100,,14319,9,0,20 21 5 12,1,100,,14320,9,0,20 21 5 12,1,100,,14315,9,0,20 21 5 12,1,100,,14318,9,0,20 21 5 12,1,100,,14314,9,0,20 21 5 12,1
5501,'11',1037,,14327,9,0,20 21 5 12,1,100,,14321,9,0,20 21 5 12,1,100,,14323,9,0,20 21 5 12,1,100,,14326,9,0,20 21 5 12,1,100,,14325,9,0,20 21 5 12,1,100,,14322,9,0,20 21 5 12,1,100,,14324,9,0,20 21 5 12,1,100,,14328,9,0,20 21 5 12,1
5501,'2',734,,14332,8,0,11 2 5 12,1,100,,14336,8,0,11 2 5 12,1,100,,14342,8,0,11 2 5 12,1,100,,14331,8,0,11 2 5 12,1,100,,14339,8,0,11 2 5 12,1,100,,14334,8,0,11 2 5 12,1,100,,14338,8,0,11 2 5 12,1,100,,14344,8,0,11 2 5 12,1,100,,14329,8,0,11 2 5 12,1,100,,14337,8,0,11 2 5 12,1,103,,14335,9,0,20 21 5 12,1,100,,14340,9,0,20 21 5 12,1,100,,14343,9,0,20 21 5 12,1,100,,14341,9,0,20 21 5 12,1,100,,14333,9,0,20 21 5 12,1,100,,14330,9,0,20 21 5 12,1
5501,'3',734,,14347,8,0,11 2 5 12,1,100,,14352,8,0,11 2 5 12,1,100,,14345,8,0,11 2 5 12,1,100,,14349,8,0,11 2 5 12,1,100,,14356,8,0,11 2 5 12,1,100,,14358,8,0,11 2 5 12,1,100,,14346,8,0,11 2 5 12,1,100,,14351,8,0,11 2 5 12,1,100,,14350,8,0,11 2 5 12,1,100,,14359,8,0,11 2 5 12,1,103,,14355,9,0,20 21 5 12,1,100,,14348,9,0,20 21 5 12,1,100,,14354,9,0,20 21 5 12,1,100,,14357,9,0,20 21 5 12,1,100,,14353,9,0,20 21 5 12,1,100,,14360,9,0,20 21 5 12,1
5501,'4',734,,14372,8,0,11 2 5 12,1,100,,14375,8,0,11 2 5 12,1,100,,14367,8,0,11 2 5 12,1,100,,14363,8,0,11 2 5 12,1,100,,14371,8,0,11 2 5 12,1,100,,14361,8,0,11 2 5 12,1,100,,14369,8,0,11 2 5 12,1,100,,14373,8,0,11 2 5 12,1,100,,14365,8,0,11 2 5 12,1,100,,14374,8,0,11 2 5 12,1,103,,14364,9,0,20 21 5 12,1,100,,14370,9,0,20 21 5 12,1,100,,14366,9,0,20 21 5 12,1,100,,14362,9,0,20 21 5 12,1,100,,14376,9,0,20 21 5 12,1,100,,14368,9,0,20 21 5 12,1
5501,'5',737,,14391,9,0,20 21 5 12,1,100,,14390,9,0,20 21 5 12,1,100,,14389,9,0,20 21 5 12,1,100,,14386,9,0,20 21 5 12,1,100,,14382,9,0,20 21 5 12,1,100,,14384,9,0,20 21 5 12,1,100,,14381,9,0,20 21 5 12,1,100,,14385,9,0,20 21 5 12,1,100,,14380,9,0,20 21 5 12,1,100,,14392,9,0,20 21 5 12,1,100,,14377,9,0,20 21 5 12,1,100,,14379,9,0,20 21 5 12,1,100,,14388,9,0,20 21 5 12,1,100,,14378,9,0,20 21 5 12,1,100,,14383,9,0,20 21 5 12,1,100,,14387,9,0,20 21 5 12,1
5501,'6',1037,,14395,9,0,20 21 5 12,1,100,,14398,9,0,20 21 5 12,1,100,,14397,9,0,20 21 5 12,1,100,,14394,9,0,20 21 5 12,1,100,,14400,9,0,20 21 5 12,1,100,,14399,9,0,20 21 5 12,1,100,,14396,9,0,20 21 5 12,1,100,,14393,9,0,20 21 5 12,1
5501,'7',734,,14407,8,0,11 2 5 12,1,100,,14416,8,0,11 2 5 12,1,100,,14401,8,0,11 2 5 12,1,100,,14410,8,0,11 2 5 12,1,100,,14414,8,0,11 2 5 12,1,100,,14403,8,0,11 2 5 12,1,100,,14412,8,0,11 2 5 12,1,100,,14408,8,0,11 2 5 12,1,100,,14405,8,0,11 2 5 12,1,100,,14415,8,0,11 2 5 12,1,103,,14411,9,0,20 21 5 12,1,100,,14413,9,0,20 21 5 12,1,100,,14409,9,0,20 21 5 12,1,100,,14402,9,0,20 21 5 12,1,100,,14406,9,0,20 21 5 12,1,100,,14404,9,0,20 21 5 12,1
5501,'8',734,,14431,8,0,11 2 5 12,1,100,,14425,8,0,11 2 5 12,1,100,,14417,8,0,11 2 5 12,1,100,,14427,8,0,11 2 5 12,1,100,,14423,8,0,11 2 5 12,1,100,,14419,8,0,11 2 5 12,1,100,,14418,8,0,11 2 5 12,1,100,,14428,8,0,11 2 5 12,1,100,,14422,8,0,11 2 5 12,1,100,,14429,8,0,11 2 5 12,1,103,,14430,9,0,20 21 5 12,1,100,,14426,9,0,20 21 5 12,1,100,,14420,9,0,20 21 5 12,1,100,,14421,9,0,20 21 5 12,1,100,,14424,9,0,20 21 5 12,1,100,,14432,9,0,20 21 5 12,1
5501,'9',734,,14435,8,0,11 2 5 12,1,100,,14439,8,0,11 2 5 12,1,100,,14437,8,0,11 2 5 12,1,100,,14442,8,0,11 2 5 12,1,100,,14446,8,0,11 2 5 12,1,100,,14447,8,0,11 2 5 12,1,100,,14443,8,0,11 2 5 12,1,100,,14440,8,0,11 2 5 12,1,100,,14444,8,0,11 2 5 12,1,100,,14445,8,0,11 2 5 12,1,103,,14434,9,0,20 21 5 12,1,100,,14448,9,0,20 21 5 12,1,100,,14433,9,0,20 21 5 12,1,100,,14441,9,0,20 21 5 12,1,100,,14438,9,0,20 21 5 12,1,100,,14436,9,0,20 21 5 12,1
