4001,'1',724,,12731,4,0,20 21 29 24,1,100,,12717,4,0,20 21 29 24,1,100,,12728,4,0,20 21 29 24,1,100,,12720,4,0,20 21 29 24,1,100,,12723,4,0,20 21 29 24,1,100,,12729,4,0,20 21 29 24,1,100,,12721,4,0,20 21 29 24,1,100,,12722,4,0,20 21 29 24,1,100,,12724,4,0,20 21 29 24,1,100,,12725,4,0,20 21 29 24,1,100,,12727,4,0,20 21 29 24,1,100,,12718,4,0,20 21 29 24,1,100,,12730,4,0,20 21 29 24,1,100,,12726,4,0,20 21 29 24,1,100,,12732,4,0,20 21 29 24,1,100,,12719,4,0,20 21 29 24,1
4001,'10',1024,,12735,4,0,20 21 29 24,1,100,,12739,4,0,20 21 29 24,1,100,,12734,4,0,20 21 29 24,1,100,,12740,4,0,20 21 29 24,1,100,,12736,4,0,20 21 29 24,1,100,,12738,4,0,20 21 29 24,1,100,,12733,4,0,20 21 29 24,1,100,,12737,4,0,20 21 29 24,1
4001,'11',1024,,12747,4,0,20 21 29 24,1,100,,12744,4,0,20 21 29 24,1,100,,12748,4,0,20 21 29 24,1,100,,12746,4,0,20 21 29 24,1,100,,12743,4,0,20 21 29 24,1,100,,12745,4,0,20 21 29 24,1,100,,12741,4,0,20 21 29 24,1,100,,12742,4,0,20 21 29 24,1
4001,'2',726,,12845,4,0,11 2 23 24,1,100,,12813,4,0,11 2 23 24,1,100,,12836,4,0,11 2 23 24,1,100,,12755,4,0,11 2 23 24,1,100,,12784,4,0,11 2 23 24,1,100,,12763,4,0,11 2 23 24,1,100,,12780,4,0,11 2 23 24,1,100,,12852,4,0,11 2 23 24,1,100,,12787,4,0,11 2 23 24,1,100,,12773,4,0,11 2 23 24,1,96,,12806,4,0,20 21 29 24,1,100,,12749,4,0,20 21 29 24,1,104,,12797,4,0,20 21 29 24,1,100,,12826,4,0,20 21 29 24,1,100,,12812,4,0,20 21 29 24,1,100,,12751,4,0,20 21 29 24,1
4001,'3',726,,12865,4,0,11 2 23 24,1,100,,12876,4,0,11 2 23 24,1,100,,12957,4,0,11 2 23 24,1,100,,12859,4,0,11 2 23 24,1,100,,12878,4,0,11 2 23 24,1,100,,12907,4,0,11 2 23 24,1,100,,12952,4,0,11 2 23 24,1,100,,12894,4,0,11 2 23 24,1,100,,12911,4,0,11 2 23 24,1,100,,12939,4,0,11 2 23 24,1,96,,12890,4,0,20 21 29 24,1,100,,12888,4,0,20 21 29 24,1,104,,12931,4,0,20 21 29 24,1,100,,12896,4,0,20 21 29 24,1,100,,12930,4,0,20 21 29 24,1,100,,12892,4,0,20 21 29 24,1
4001,'4',726,,12986,4,0,11 2 23 24,1,100,,12995,4,0,11 2 23 24,1,100,,13017,4,0,11 2 23 24,1,100,,13064,4,0,11 2 23 24,1,100,,13075,4,0,11 2 23 24,1,100,,13046,4,0,11 2 23 24,1,100,,13036,4,0,11 2 23 24,1,100,,13013,4,0,11 2 23 24,1,100,,12987,4,0,11 2 23 24,1,100,,13005,4,0,11 2 23 24,1,96,,13055,4,0,20 21 29 24,1,100,,12991,4,0,20 21 29 24,1,104,,13063,4,0,20 21 29 24,1,100,,12982,4,0,20 21 29 24,1,100,,12969,4,0,20 21 29 24,1,100,,13049,4,0,20 21 29 24,1
4001,'5',724,,13085,4,0,20 21 29 24,1,100,,13079,4,0,20 21 29 24,1,100,,13086,4,0,20 21 29 24,1,100,,13084,4,0,20 21 29 24,1,100,,13091,4,0,20 21 29 24,1,100,,13077,4,0,20 21 29 24,1,100,,13082,4,0,20 21 29 24,1,100,,13080,4,0,20 21 29 24,1,100,,13088,4,0,20 21 29 24,1,100,,13087,4,0,20 21 29 24,1,100,,13090,4,0,20 21 29 24,1,100,,13089,4,0,20 21 29 24,1,100,,13081,4,0,20 21 29 24,1,100,,13078,4,0,20 21 29 24,1,100,,13083,4,0,20 21 29 24,1,100,,13092,4,0,20 21 29 24,1
4001,'6',1024,,13097,4,0,20 21 29 24,1,100,,13098,4,0,20 21 29 24,1,100,,13096,4,0,20 21 29 24,1,100,,13099,4,0,20 21 29 24,1,100,,13093,4,0,20 21 29 24,1,100,,13095,4,0,20 21 29 24,1,100,,13100,4,0,20 21 29 24,1,100,,13094,4,0,20 21 29 24,1
4001,'7',726,,13205,4,0,11 2 23 24,1,100,,13132,4,0,11 2 23 24,1,100,,13141,4,0,11 2 23 24,1,100,,13194,4,0,11 2 23 24,1,100,,13113,4,0,11 2 23 24,1,100,,13148,4,0,11 2 23 24,1,100,,13128,4,0,11 2 23 24,1,100,,13161,4,0,11 2 23 24,1,100,,13178,4,0,11 2 23 24,1,100,,13173,4,0,11 2 23 24,1,96,,13125,4,0,20 21 29 24,1,100,,13163,4,0,20 21 29 24,1,104,,13131,4,0,20 21 29 24,1,100,,13142,4,0,20 21 29 24,1,100,,13164,4,0,20 21 29 24,1,100,,13182,4,0,20 21 29 24,1
4001,'8',726,,13252,4,0,11 2 23 24,1,100,,13241,4,0,11 2 23 24,1,100,,13317,4,0,11 2 23 24,1,100,,13259,4,0,11 2 23 24,1,100,,13314,4,0,11 2 23 24,1,100,,13249,4,0,11 2 23 24,1,100,,13244,4,0,11 2 23 24,1,100,,13286,4,0,11 2 23 24,1,100,,13243,4,0,11 2 23 24,1,100,,13231,4,0,11 2 23 24,1,96,,13214,4,0,20 21 29 24,1,100,,13229,4,0,20 21 29 24,1,104,,13222,4,0,20 21 29 24,1,100,,13285,4,0,20 21 29 24,1,100,,13279,4,0,20 21 29 24,1,100,,13255,4,0,20 21 29 24,1
4001,'9',726,,13383,4,0,11 2 23 24,1,100,,13413,4,0,11 2 23 24,1,100,,13326,4,0,11 2 23 24,1,100,,13378,4,0,11 2 23 24,1,100,,13333,4,0,11 2 23 24,1,100,,13405,4,0,11 2 23 24,1,100,,13411,4,0,11 2 23 24,1,100,,13348,4,0,11 2 23 24,1,100,,13349,4,0,11 2 23 24,1,100,,13369,4,0,11 2 23 24,1,96,,13331,4,0,20 21 29 24,1,100,,13389,4,0,20 21 29 24,1,104,,13351,4,0,20 21 29 24,1,100,,13361,4,0,20 21 29 24,1,100,,13409,4,0,20 21 29 24,1,100,,13414,4,0,20 21 29 24,1
4501,'1',726,,13443,4,0,20 21 30 12,1,100,,13436,4,0,20 21 30 12,1,100,,13440,4,0,20 21 30 12,1,100,,13431,4,0,20 21 30 12,1,100,,13434,4,0,20 21 30 12,1,100,,13432,4,0,20 21 30 12,1,100,,13442,4,0,20 21 30 12,1,100,,13441,4,0,20 21 30 12,1,100,,13438,4,0,20 21 30 12,1,100,,13445,4,0,20 21 30 12,1,100,,13435,4,0,20 21 30 12,1,100,,13433,4,0,20 21 30 12,1,100,,13437,4,0,20 21 30 12,1,100,,13444,4,0,20 21 30 12,1,100,,13446,4,0,20 21 30 12,1,100,,13439,4,0,20 21 30 12,1
4501,'10',1026,,13450,4,0,20 21 30 12,1,100,,13452,4,0,20 21 30 12,1,100,,13447,4,0,20 21 30 12,1,100,,13449,4,0,20 21 30 12,1,100,,13448,4,0,20 21 30 12,1,100,,13451,4,0,20 21 30 12,1,100,,13454,4,0,20 21 30 12,1,100,,13453,4,0,20 21 30 12,1
4501,'11',1026,,13455,4,0,20 21 30 12,1,100,,13460,4,0,20 21 30 12,1,100,,13456,4,0,20 21 30 12,1,100,,13461,4,0,20 21 30 12,1,100,,13462,4,0,20 21 30 12,1,100,,13458,4,0,20 21 30 12,1,100,,13459,4,0,20 21 30 12,1,100,,13457,4,0,20 21 30 12,1
4501,'2',726,,13528,2,0,11 2 5 12,1,100,,13475,2,0,11 2 5 12,1,100,,13501,2,0,11 2 5 12,1,100,,13564,2,0,11 2 5 12,1,100,,13472,2,0,11 2 5 12,1,100,,13539,2,0,11 2 5 12,1,100,,13542,2,0,11 2 5 12,1,100,,13513,2,0,11 2 5 12,1,100,,13527,2,0,11 2 5 12,1,97,,13550,4,0,20 21 30 12,1,100,,13552,4,0,20 21 30 12,1,100,,13568,4,0,20 21 30 12,1,103,,13511,4,0,20 21 30 12,1,100,,13544,4,0,20 21 30 12,1,100,,13507,4,0,20 21 30 12,1,100,,13516,4,0,20 21 30 12,1
4501,'3',726,,13628,2,0,11 2 5 12,1,100,,13580,2,0,11 2 5 12,1,100,,13584,2,0,11 2 5 12,1,100,,13647,2,0,11 2 5 12,1,100,,13597,2,0,11 2 5 12,1,100,,13632,2,0,11 2 5 12,1,100,,13629,2,0,11 2 5 12,1,100,,13586,2,0,11 2 5 12,1,100,,13640,2,0,11 2 5 12,1,97,,13672,4,0,20 21 30 12,1,100,,13582,4,0,20 21 30 12,1,100,,13592,4,0,20 21 30 12,1,103,,13593,4,0,20 21 30 12,1,100,,13583,4,0,20 21 30 12,1,100,,13667,4,0,20 21 30 12,1,100,,13660,4,0,20 21 30 12,1
4501,'4',726,,13696,2,0,11 2 5 12,1,100,,13770,2,0,11 2 5 12,1,100,,13760,2,0,11 2 5 12,1,100,,13726,2,0,11 2 5 12,1,100,,13702,2,0,11 2 5 12,1,100,,13720,2,0,11 2 5 12,1,100,,13769,2,0,11 2 5 12,1,100,,13723,2,0,11 2 5 12,1,100,,13722,2,0,11 2 5 12,1,97,,13754,4,0,20 21 30 12,1,100,,13731,4,0,20 21 30 12,1,100,,13694,4,0,20 21 30 12,1,103,,13699,4,0,20 21 30 12,1,100,,13782,4,0,20 21 30 12,1,100,,13785,4,0,20 21 30 12,1,100,,13751,4,0,20 21 30 12,1
4501,'5',726,,13798,4,0,20 21 30 12,1,100,,13802,4,0,20 21 30 12,1,100,,13794,4,0,20 21 30 12,1,100,,13806,4,0,20 21 30 12,1,100,,13796,4,0,20 21 30 12,1,100,,13807,4,0,20 21 30 12,1,100,,13805,4,0,20 21 30 12,1,100,,13799,4,0,20 21 30 12,1,100,,13801,4,0,20 21 30 12,1,100,,13795,4,0,20 21 30 12,1,100,,13797,4,0,20 21 30 12,1,100,,13792,4,0,20 21 30 12,1,100,,13800,4,0,20 21 30 12,1,100,,13793,4,0,20 21 30 12,1,100,,13804,4,0,20 21 30 12,1,100,,13803,4,0,20 21 30 12,1
4501,'6',1026,,13809,4,0,20 21 30 12,1,100,,13813,4,0,20 21 30 12,1,100,,13814,4,0,20 21 30 12,1,100,,13812,4,0,20 21 30 12,1,100,,13808,4,0,20 21 30 12,1,100,,13811,4,0,20 21 30 12,1,100,,13815,4,0,20 21 30 12,1,100,,13810,4,0,20 21 30 12,1
4501,'7',726,,13881,2,0,11 2 5 12,1,100,,13846,2,0,11 2 5 12,1,100,,13853,2,0,11 2 5 12,1,100,,13821,2,0,11 2 5 12,1,100,,13839,2,0,11 2 5 12,1,100,,13887,2,0,11 2 5 12,1,100,,13861,2,0,11 2 5 12,1,100,,13899,2,0,11 2 5 12,1,100,,13837,2,0,11 2 5 12,1,97,,13866,4,0,20 21 30 12,1,100,,13908,4,0,20 21 30 12,1,100,,13872,4,0,20 21 30 12,1,103,,13816,4,0,20 21 30 12,1,100,,13870,4,0,20 21 30 12,1,100,,13884,4,0,20 21 30 12,1,100,,13874,4,0,20 21 30 12,1
4501,'8',726,,13989,2,0,11 2 5 12,1,100,,13976,2,0,11 2 5 12,1,100,,13942,2,0,11 2 5 12,1,100,,14016,2,0,11 2 5 12,1,100,,13963,2,0,11 2 5 12,1,100,,13939,2,0,11 2 5 12,1,100,,14009,2,0,11 2 5 12,1,100,,13980,2,0,11 2 5 12,1,100,,13953,2,0,11 2 5 12,1,97,,13948,4,0,20 21 30 12,1,100,,14023,4,0,20 21 30 12,1,100,,13958,4,0,20 21 30 12,1,103,,13983,4,0,20 21 30 12,1,100,,13996,4,0,20 21 30 12,1,100,,13960,4,0,20 21 30 12,1,100,,13951,4,0,20 21 30 12,1
4501,'9',726,,14051,2,0,11 2 5 12,1,100,,14136,2,0,11 2 5 12,1,100,,14140,2,0,11 2 5 12,1,100,,14145,2,0,11 2 5 12,1,100,,14042,2,0,11 2 5 12,1,100,,14103,2,0,11 2 5 12,1,100,,14067,2,0,11 2 5 12,1,100,,14138,2,0,11 2 5 12,1,100,,14069,2,0,11 2 5 12,1,97,,14082,4,0,20 21 30 12,1,100,,14100,4,0,20 21 30 12,1,100,,14141,4,0,20 21 30 12,1,103,,14126,4,0,20 21 30 12,1,100,,14084,4,0,20 21 30 12,1,100,,14128,4,0,20 21 30 12,1,100,,14108,4,0,20 21 30 12,1
