5001,'1',734,,14153,10,0,20 21 23 24,1,100,,14157,10,0,20 21 23 24,1,100,,14156,10,0,20 21 23 24,1,100,,14148,10,0,20 21 23 24,1,100,,14152,10,0,20 21 23 24,1,100,,14150,10,0,20 21 23 24,1,100,,14158,10,0,20 21 23 24,1,100,,14146,10,0,20 21 23 24,1,100,,14159,10,0,20 21 23 24,1,100,,14160,10,0,20 21 23 24,1,100,,14149,10,0,20 21 23 24,1,100,,14151,10,0,20 21 23 24,1,100,,14147,10,0,20 21 23 24,1,100,,11661,10,0,20 21 23 24,1,100,,14154,10,0,20 21 23 24,1,100,,14155,10,0,20 21 23 24,1
5001,'10',1034,,14167,10,0,20 21 23 24,1,100,,14168,10,0,20 21 23 24,1,100,,14165,10,0,20 21 23 24,1,100,,14163,10,0,20 21 23 24,1,100,,14161,10,0,20 21 23 24,1,100,,14162,10,0,20 21 23 24,1,100,,14166,10,0,20 21 23 24,1,100,,14164,10,0,20 21 23 24,1
5001,'11',1034,,14170,10,0,20 21 23 24,1,100,,14175,10,0,20 21 23 24,1,100,,14173,10,0,20 21 23 24,1,100,,14176,10,0,20 21 23 24,1,100,,14169,10,0,20 21 23 24,1,100,,14172,10,0,20 21 23 24,1,100,,14174,10,0,20 21 23 24,1,100,,14171,10,0,20 21 23 24,1
5001,'2',735,,14191,10,0,11 2 23 24,1,100,,14181,10,0,11 2 23 24,1,100,,14177,10,0,11 2 23 24,1,100,,14188,10,0,11 2 23 24,1,100,,14178,10,0,11 2 23 24,1,100,,14184,10,0,11 2 23 24,1,100,,14192,10,0,11 2 23 24,1,100,,14186,10,0,11 2 23 24,1,100,,14189,10,0,11 2 23 24,1,100,,14187,10,0,11 2 23 24,1,99,,14190,10,0,20 21 23 24,1,100,,14179,10,0,20 21 23 24,1,100,,14185,10,0,20 21 23 24,1,100,,14183,10,0,20 21 23 24,1,100,,14182,10,0,20 21 23 24,1,100,,14180,10,0,20 21 23 24,1
5001,'3',735,,14204,10,0,11 2 23 24,1,100,,14196,10,0,11 2 23 24,1,100,,14208,10,0,11 2 23 24,1,100,,14205,10,0,11 2 23 24,1,100,,14200,10,0,11 2 23 24,1,100,,14201,10,0,11 2 23 24,1,100,,14206,10,0,11 2 23 24,1,100,,14197,10,0,11 2 23 24,1,100,,14194,10,0,11 2 23 24,1,100,,14202,10,0,11 2 23 24,1,99,,14198,10,0,20 21 23 24,1,100,,14193,10,0,20 21 23 24,1,100,,14203,10,0,20 21 23 24,1,100,,14199,10,0,20 21 23 24,1,100,,14195,10,0,20 21 23 24,1,100,,14207,10,0,20 21 23 24,1
5001,'4',735,,14212,10,0,11 2 23 24,1,100,,14223,10,0,11 2 23 24,1,100,,14219,10,0,11 2 23 24,1,100,,14217,10,0,11 2 23 24,1,100,,14222,10,0,11 2 23 24,1,100,,14221,10,0,11 2 23 24,1,100,,14209,10,0,11 2 23 24,1,100,,14224,10,0,11 2 23 24,1,100,,14210,10,0,11 2 23 24,1,100,,14211,10,0,11 2 23 24,1,99,,14213,10,0,20 21 23 24,1,100,,14218,10,0,20 21 23 24,1,100,,14220,10,0,20 21 23 24,1,100,,14214,10,0,20 21 23 24,1,100,,14216,10,0,20 21 23 24,1,100,,14215,10,0,20 21 23 24,1
5001,'5',734,,14237,10,0,20 21 23 24,1,100,,14233,10,0,20 21 23 24,1,100,,14229,10,0,20 21 23 24,1,100,,14225,10,0,20 21 23 24,1,100,,14230,10,0,20 21 23 24,1,100,,14239,10,0,20 21 23 24,1,100,,14231,10,0,20 21 23 24,1,100,,14235,10,0,20 21 23 24,1,100,,14232,10,0,20 21 23 24,1,100,,14240,10,0,20 21 23 24,1,100,,14228,10,0,20 21 23 24,1,100,,14227,10,0,20 21 23 24,1,100,,14226,10,0,20 21 23 24,1,100,,14238,10,0,20 21 23 24,1,100,,14234,10,0,20 21 23 24,1,100,,14236,10,0,20 21 23 24,1
5001,'6',1034,,14248,10,0,20 21 23 24,1,100,,14242,10,0,20 21 23 24,1,100,,14243,10,0,20 21 23 24,1,100,,14241,10,0,20 21 23 24,1,100,,14244,10,0,20 21 23 24,1,100,,14246,10,0,20 21 23 24,1,100,,14247,10,0,20 21 23 24,1,100,,14245,10,0,20 21 23 24,1
5001,'7',735,,14258,10,0,11 2 23 24,1,100,,14256,10,0,11 2 23 24,1,100,,14257,10,0,11 2 23 24,1,100,,14264,10,0,11 2 23 24,1,100,,14251,10,0,11 2 23 24,1,100,,14262,10,0,11 2 23 24,1,100,,14249,10,0,11 2 23 24,1,100,,14255,10,0,11 2 23 24,1,100,,14261,10,0,11 2 23 24,1,100,,14254,10,0,11 2 23 24,1,99,,14260,10,0,20 21 23 24,1,100,,14253,10,0,20 21 23 24,1,100,,14263,10,0,20 21 23 24,1,100,,14250,10,0,20 21 23 24,1,100,,14259,10,0,20 21 23 24,1,100,,14252,10,0,20 21 23 24,1
5001,'8',735,,14270,10,0,11 2 23 24,1,100,,14271,10,0,11 2 23 24,1,100,,14278,10,0,11 2 23 24,1,100,,14269,10,0,11 2 23 24,1,100,,14267,10,0,11 2 23 24,1,100,,14273,10,0,11 2 23 24,1,100,,14275,10,0,11 2 23 24,1,100,,14276,10,0,11 2 23 24,1,100,,14277,10,0,11 2 23 24,1,100,,14265,10,0,11 2 23 24,1,99,,14272,10,0,20 21 23 24,1,100,,14280,10,0,20 21 23 24,1,100,,14268,10,0,20 21 23 24,1,100,,14279,10,0,20 21 23 24,1,100,,14274,10,0,20 21 23 24,1,100,,14266,10,0,20 21 23 24,1
5001,'9',735,,14282,10,0,11 2 23 24,1,100,,14289,10,0,11 2 23 24,1,100,,14286,10,0,11 2 23 24,1,100,,14281,10,0,11 2 23 24,1,100,,14294,10,0,11 2 23 24,1,100,,14287,10,0,11 2 23 24,1,100,,14296,10,0,11 2 23 24,1,100,,14283,10,0,11 2 23 24,1,100,,14288,10,0,11 2 23 24,1,100,,14284,10,0,11 2 23 24,1,99,,14291,10,0,20 21 23 24,1,100,,14293,10,0,20 21 23 24,1,100,,14290,10,0,20 21 23 24,1,100,,14295,10,0,20 21 23 24,1,100,,14292,10,0,20 21 23 24,1,100,,14285,10,0,20 21 23 24,1
5501,'1',722,,14310,6,0,20 21 5 12,1,100,,14307,6,0,20 21 5 12,1,100,,14303,6,0,20 21 5 12,1,100,,14301,6,0,20 21 5 12,1,100,,14299,6,0,20 21 5 12,1,100,,14308,6,0,20 21 5 12,1,100,,14298,6,0,20 21 5 12,1,100,,14305,6,0,20 21 5 12,1,100,,14311,6,0,20 21 5 12,1,100,,14306,6,0,20 21 5 12,1,100,,14312,6,0,20 21 5 12,1,100,,14300,6,0,20 21 5 12,1,100,,14309,6,0,20 21 5 12,1,100,,14302,6,0,20 21 5 12,1,100,,14297,6,0,20 21 5 12,1,100,,14304,6,0,20 21 5 12,1
5501,'10',1022,,14317,6,0,20 21 5 12,1,100,,14316,6,0,20 21 5 12,1,100,,14313,6,0,20 21 5 12,1,100,,14319,6,0,20 21 5 12,1,100,,14320,6,0,20 21 5 12,1,100,,14315,6,0,20 21 5 12,1,100,,14318,6,0,20 21 5 12,1,100,,14314,6,0,20 21 5 12,1
5501,'11',1022,,14327,6,0,20 21 5 12,1,100,,14321,6,0,20 21 5 12,1,100,,14323,6,0,20 21 5 12,1,100,,14326,6,0,20 21 5 12,1,100,,14325,6,0,20 21 5 12,1,100,,14322,6,0,20 21 5 12,1,100,,14324,6,0,20 21 5 12,1,100,,14328,6,0,20 21 5 12,1
5501,'2',719,,14332,5,0,11 2 5 12,1,100,,14336,5,0,11 2 5 12,1,100,,14342,5,0,11 2 5 12,1,100,,14331,5,0,11 2 5 12,1,100,,14339,5,0,11 2 5 12,1,100,,14334,5,0,11 2 5 12,1,100,,14338,5,0,11 2 5 12,1,100,,14344,5,0,11 2 5 12,1,100,,14329,5,0,11 2 5 12,1,100,,14337,5,0,11 2 5 12,1,103,,14335,6,0,20 21 5 12,1,100,,14340,6,0,20 21 5 12,1,100,,14343,6,0,20 21 5 12,1,100,,14341,6,0,20 21 5 12,1,100,,14333,6,0,20 21 5 12,1,100,,14330,6,0,20 21 5 12,1
5501,'3',719,,14347,5,0,11 2 5 12,1,100,,14352,5,0,11 2 5 12,1,100,,14345,5,0,11 2 5 12,1,100,,14349,5,0,11 2 5 12,1,100,,14356,5,0,11 2 5 12,1,100,,14358,5,0,11 2 5 12,1,100,,14346,5,0,11 2 5 12,1,100,,14351,5,0,11 2 5 12,1,100,,14350,5,0,11 2 5 12,1,100,,14359,5,0,11 2 5 12,1,103,,14355,6,0,20 21 5 12,1,100,,14348,6,0,20 21 5 12,1,100,,14354,6,0,20 21 5 12,1,100,,14357,6,0,20 21 5 12,1,100,,14353,6,0,20 21 5 12,1,100,,14360,6,0,20 21 5 12,1
5501,'4',719,,14372,5,0,11 2 5 12,1,100,,14375,5,0,11 2 5 12,1,100,,14367,5,0,11 2 5 12,1,100,,14363,5,0,11 2 5 12,1,100,,14371,5,0,11 2 5 12,1,100,,14361,5,0,11 2 5 12,1,100,,14369,5,0,11 2 5 12,1,100,,14373,5,0,11 2 5 12,1,100,,14365,5,0,11 2 5 12,1,100,,14374,5,0,11 2 5 12,1,103,,14364,6,0,20 21 5 12,1,100,,14370,6,0,20 21 5 12,1,100,,14366,6,0,20 21 5 12,1,100,,14362,6,0,20 21 5 12,1,100,,14376,6,0,20 21 5 12,1,100,,14368,6,0,20 21 5 12,1
5501,'5',722,,14391,6,0,20 21 5 12,1,100,,14390,6,0,20 21 5 12,1,100,,14389,6,0,20 21 5 12,1,100,,14386,6,0,20 21 5 12,1,100,,14382,6,0,20 21 5 12,1,100,,14384,6,0,20 21 5 12,1,100,,14381,6,0,20 21 5 12,1,100,,14385,6,0,20 21 5 12,1,100,,14380,6,0,20 21 5 12,1,100,,14392,6,0,20 21 5 12,1,100,,14377,6,0,20 21 5 12,1,100,,14379,6,0,20 21 5 12,1,100,,14388,6,0,20 21 5 12,1,100,,14378,6,0,20 21 5 12,1,100,,14383,6,0,20 21 5 12,1,100,,14387,6,0,20 21 5 12,1
5501,'6',1022,,14395,6,0,20 21 5 12,1,100,,14398,6,0,20 21 5 12,1,100,,14397,6,0,20 21 5 12,1,100,,14394,6,0,20 21 5 12,1,100,,14400,6,0,20 21 5 12,1,100,,14399,6,0,20 21 5 12,1,100,,14396,6,0,20 21 5 12,1,100,,14393,6,0,20 21 5 12,1
5501,'7',719,,14407,5,0,11 2 5 12,1,100,,14416,5,0,11 2 5 12,1,100,,14401,5,0,11 2 5 12,1,100,,14410,5,0,11 2 5 12,1,100,,14414,5,0,11 2 5 12,1,100,,14403,5,0,11 2 5 12,1,100,,14412,5,0,11 2 5 12,1,100,,14408,5,0,11 2 5 12,1,100,,14405,5,0,11 2 5 12,1,100,,14415,5,0,11 2 5 12,1,103,,14411,6,0,20 21 5 12,1,100,,14413,6,0,20 21 5 12,1,100,,14409,6,0,20 21 5 12,1,100,,14402,6,0,20 21 5 12,1,100,,14406,6,0,20 21 5 12,1,100,,14404,6,0,20 21 5 12,1
5501,'8',719,,14431,5,0,11 2 5 12,1,100,,14425,5,0,11 2 5 12,1,100,,14417,5,0,11 2 5 12,1,100,,14427,5,0,11 2 5 12,1,100,,14423,5,0,11 2 5 12,1,100,,14419,5,0,11 2 5 12,1,100,,14418,5,0,11 2 5 12,1,100,,14428,5,0,11 2 5 12,1,100,,14422,5,0,11 2 5 12,1,100,,14429,5,0,11 2 5 12,1,103,,14430,6,0,20 21 5 12,1,100,,14426,6,0,20 21 5 12,1,100,,14420,6,0,20 21 5 12,1,100,,14421,6,0,20 21 5 12,1,100,,14424,6,0,20 21 5 12,1,100,,14432,6,0,20 21 5 12,1
5501,'9',719,,14435,5,0,11 2 5 12,1,100,,14439,5,0,11 2 5 12,1,100,,14437,5,0,11 2 5 12,1,100,,14442,5,0,11 2 5 12,1,100,,14446,5,0,11 2 5 12,1,100,,14447,5,0,11 2 5 12,1,100,,14443,5,0,11 2 5 12,1,100,,14440,5,0,11 2 5 12,1,100,,14444,5,0,11 2 5 12,1,100,,14445,5,0,11 2 5 12,1,103,,14434,6,0,20 21 5 12,1,100,,14448,6,0,20 21 5 12,1,100,,14433,6,0,20 21 5 12,1,100,,14441,6,0,20 21 5 12,1,100,,14438,6,0,20 21 5 12,1,100,,14436,6,0,20 21 5 12,1
7501,'1',736,,15467,8,0,20 21 23 24,1,100,,15465,8,0,20 21 23 24,1,100,,15463,8,0,20 21 23 24,1,100,,15468,8,0,20 21 23 24,1,100,,15455,8,0,20 21 23 24,1,100,,15457,8,0,20 21 23 24,1,100,,15456,8,0,20 21 23 24,1,100,,15459,8,0,20 21 23 24,1,100,,15461,8,0,20 21 23 24,1,100,,15453,8,0,20 21 23 24,1,100,,15462,8,0,20 21 23 24,1,100,,15458,8,0,20 21 23 24,1,100,,15454,8,0,20 21 23 24,1,100,,15464,8,0,20 21 23 24,1,100,,15466,8,0,20 21 23 24,1,100,,15460,8,0,20 21 23 24,1
7501,'10',1036,,15474,8,0,20 21 23 24,1,100,,15472,8,0,20 21 23 24,1,100,,15469,8,0,20 21 23 24,1,100,,15470,8,0,20 21 23 24,1,100,,15471,8,0,20 21 23 24,1,100,,15473,8,0,20 21 23 24,1,100,,15476,8,0,20 21 23 24,1,100,,15475,8,0,20 21 23 24,1
7501,'11',1036,,15480,8,0,20 21 23 24,1,100,,15479,8,0,20 21 23 24,1,100,,15484,8,0,20 21 23 24,1,100,,15477,8,0,20 21 23 24,1,100,,15481,8,0,20 21 23 24,1,100,,15483,8,0,20 21 23 24,1,100,,15482,8,0,20 21 23 24,1,100,,15478,8,0,20 21 23 24,1
7501,'2',736,,15516,7,0,11 2 23 24,1,70,,15498,7,0,11 2 23 24,1,30,,15501,7,0,11 2 23 24,1,70,,15502,7,0,11 2 23 24,1,30,,15505,7,0,11 2 23 24,1,70,,15509,7,0,11 2 23 24,1,30,,15506,7,0,11 2 23 24,1,70,,15503,7,0,11 2 23 24,1,30,,15495,7,0,11 2 23 24,1,70,,15507,7,0,11 2 23 24,1,30,,15488,7,0,11 2 23 24,1,70,,15487,7,0,11 2 23 24,1,30,,15497,7,0,11 2 23 24,1,70,,15490,7,0,11 2 23 24,1,30,,15514,7,0,11 2 23 24,1,70,,15485,7,0,11 2 23 24,1,30,,15508,7,0,11 2 23 24,1,70,,15515,7,0,11 2 23 24,1,30,,15496,7,0,11 2 23 24,1,70,,15486,7,0,11 2 23 24,1,30,,15512,8,0,20 21 23 24,1,70,,15510,8,0,20 21 23 24,1,30,,15504,8,0,20 21 23 24,1,70,,15511,8,0,20 21 23 24,1,30,,15491,8,0,20 21 23 24,1,70,,15493,8,0,20 21 23 24,1,30,,15513,8,0,20 21 23 24,1,70,,15499,8,0,20 21 23 24,1,30,,15492,8,0,20 21 23 24,1,70,,15489,8,0,20 21 23 24,1,30,,15500,8,0,20 21 23 24,1,70,,15494,8,0,20 21 23 24,1
7501,'3',736,,15532,7,0,11 2 23 24,1,70,,15520,7,0,11 2 23 24,1,30,,15540,7,0,11 2 23 24,1,70,,15521,7,0,11 2 23 24,1,30,,15522,7,0,11 2 23 24,1,70,,15529,7,0,11 2 23 24,1,30,,15519,7,0,11 2 23 24,1,70,,15518,7,0,11 2 23 24,1,30,,15533,7,0,11 2 23 24,1,70,,15523,7,0,11 2 23 24,1,30,,15538,7,0,11 2 23 24,1,70,,15541,7,0,11 2 23 24,1,30,,15545,7,0,11 2 23 24,1,70,,15517,7,0,11 2 23 24,1,30,,15536,7,0,11 2 23 24,1,70,,15526,7,0,11 2 23 24,1,30,,15535,7,0,11 2 23 24,1,70,,15547,7,0,11 2 23 24,1,30,,15528,7,0,11 2 23 24,1,70,,15539,7,0,11 2 23 24,1,30,,15527,8,0,20 21 23 24,1,70,,15524,8,0,20 21 23 24,1,30,,15546,8,0,20 21 23 24,1,70,,15543,8,0,20 21 23 24,1,30,,15548,8,0,20 21 23 24,1,70,,15537,8,0,20 21 23 24,1,30,,15534,8,0,20 21 23 24,1,70,,15531,8,0,20 21 23 24,1,30,,15542,8,0,20 21 23 24,1,70,,15544,8,0,20 21 23 24,1,30,,15530,8,0,20 21 23 24,1,70,,15525,8,0,20 21 23 24,1
7501,'4',736,,15550,7,0,11 2 23 24,1,70,,15572,7,0,11 2 23 24,1,30,,15563,7,0,11 2 23 24,1,70,,15567,7,0,11 2 23 24,1,30,,15564,7,0,11 2 23 24,1,70,,15571,7,0,11 2 23 24,1,30,,15551,7,0,11 2 23 24,1,70,,15577,7,0,11 2 23 24,1,30,,15574,7,0,11 2 23 24,1,70,,15579,7,0,11 2 23 24,1,30,,15578,7,0,11 2 23 24,1,70,,15566,7,0,11 2 23 24,1,30,,15555,7,0,11 2 23 24,1,70,,15552,7,0,11 2 23 24,1,30,,15559,7,0,11 2 23 24,1,70,,15562,7,0,11 2 23 24,1,30,,15560,7,0,11 2 23 24,1,70,,15576,7,0,11 2 23 24,1,30,,15565,7,0,11 2 23 24,1,70,,15569,7,0,11 2 23 24,1,30,,15557,8,0,20 21 23 24,1,70,,15558,8,0,20 21 23 24,1,30,,15573,8,0,20 21 23 24,1,70,,11937,8,0,20 21 23 24,1,30,,15568,8,0,20 21 23 24,1,70,,15570,8,0,20 21 23 24,1,30,,15549,8,0,20 21 23 24,1,70,,15561,8,0,20 21 23 24,1,30,,15554,8,0,20 21 23 24,1,70,,15553,8,0,20 21 23 24,1,30,,15556,8,0,20 21 23 24,1,70,,15575,8,0,20 21 23 24,1
7501,'5',736,,15580,8,0,20 21 23 24,1,100,,15594,8,0,20 21 23 24,1,100,,15590,8,0,20 21 23 24,1,100,,15592,8,0,20 21 23 24,1,100,,15586,8,0,20 21 23 24,1,100,,15588,8,0,20 21 23 24,1,100,,15585,8,0,20 21 23 24,1,100,,15591,8,0,20 21 23 24,1,100,,15581,8,0,20 21 23 24,1,100,,15583,8,0,20 21 23 24,1,100,,15584,8,0,20 21 23 24,1,100,,15587,8,0,20 21 23 24,1,100,,15589,8,0,20 21 23 24,1,100,,15593,8,0,20 21 23 24,1,100,,15595,8,0,20 21 23 24,1,100,,15582,8,0,20 21 23 24,1
7501,'6',1036,,15601,8,0,20 21 23 24,1,100,,15597,8,0,20 21 23 24,1,100,,15596,8,0,20 21 23 24,1,100,,15599,8,0,20 21 23 24,1,100,,15602,8,0,20 21 23 24,1,100,,15598,8,0,20 21 23 24,1,100,,15603,8,0,20 21 23 24,1,100,,15600,8,0,20 21 23 24,1
7501,'7',736,,15620,7,0,11 2 23 24,1,70,,15619,7,0,11 2 23 24,1,30,,15622,7,0,11 2 23 24,1,70,,15635,7,0,11 2 23 24,1,30,,15627,7,0,11 2 23 24,1,70,,15612,7,0,11 2 23 24,1,30,,15626,7,0,11 2 23 24,1,70,,15610,7,0,11 2 23 24,1,30,,15632,7,0,11 2 23 24,1,70,,15605,7,0,11 2 23 24,1,30,,15613,7,0,11 2 23 24,1,70,,15604,7,0,11 2 23 24,1,30,,15617,7,0,11 2 23 24,1,70,,15623,7,0,11 2 23 24,1,30,,15609,7,0,11 2 23 24,1,70,,15631,7,0,11 2 23 24,1,30,,15628,7,0,11 2 23 24,1,70,,15629,7,0,11 2 23 24,1,30,,15630,7,0,11 2 23 24,1,70,,15621,7,0,11 2 23 24,1,30,,15625,8,0,20 21 23 24,1,70,,15633,8,0,20 21 23 24,1,30,,15606,8,0,20 21 23 24,1,70,,15634,8,0,20 21 23 24,1,30,,15615,8,0,20 21 23 24,1,70,,15624,8,0,20 21 23 24,1,30,,15616,8,0,20 21 23 24,1,70,,15614,8,0,20 21 23 24,1,30,,15618,8,0,20 21 23 24,1,70,,15607,8,0,20 21 23 24,1,30,,15611,8,0,20 21 23 24,1,70,,15608,8,0,20 21 23 24,1
7501,'8',736,,15662,7,0,11 2 23 24,1,70,,15650,7,0,11 2 23 24,1,30,,15664,7,0,11 2 23 24,1,70,,15663,7,0,11 2 23 24,1,30,,15644,7,0,11 2 23 24,1,70,,15658,7,0,11 2 23 24,1,30,,15653,7,0,11 2 23 24,1,70,,15667,7,0,11 2 23 24,1,30,,15657,7,0,11 2 23 24,1,70,,15659,7,0,11 2 23 24,1,30,,15636,7,0,11 2 23 24,1,70,,15641,7,0,11 2 23 24,1,30,,15665,7,0,11 2 23 24,1,70,,15649,7,0,11 2 23 24,1,30,,15654,7,0,11 2 23 24,1,70,,15648,7,0,11 2 23 24,1,30,,15652,7,0,11 2 23 24,1,70,,15647,7,0,11 2 23 24,1,30,,15642,7,0,11 2 23 24,1,70,,15639,7,0,11 2 23 24,1,30,,15637,8,0,20 21 23 24,1,70,,15640,8,0,20 21 23 24,1,30,,15661,8,0,20 21 23 24,1,70,,15643,8,0,20 21 23 24,1,30,,15646,8,0,20 21 23 24,1,70,,15666,8,0,20 21 23 24,1,30,,15651,8,0,20 21 23 24,1,70,,15655,8,0,20 21 23 24,1,30,,15645,8,0,20 21 23 24,1,70,,15656,8,0,20 21 23 24,1,30,,15660,8,0,20 21 23 24,1,70,,15638,8,0,20 21 23 24,1
7501,'9',736,,15688,7,0,11 2 23 24,1,70,,15685,7,0,11 2 23 24,1,30,,15672,7,0,11 2 23 24,1,70,,15687,7,0,11 2 23 24,1,30,,15696,7,0,11 2 23 24,1,70,,15684,7,0,11 2 23 24,1,30,,15675,7,0,11 2 23 24,1,70,,15694,7,0,11 2 23 24,1,30,,15697,7,0,11 2 23 24,1,70,,15690,7,0,11 2 23 24,1,30,,15680,7,0,11 2 23 24,1,70,,15689,7,0,11 2 23 24,1,30,,15698,7,0,11 2 23 24,1,70,,15674,7,0,11 2 23 24,1,30,,15669,7,0,11 2 23 24,1,70,,15678,7,0,11 2 23 24,1,30,,15679,7,0,11 2 23 24,1,70,,15671,7,0,11 2 23 24,1,30,,15691,7,0,11 2 23 24,1,70,,15681,7,0,11 2 23 24,1,30,,15682,8,0,20 21 23 24,1,70,,15676,8,0,20 21 23 24,1,30,,15683,8,0,20 21 23 24,1,70,,15668,8,0,20 21 23 24,1,30,,15692,8,0,20 21 23 24,1,70,,15699,8,0,20 21 23 24,1,30,,15686,8,0,20 21 23 24,1,70,,15677,8,0,20 21 23 24,1,30,,15693,8,0,20 21 23 24,1,70,,15673,8,0,20 21 23 24,1,30,,15695,8,0,20 21 23 24,1,70,,15670,8,0,20 21 23 24,1
