2500,'1',721,,11794,16,0,26 27 28,1,100,,12296,16,0,26 27 28,1,100,,12297,16,0,26 27 28,1,100,,12302,16,0,26 27 28,1,100,,12301,16,0,26 27 28,1,100,,12310,16,0,26 27 28,1,100,,12308,16,0,26 27 28,1,100,,12306,16,0,26 27 28,1,100,,12299,16,0,26 27 28,1,100,,12309,16,0,26 27 28,1,100,,12307,16,0,26 27 28,1,100,,12300,16,0,26 27 28,1,100,,12298,16,0,26 27 28,1,100,,12305,16,0,26 27 28,1,100,,12303,16,0,26 27 28,1,100,,12304,16,0,26 27 28,1
2500,'10',1021,,12318,16,0,26 27 28,1,100,,12311,16,0,26 27 28,1,100,,12314,16,0,26 27 28,1,100,,12312,16,0,26 27 28,1,100,,12315,16,0,26 27 28,1,100,,12316,16,0,26 27 28,1,100,,12317,16,0,26 27 28,1,100,,12313,16,0,26 27 28,1
2500,'11',1021,,12324,16,0,26 27 28,1,100,,12325,16,0,26 27 28,1,100,,12322,16,0,26 27 28,1,100,,12323,16,0,26 27 28,1,100,,12319,16,0,26 27 28,1,100,,12320,16,0,26 27 28,1,100,,12321,16,0,26 27 28,1,100,,12326,16,0,26 27 28,1
2500,'2',721,,12330,16,0,26 27 28,1,100,,12329,16,0,26 27 28,1,100,,12334,16,0,26 27 28,1,100,,12335,16,0,26 27 28,1,100,,12337,16,0,26 27 28,1,100,,12333,16,0,26 27 28,1,100,,12341,16,0,26 27 28,1,100,,12328,16,0,26 27 28,1,100,,12339,16,0,26 27 28,1,100,,12331,16,0,26 27 28,1,100,,12338,16,0,26 27 28,1,100,,12340,16,0,26 27 28,1,100,,12332,16,0,26 27 28,1,100,,12327,16,0,26 27 28,1,100,,12342,16,0,26 27 28,1,100,,12336,16,0,26 27 28,1
2500,'3',721,,12351,16,0,26 27 28,1,100,,12356,16,0,26 27 28,1,100,,12353,16,0,26 27 28,1,100,,12350,16,0,26 27 28,1,100,,12355,16,0,26 27 28,1,100,,12354,16,0,26 27 28,1,100,,12348,16,0,26 27 28,1,100,,12352,16,0,26 27 28,1,100,,12344,16,0,26 27 28,1,100,,12345,16,0,26 27 28,1,100,,12357,16,0,26 27 28,1,100,,12358,16,0,26 27 28,1,100,,12346,16,0,26 27 28,1,100,,12343,16,0,26 27 28,1,100,,12349,16,0,26 27 28,1,100,,12347,16,0,26 27 28,1
2500,'4',721,,12367,16,0,26 27 28,1,100,,12373,16,0,26 27 28,1,100,,12359,16,0,26 27 28,1,100,,12370,16,0,26 27 28,1,100,,12364,16,0,26 27 28,1,100,,12372,16,0,26 27 28,1,100,,12362,16,0,26 27 28,1,100,,12371,16,0,26 27 28,1,100,,11778,16,0,26 27 28,1,100,,12363,16,0,26 27 28,1,100,,12360,16,0,26 27 28,1,100,,12368,16,0,26 27 28,1,100,,12369,16,0,26 27 28,1,100,,12361,16,0,26 27 28,1,100,,12366,16,0,26 27 28,1,100,,12365,16,0,26 27 28,1
2500,'5',721,,12376,16,0,26 27 28,1,100,,12383,16,0,26 27 28,1,100,,12377,16,0,26 27 28,1,100,,12380,16,0,26 27 28,1,100,,12386,16,0,26 27 28,1,100,,12375,16,0,26 27 28,1,100,,12381,16,0,26 27 28,1,100,,12382,16,0,26 27 28,1,100,,12384,16,0,26 27 28,1,100,,12389,16,0,26 27 28,1,100,,12379,16,0,26 27 28,1,100,,12387,16,0,26 27 28,1,100,,12378,16,0,26 27 28,1,100,,12374,16,0,26 27 28,1,100,,12385,16,0,26 27 28,1,100,,12388,16,0,26 27 28,1
2500,'6',1021,,12391,16,0,26 27 28,1,100,,12397,16,0,26 27 28,1,100,,12395,16,0,26 27 28,1,100,,12394,16,0,26 27 28,1,100,,12396,16,0,26 27 28,1,100,,12390,16,0,26 27 28,1,100,,12393,16,0,26 27 28,1,100,,12392,16,0,26 27 28,1
2500,'7',721,,12412,16,0,26 27 28,1,100,,12400,16,0,26 27 28,1,100,,12402,16,0,26 27 28,1,100,,12408,16,0,26 27 28,1,100,,12413,16,0,26 27 28,1,100,,12409,16,0,26 27 28,1,100,,12404,16,0,26 27 28,1,100,,12401,16,0,26 27 28,1,100,,12410,16,0,26 27 28,1,100,,12398,16,0,26 27 28,1,100,,12399,16,0,26 27 28,1,100,,12407,16,0,26 27 28,1,100,,12405,16,0,26 27 28,1,100,,12406,16,0,26 27 28,1,100,,12403,16,0,26 27 28,1,100,,12411,16,0,26 27 28,1
2500,'8',721,,12417,16,0,26 27 28,1,100,,12424,16,0,26 27 28,1,100,,12414,16,0,26 27 28,1,100,,12423,16,0,26 27 28,1,100,,12422,16,0,26 27 28,1,100,,12426,16,0,26 27 28,1,100,,12420,16,0,26 27 28,1,100,,12416,16,0,26 27 28,1,100,,12428,16,0,26 27 28,1,100,,12419,16,0,26 27 28,1,100,,12421,16,0,26 27 28,1,100,,12425,16,0,26 27 28,1,100,,12415,16,0,26 27 28,1,100,,12427,16,0,26 27 28,1,100,,12429,16,0,26 27 28,1,100,,12418,16,0,26 27 28,1
2500,'9',721,,12438,16,0,26 27 28,1,100,,12433,16,0,26 27 28,1,100,,12432,16,0,26 27 28,1,100,,12440,16,0,26 27 28,1,100,,12445,16,0,26 27 28,1,100,,12430,16,0,26 27 28,1,100,,12431,16,0,26 27 28,1,100,,12441,16,0,26 27 28,1,100,,12434,16,0,26 27 28,1,100,,12442,16,0,26 27 28,1,100,,12439,16,0,26 27 28,1,100,,12437,16,0,26 27 28,1,100,,12436,16,0,26 27 28,1,100,,12435,16,0,26 27 28,1,100,,12443,16,0,26 27 28,1,100,,12444,16,0,26 27 28,1
