2201,'1',718,,12149,2,,,1,100,,12134,2,,,1,100,,12145,2,,,1,100,,12144,2,,,1,100,,12137,2,,,1,100,,12139,2,,,1,100,,12143,2,,,1,100,,12147,2,,,1,100,,12135,2,,,1,100,,12146,2,,,1,100,,12150,2,,,1,100,,12140,2,,,1,100,,12138,2,,,1,100,,12141,2,,,1,100,,12148,2,,,1,100,,12142,2,,,1,100,,12136,2,,,1
2201,'10',1018,,12151,2,,,1,100,,12153,2,,,1,100,,12157,2,,,1,100,,12156,2,,,1,100,,12154,2,,,1,100,,12152,2,,,1,100,,12159,2,,,1,100,,12155,2,,,1,100,,12158,2,,,1
2201,'11',1018,,12161,2,,,1,100,,12163,2,,,1,100,,12166,2,,,1,100,,12160,2,,,1,100,,12165,2,,,1,100,,12168,2,,,1,100,,12167,2,,,1,100,,12162,2,,,1,100,,12164,2,,,1
2201,'2',718,,12173,2,,,1,100,,12181,2,,,1,100,,12183,2,,,1,100,,12178,2,,,1,100,,12185,2,,,1,100,,12180,2,,,1,100,,12170,2,,,1,100,,12184,2,,,1,100,,12182,2,,,1,100,,12177,2,,,1,100,,12169,2,,,1,100,,12179,2,,,1,100,,12175,2,,,1,100,,12172,2,,,1,100,,12171,2,,,1,100,,12176,2,,,1,100,,12174,2,,,1
2201,'3',718,,12188,2,,,1,100,,12186,2,,,1,100,,12194,2,,,1,100,,12192,2,,,1,100,,12202,2,,,1,100,,12200,2,,,1,100,,12199,2,,,1,100,,12190,2,,,1,100,,12196,2,,,1,100,,12191,2,,,1,100,,12195,2,,,1,100,,12201,2,,,1,100,,12193,2,,,1,100,,12198,2,,,1,100,,12189,2,,,1,100,,12187,2,,,1,100,,12197,2,,,1
2201,'4',718,,12211,2,,,1,100,,12217,2,,,1,100,,12205,2,,,1,100,,12209,2,,,1,100,,12218,2,,,1,100,,12207,2,,,1,100,,12214,2,,,1,100,,12216,2,,,1,100,,10747,2,,,1,100,,12213,2,,,1,100,,12212,2,,,1,100,,12208,2,,,1,100,,12215,2,,,1,100,,12206,2,,,1,100,,12204,2,,,1,100,,12210,2,,,1,100,,12203,2,,,1
2201,'5',718,,12219,2,,,1,100,,12224,2,,,1,100,,12228,2,,,1,100,,12233,2,,,1,100,,12229,2,,,1,100,,12235,2,,,1,100,,12232,2,,,1,100,,12231,2,,,1,100,,12221,2,,,1,100,,12227,2,,,1,100,,12226,2,,,1,100,,12223,2,,,1,100,,12230,2,,,1,100,,12225,2,,,1,100,,12222,2,,,1,100,,12220,2,,,1,100,,12234,2,,,1
2201,'6',1018,,12238,2,,,1,100,,12242,2,,,1,100,,12239,2,,,1,100,,12243,2,,,1,100,,12236,2,,,1,100,,12240,2,,,1,100,,12237,2,,,1,100,,12241,2,,,1,100,,12244,2,,,1
2201,'7',718,,12251,2,,,1,100,,12245,2,,,1,100,,12250,2,,,1,100,,12258,2,,,1,100,,12253,2,,,1,100,,12256,2,,,1,100,,12246,2,,,1,100,,12257,2,,,1,100,,12254,2,,,1,100,,12249,2,,,1,100,,12261,2,,,1,100,,12247,2,,,1,100,,12259,2,,,1,100,,12255,2,,,1,100,,12248,2,,,1,100,,12260,2,,,1,100,,12252,2,,,1
2201,'8',718,,12264,2,,,1,100,,12277,2,,,1,100,,12269,2,,,1,100,,12270,2,,,1,100,,12267,2,,,1,100,,12265,2,,,1,100,,12262,2,,,1,100,,12263,2,,,1,100,,12271,2,,,1,100,,12278,2,,,1,100,,12268,2,,,1,100,,12276,2,,,1,100,,12266,2,,,1,100,,12274,2,,,1,100,,12273,2,,,1,100,,12275,2,,,1,100,,12272,2,,,1
2201,'9',718,,12285,2,,,1,100,,12283,2,,,1,100,,12291,2,,,1,100,,12293,2,,,1,100,,12280,2,,,1,100,,12287,2,,,1,100,,12290,2,,,1,100,,12292,2,,,1,100,,12295,2,,,1,100,,12294,2,,,1,100,,12286,2,,,1,100,,12282,2,,,1,100,,12288,2,,,1,100,,12281,2,,,1,100,,12289,2,,,1,100,,12279,2,,,1,100,,12284,2,,,1
6501,'1',725,,14827,5,0,20 21 5 12,1,100,,14824,5,0,20 21 5 12,1,100,,14831,5,0,20 21 5 12,1,100,,14830,5,0,20 21 5 12,1,100,,14832,5,0,20 21 5 12,1,100,,14835,5,0,20 21 5 12,1,100,,14828,5,0,20 21 5 12,1,100,,14836,5,0,20 21 5 12,1,100,,14822,5,0,20 21 5 12,1,100,,14833,5,0,20 21 5 12,1,100,,14826,5,0,20 21 5 12,1,100,,14825,5,0,20 21 5 12,1,100,,14821,5,0,20 21 5 12,1,100,,14823,5,0,20 21 5 12,1,100,,14829,5,0,20 21 5 12,1,100,,14834,5,0,20 21 5 12,1
6501,'10',1025,,14842,5,0,20 21 5 12,1,100,,14843,5,0,20 21 5 12,1,100,,14841,5,0,20 21 5 12,1,100,,14837,5,0,20 21 5 12,1,100,,14844,5,0,20 21 5 12,1,100,,14840,5,0,20 21 5 12,1,100,,14839,5,0,20 21 5 12,1,100,,14838,5,0,20 21 5 12,1
6501,'11',1025,,14848,5,0,20 21 5 12,1,100,,14846,5,0,20 21 5 12,1,100,,14847,5,0,20 21 5 12,1,100,,14849,5,0,20 21 5 12,1,100,,14845,5,0,20 21 5 12,1,100,,14852,5,0,20 21 5 12,1,100,,14850,5,0,20 21 5 12,1,100,,14851,5,0,20 21 5 12,1
6501,'2',725,,14881,5,0,11 2 5 12,1,30,,14865,5,0,11 2 5 12,1,70,,14892,5,0,11 2 5 12,1,30,,14873,5,0,11 2 5 12,1,70,,14886,5,0,11 2 5 12,1,30,,14857,5,0,11 2 5 12,1,70,,14906,5,0,11 2 5 12,1,30,,14867,5,0,11 2 5 12,1,70,,14907,5,0,11 2 5 12,1,30,,14894,5,0,11 2 5 12,1,70,,14870,5,0,11 2 5 12,1,30,,14882,5,0,11 2 5 12,1,70,,14869,5,0,11 2 5 12,1,30,,14858,5,0,11 2 5 12,1,70,,14891,5,0,11 2 5 12,1,30,,14884,5,0,11 2 5 12,1,70,,14905,5,0,11 2 5 12,1,30,,14877,5,0,11 2 5 12,1,70,,14874,5,0,11 2 5 12,1,30,,14868,5,0,11 2 5 12,1,70,,14853,5,0,20 21 5 12,1,30,,14903,5,0,20 21 5 12,1,70,,14896,5,0,20 21 5 12,1,30,,14861,5,0,20 21 5 12,1,70,,14885,5,0,20 21 5 12,1,30,,14883,5,0,20 21 5 12,1,70,,14871,5,0,20 21 5 12,1,30,,14859,5,0,20 21 5 12,1,70,,14862,5,0,20 21 5 12,1,30,,14890,5,0,20 21 5 12,1,70,,14901,5,0,20 21 5 12,1,30,,14900,5,0,20 21 5 12,1
6501,'3',725,,14954,5,0,11 2 5 12,1,30,,14950,5,0,11 2 5 12,1,70,,14960,5,0,11 2 5 12,1,30,,14956,5,0,11 2 5 12,1,70,,14935,5,0,11 2 5 12,1,30,,14952,5,0,11 2 5 12,1,70,,14923,5,0,11 2 5 12,1,30,,14926,5,0,11 2 5 12,1,70,,14929,5,0,11 2 5 12,1,30,,14931,5,0,11 2 5 12,1,70,,14908,5,0,11 2 5 12,1,30,,14941,5,0,11 2 5 12,1,70,,14927,5,0,11 2 5 12,1,30,,14921,5,0,11 2 5 12,1,70,,14937,5,0,11 2 5 12,1,30,,14943,5,0,11 2 5 12,1,70,,14924,5,0,11 2 5 12,1,30,,14945,5,0,11 2 5 12,1,70,,14953,5,0,11 2 5 12,1,30,,14916,5,0,11 2 5 12,1,70,,14949,5,0,20 21 5 12,1,30,,14942,5,0,20 21 5 12,1,70,,14934,5,0,20 21 5 12,1,30,,14917,5,0,20 21 5 12,1,70,,14938,5,0,20 21 5 12,1,30,,14920,5,0,20 21 5 12,1,70,,14911,5,0,20 21 5 12,1,30,,14913,5,0,20 21 5 12,1,70,,14928,5,0,20 21 5 12,1,30,,14918,5,0,20 21 5 12,1,70,,14914,5,0,20 21 5 12,1,30,,14912,5,0,20 21 5 12,1
6501,'4',725,,15016,5,0,11 2 5 12,1,30,,14989,5,0,11 2 5 12,1,70,,14986,5,0,11 2 5 12,1,30,,14974,5,0,11 2 5 12,1,70,,14988,5,0,11 2 5 12,1,30,,14987,5,0,11 2 5 12,1,70,,14963,5,0,11 2 5 12,1,30,,15007,5,0,11 2 5 12,1,70,,14990,5,0,11 2 5 12,1,30,,15013,5,0,11 2 5 12,1,70,,15003,5,0,11 2 5 12,1,30,,15001,5,0,11 2 5 12,1,70,,15015,5,0,11 2 5 12,1,30,,14981,5,0,11 2 5 12,1,70,,14966,5,0,11 2 5 12,1,30,,14971,5,0,11 2 5 12,1,70,,14970,5,0,11 2 5 12,1,30,,14975,5,0,11 2 5 12,1,70,,15017,5,0,11 2 5 12,1,30,,14977,5,0,11 2 5 12,1,70,,14999,5,0,20 21 5 12,1,30,,15010,5,0,20 21 5 12,1,70,,14979,5,0,20 21 5 12,1,30,,15004,5,0,20 21 5 12,1,70,,14992,5,0,20 21 5 12,1,30,,14997,5,0,20 21 5 12,1,70,,14972,5,0,20 21 5 12,1,30,,14998,5,0,20 21 5 12,1,70,,14969,5,0,20 21 5 12,1,30,,14967,5,0,20 21 5 12,1,70,,14982,5,0,20 21 5 12,1,30,,14991,5,0,20 21 5 12,1
6501,'5',725,,15031,5,0,20 21 5 12,1,100,,15020,5,0,20 21 5 12,1,100,,15027,5,0,20 21 5 12,1,100,,15033,5,0,20 21 5 12,1,100,,15032,5,0,20 21 5 12,1,100,,15024,5,0,20 21 5 12,1,100,,15021,5,0,20 21 5 12,1,100,,15022,5,0,20 21 5 12,1,100,,15026,5,0,20 21 5 12,1,100,,15023,5,0,20 21 5 12,1,100,,15028,5,0,20 21 5 12,1,100,,15018,5,0,20 21 5 12,1,100,,15030,5,0,20 21 5 12,1,100,,15025,5,0,20 21 5 12,1,100,,15029,5,0,20 21 5 12,1,100,,15019,5,0,20 21 5 12,1
6501,'6',1025,,15034,5,0,20 21 5 12,1,100,,15037,5,0,20 21 5 12,1,100,,15039,5,0,20 21 5 12,1,100,,15041,5,0,20 21 5 12,1,100,,15038,5,0,20 21 5 12,1,100,,15040,5,0,20 21 5 12,1,100,,15035,5,0,20 21 5 12,1,100,,15036,5,0,20 21 5 12,1
6501,'7',725,,15094,5,0,11 2 5 12,1,30,,15085,5,0,11 2 5 12,1,70,,15096,5,0,11 2 5 12,1,30,,15063,5,0,11 2 5 12,1,70,,15089,5,0,11 2 5 12,1,30,,15076,5,0,11 2 5 12,1,70,,15078,5,0,11 2 5 12,1,30,,15046,5,0,11 2 5 12,1,70,,15087,5,0,11 2 5 12,1,30,,15074,5,0,11 2 5 12,1,70,,15083,5,0,11 2 5 12,1,30,,15092,5,0,11 2 5 12,1,70,,15067,5,0,11 2 5 12,1,30,,15091,5,0,11 2 5 12,1,70,,15057,5,0,11 2 5 12,1,30,,15043,5,0,11 2 5 12,1,70,,15044,5,0,11 2 5 12,1,30,,15090,5,0,11 2 5 12,1,70,,15075,5,0,11 2 5 12,1,30,,15052,5,0,11 2 5 12,1,70,,15055,5,0,20 21 5 12,1,30,,15088,5,0,20 21 5 12,1,70,,15080,5,0,20 21 5 12,1,30,,15068,5,0,20 21 5 12,1,70,,15053,5,0,20 21 5 12,1,30,,15060,5,0,20 21 5 12,1,70,,15084,5,0,20 21 5 12,1,30,,15093,5,0,20 21 5 12,1,70,,15050,5,0,20 21 5 12,1,30,,15073,5,0,20 21 5 12,1,70,,15051,5,0,20 21 5 12,1,30,,15070,5,0,20 21 5 12,1
6501,'8',725,,15131,5,0,11 2 5 12,1,30,,15100,5,0,11 2 5 12,1,70,,15134,5,0,11 2 5 12,1,30,,15107,5,0,11 2 5 12,1,70,,15130,5,0,11 2 5 12,1,30,,15124,5,0,11 2 5 12,1,70,,15142,5,0,11 2 5 12,1,30,,15140,5,0,11 2 5 12,1,70,,15128,5,0,11 2 5 12,1,30,,15122,5,0,11 2 5 12,1,70,,15120,5,0,11 2 5 12,1,30,,15139,5,0,11 2 5 12,1,70,,15138,5,0,11 2 5 12,1,30,,15147,5,0,11 2 5 12,1,70,,15146,5,0,11 2 5 12,1,30,,15144,5,0,11 2 5 12,1,70,,15099,5,0,11 2 5 12,1,30,,15109,5,0,11 2 5 12,1,70,,15143,5,0,11 2 5 12,1,30,,15113,5,0,11 2 5 12,1,70,,15101,5,0,20 21 5 12,1,30,,15098,5,0,20 21 5 12,1,70,,15118,5,0,20 21 5 12,1,30,,15129,5,0,20 21 5 12,1,70,,15097,5,0,20 21 5 12,1,30,,15127,5,0,20 21 5 12,1,70,,15141,5,0,20 21 5 12,1,30,,15132,5,0,20 21 5 12,1,70,,15150,5,0,20 21 5 12,1,30,,15104,5,0,20 21 5 12,1,70,,15148,5,0,20 21 5 12,1,30,,15137,5,0,20 21 5 12,1
6501,'9',725,,15171,5,0,11 2 5 12,1,30,,15168,5,0,11 2 5 12,1,70,,15194,5,0,11 2 5 12,1,30,,15187,5,0,11 2 5 12,1,70,,15157,5,0,11 2 5 12,1,30,,15192,5,0,11 2 5 12,1,70,,15152,5,0,11 2 5 12,1,30,,15193,5,0,11 2 5 12,1,70,,15166,5,0,11 2 5 12,1,30,,15178,5,0,11 2 5 12,1,70,,15160,5,0,11 2 5 12,1,30,,15177,5,0,11 2 5 12,1,70,,15204,5,0,11 2 5 12,1,30,,15156,5,0,11 2 5 12,1,70,,15189,5,0,11 2 5 12,1,30,,15180,5,0,11 2 5 12,1,70,,15182,5,0,11 2 5 12,1,30,,15174,5,0,11 2 5 12,1,70,,15173,5,0,11 2 5 12,1,30,,15175,5,0,11 2 5 12,1,70,,15172,5,0,20 21 5 12,1,30,,15158,5,0,20 21 5 12,1,70,,15190,5,0,20 21 5 12,1,30,,15184,5,0,20 21 5 12,1,70,,15154,5,0,20 21 5 12,1,30,,15196,5,0,20 21 5 12,1,70,,15202,5,0,20 21 5 12,1,30,,15179,5,0,20 21 5 12,1,70,,15199,5,0,20 21 5 12,1,30,,15195,5,0,20 21 5 12,1,70,,15191,5,0,20 21 5 12,1,30,,15159,5,0,20 21 5 12,1
