2501,'1',650,,12446,20,4,,1,100,,12449,20,4,,1,100,,12461,20,4,,1,100,,12460,20,4,,1,100,,12453,20,4,,1,100,,12450,20,4,,1,100,,12459,20,4,,1,100,,12451,20,4,,1,100,,12454,20,4,,1,100,,12455,20,4,,1,100,,12448,20,4,,1,100,,12456,20,4,,1,100,,12458,20,4,,1,100,,12457,20,4,,1,100,,12452,20,4,,1,100,,12447,20,4,,1
2501,'10',1050,,12465,20,4,,1,100,,12469,20,4,,1,100,,12466,20,4,,1,100,,12462,20,4,,1,100,,12468,20,4,,1,100,,12467,20,4,,1,100,,12463,20,4,,1,100,,12464,20,4,,1
2501,'11',1050,,12477,20,4,,1,100,,12471,20,4,,1,100,,12475,20,4,,1,100,,12470,20,4,,1,100,,12476,20,4,,1,100,,12474,20,4,,1,100,,12473,20,4,,1,100,,12472,20,4,,1
2501,'2',650,,12487,20,4,,1,100,,12491,20,4,,1,100,,12492,20,4,,1,100,,12486,20,4,,1,100,,12490,20,4,,1,100,,12479,20,4,,1,100,,12481,20,4,,1,100,,12480,20,4,,1,100,,12493,20,4,,1,100,,12484,20,4,,1,100,,12483,20,4,,1,100,,12489,20,4,,1,100,,12488,20,4,,1,100,,12485,20,4,,1,100,,12482,20,4,,1,100,,12478,20,4,,1
2501,'3',650,,12502,20,4,,1,100,,12504,20,4,,1,100,,12495,20,4,,1,100,,12494,20,4,,1,100,,12500,20,4,,1,100,,12506,20,4,,1,100,,12503,20,4,,1,100,,12507,20,4,,1,100,,12499,20,4,,1,100,,12498,20,4,,1,100,,12496,20,4,,1,100,,12497,20,4,,1,100,,12501,20,4,,1,100,,12505,20,4,,1,100,,12508,20,4,,1,100,,12509,20,4,,1
2501,'4',650,,12519,20,4,,1,100,,12522,20,4,,1,100,,12523,20,4,,1,100,,12516,20,4,,1,100,,12512,20,4,,1,100,,12520,20,4,,1,100,,12518,20,4,,1,100,,12525,20,4,,1,100,,12515,20,4,,1,100,,12517,20,4,,1,100,,12524,20,4,,1,100,,12513,20,4,,1,100,,12511,20,4,,1,100,,12521,20,4,,1,100,,12510,20,4,,1,100,,12514,20,4,,1
2501,'5',650,,12533,20,4,,1,100,,12529,20,4,,1,100,,12534,20,4,,1,100,,12539,20,4,,1,100,,12528,20,4,,1,100,,12541,20,4,,1,100,,12537,20,4,,1,100,,12532,20,4,,1,100,,12530,20,4,,1,100,,12527,20,4,,1,100,,12526,20,4,,1,100,,12535,20,4,,1,100,,12538,20,4,,1,100,,12536,20,4,,1,100,,12540,20,4,,1,100,,12531,20,4,,1
2501,'6',1050,,12542,20,4,,1,100,,12549,20,4,,1,100,,12546,20,4,,1,100,,12544,20,4,,1,100,,12543,20,4,,1,100,,12545,20,4,,1,100,,12548,20,4,,1,100,,12547,20,4,,1
2501,'7',650,,12560,20,4,,1,100,,12558,20,4,,1,100,,12563,20,4,,1,100,,12551,20,4,,1,100,,12552,20,4,,1,100,,12557,20,4,,1,100,,12561,20,4,,1,100,,12562,20,4,,1,100,,12553,20,4,,1,100,,12564,20,4,,1,100,,12556,20,4,,1,100,,12554,20,4,,1,100,,12550,20,4,,1,100,,12565,20,4,,1,100,,12559,20,4,,1,100,,12555,20,4,,1
2501,'8',650,,12570,20,4,,1,100,,12566,20,4,,1,100,,12571,20,4,,1,100,,12581,20,4,,1,100,,12575,20,4,,1,100,,12573,20,4,,1,100,,12579,20,4,,1,100,,12578,20,4,,1,100,,12577,20,4,,1,100,,12568,20,4,,1,100,,12574,20,4,,1,100,,12567,20,4,,1,100,,12576,20,4,,1,100,,12580,20,4,,1,100,,12572,20,4,,1,100,,12569,20,4,,1
2501,'9',650,,12596,20,4,,1,100,,12597,20,4,,1,100,,12595,20,4,,1,100,,12590,20,4,,1,100,,12586,20,4,,1,100,,12584,20,4,,1,100,,12582,20,4,,1,100,,12589,20,4,,1,100,,12591,20,4,,1,100,,12585,20,4,,1,100,,12593,20,4,,1,100,,12587,20,4,,1,100,,12588,20,4,,1,100,,12592,20,4,,1,100,,12594,20,4,,1,100,,12583,20,4,,1
