4001,'11',726,,10936,4,0,20 21 29 24,1,100,,10931,4,0,20 21 29 24,1,100,,10945,4,0,20 21 29 24,1,100,,10943,4,0,20 21 29 24,1,100,,10937,4,0,20 21 29 24,1,100,,10941,4,0,20 21 29 24,1,100,,10930,4,0,20 21 29 24,1,100,,10934,4,0,20 21 29 24,1,100,,10940,4,0,20 21 29 24,1,100,,10938,4,0,20 21 29 24,1,100,,10942,4,0,20 21 29 24,1,100,,10932,4,0,20 21 29 24,1,100,,10939,4,0,20 21 29 24,1,100,,10933,4,0,20 21 29 24,1,100,,10944,4,0,20 21 29 24,1,100,,10935,4,0,20 21 29 24,1
4001,'2',726,,10957,4,0,11 2 23 24,1,100,,10958,4,0,11 2 23 24,1,100,,10988,4,0,11 2 23 24,1,100,,11018,4,0,11 2 23 24,1,100,,11042,4,0,11 2 23 24,1,100,,10963,4,0,11 2 23 24,1,100,,10985,4,0,11 2 23 24,1,100,,10956,4,0,11 2 23 24,1,100,,10947,4,0,11 2 23 24,1,100,,10981,4,0,11 2 23 24,1,100,,10979,4,0,11 2 23 24,1,100,,8414,4,0,20 21 29 24,1,100,,11016,4,0,20 21 29 24,1,100,,10954,4,0,20 21 29 24,1,100,,10970,4,0,20 21 29 24,1,100,,11011,4,0,20 21 29 24,1
4001,'6',1022,,11049,4,0,20 21 29 24,1,100,,11047,4,0,20 21 29 24,1,100,,11046,4,0,20 21 29 24,1,100,,11048,4,0,20 21 29 24,1,100,,11045,4,0,20 21 29 24,1,100,,11044,4,0,20 21 29 24,1,100,,11050,4,0,20 21 29 24,1,100,,11051,4,0,20 21 29 24,1
4001,'8',726,,11062,4,0,11 2 23 24,1,100,,11131,4,0,11 2 23 24,1,100,,11092,4,0,11 2 23 24,1,100,,11109,4,0,11 2 23 24,1,100,,11149,4,0,11 2 23 24,1,100,,11142,4,0,11 2 23 24,1,100,,11089,4,0,11 2 23 24,1,100,,11070,4,0,11 2 23 24,1,100,,11053,4,0,11 2 23 24,1,100,,11085,4,0,11 2 23 24,1,100,,11083,4,0,11 2 23 24,1,100,,8380,4,0,20 21 29 24,1,100,,11121,4,0,20 21 29 24,1,100,,11060,4,0,20 21 29 24,1,100,,11074,4,0,20 21 29 24,1,100,,11116,4,0,20 21 29 24,1
4001,'9',1022,,11152,4,0,20 21 29 24,1,100,,11156,4,0,20 21 29 24,1,100,,11154,4,0,20 21 29 24,1,100,,11153,4,0,20 21 29 24,1,100,,11155,4,0,20 21 29 24,1,100,,11151,4,0,20 21 29 24,1,100,,11158,4,0,20 21 29 24,1,100,,11157,4,0,20 21 29 24,1
4501,'11',726,,11167,4,0,20 21 30 12,1,100,,11168,4,0,20 21 30 12,1,100,,11159,4,0,20 21 30 12,1,100,,11169,4,0,20 21 30 12,1,100,,11170,4,0,20 21 30 12,1,100,,11164,4,0,20 21 30 12,1,100,,11165,4,0,20 21 30 12,1,100,,11161,4,0,20 21 30 12,1,100,,11173,4,0,20 21 30 12,1,100,,11162,4,0,20 21 30 12,1,100,,10388,4,0,20 21 30 12,1,100,,11160,4,0,20 21 30 12,1,100,,11166,4,0,20 21 30 12,1,100,,11172,4,0,20 21 30 12,1,100,,11163,4,0,20 21 30 12,1,100,,11171,4,0,20 21 30 12,1
4501,'2',726,,11227,2,0,11 2 5 12,1,100,,11265,2,0,11 2 5 12,1,100,,11249,2,0,11 2 5 12,1,100,,11201,2,0,11 2 5 12,1,100,,11209,2,0,11 2 5 12,1,100,,11211,2,0,11 2 5 12,1,100,,11235,2,0,11 2 5 12,1,100,,11215,2,0,11 2 5 12,1,100,,11222,2,0,11 2 5 12,1,100,,11225,2,0,11 2 5 12,1,100,,11195,2,0,11 2 5 12,1,100,,11260,4,0,20 21 30 12,1,100,,11216,4,0,20 21 30 12,1,100,,11252,4,0,20 21 30 12,1,100,,11223,4,0,20 21 30 12,1,100,,11188,4,0,20 21 30 12,1
4501,'6',1023,,11280,4,0,20 21 30 12,1,100,,11277,4,0,20 21 30 12,1,100,,11284,4,0,20 21 30 12,1,100,,11282,4,0,20 21 30 12,1,100,,11279,4,0,20 21 30 12,1,100,,11278,4,0,20 21 30 12,1,100,,11283,4,0,20 21 30 12,1,100,,11281,4,0,20 21 30 12,1
4501,'8',726,,11295,2,0,11 2 5 12,1,100,,11376,2,0,11 2 5 12,1,100,,11316,2,0,11 2 5 12,1,100,,11314,2,0,11 2 5 12,1,100,,11301,2,0,11 2 5 12,1,100,,11324,2,0,11 2 5 12,1,100,,11347,2,0,11 2 5 12,1,100,,11328,2,0,11 2 5 12,1,100,,11335,2,0,11 2 5 12,1,100,,11338,2,0,11 2 5 12,1,100,,11308,2,0,11 2 5 12,1,100,,11371,4,0,20 21 30 12,1,100,,11329,4,0,20 21 30 12,1,100,,11363,4,0,20 21 30 12,1,100,,11336,4,0,20 21 30 12,1,100,,11300,4,0,20 21 30 12,1
4501,'9',1023,,11395,4,0,20 21 30 12,1,100,,11393,4,0,20 21 30 12,1,100,,11394,4,0,20 21 30 12,1,100,,11391,4,0,20 21 30 12,1,100,,11388,4,0,20 21 30 12,1,100,,11390,4,0,20 21 30 12,1,100,,11389,4,0,20 21 30 12,1,100,,11392,4,0,20 21 30 12,1
