2501,'1',632,,12446,6,0,26 27 28,1,100,,12449,6,0,26 27 28,1,100,,12461,6,0,26 27 28,1,100,,12460,6,0,26 27 28,1,100,,12453,6,0,26 27 28,1,100,,12450,6,0,26 27 28,1,100,,12459,6,0,26 27 28,1,100,,12451,6,0,26 27 28,1,100,,12454,6,0,26 27 28,1,100,,12455,6,0,26 27 28,1,100,,12448,6,0,26 27 28,1,100,,12456,6,0,26 27 28,1,100,,12458,6,0,26 27 28,1,100,,12457,6,0,26 27 28,1,100,,12452,6,0,26 27 28,1,100,,12447,6,0,26 27 28,1
2501,'10',1032,,12465,6,0,26 27 28,1,100,,12469,6,0,26 27 28,1,100,,12466,6,0,26 27 28,1,100,,12462,6,0,26 27 28,1,100,,12468,6,0,26 27 28,1,100,,12467,6,0,26 27 28,1,100,,12463,6,0,26 27 28,1,100,,12464,6,0,26 27 28,1
2501,'11',1032,,12477,6,0,26 27 28,1,100,,12471,6,0,26 27 28,1,100,,12475,6,0,26 27 28,1,100,,12470,6,0,26 27 28,1,100,,12476,6,0,26 27 28,1,100,,12474,6,0,26 27 28,1,100,,12473,6,0,26 27 28,1,100,,12472,6,0,26 27 28,1
2501,'2',632,,12487,6,0,26 27 28,1,100,,12491,6,0,26 27 28,1,100,,12492,6,0,26 27 28,1,100,,12486,6,0,26 27 28,1,100,,12490,6,0,26 27 28,1,100,,12479,6,0,26 27 28,1,100,,12481,6,0,26 27 28,1,100,,12480,6,0,26 27 28,1,100,,12493,6,0,26 27 28,1,100,,12484,6,0,26 27 28,1,100,,12483,6,0,26 27 28,1,100,,12489,6,0,26 27 28,1,100,,12488,6,0,26 27 28,1,100,,12485,6,0,26 27 28,1,100,,12482,6,0,26 27 28,1,100,,12478,6,0,26 27 28,1
2501,'3',632,,12502,6,0,26 27 28,1,100,,12504,6,0,26 27 28,1,100,,12495,6,0,26 27 28,1,100,,12494,6,0,26 27 28,1,100,,12500,6,0,26 27 28,1,100,,12506,6,0,26 27 28,1,100,,12503,6,0,26 27 28,1,100,,12507,6,0,26 27 28,1,100,,12499,6,0,26 27 28,1,100,,12498,6,0,26 27 28,1,100,,12496,6,0,26 27 28,1,100,,12497,6,0,26 27 28,1,100,,12501,6,0,26 27 28,1,100,,12505,6,0,26 27 28,1,100,,12508,6,0,26 27 28,1,100,,12509,6,0,26 27 28,1
2501,'4',632,,12519,6,0,26 27 28,1,100,,12522,6,0,26 27 28,1,100,,12523,6,0,26 27 28,1,100,,12516,6,0,26 27 28,1,100,,12512,6,0,26 27 28,1,100,,12520,6,0,26 27 28,1,100,,12518,6,0,26 27 28,1,100,,12525,6,0,26 27 28,1,100,,12515,6,0,26 27 28,1,100,,12517,6,0,26 27 28,1,100,,12524,6,0,26 27 28,1,100,,12513,6,0,26 27 28,1,100,,12511,6,0,26 27 28,1,100,,12521,6,0,26 27 28,1,100,,12510,6,0,26 27 28,1,100,,12514,6,0,26 27 28,1
2501,'5',632,,12533,6,0,26 27 28,1,100,,12529,6,0,26 27 28,1,100,,12534,6,0,26 27 28,1,100,,12539,6,0,26 27 28,1,100,,12528,6,0,26 27 28,1,100,,12541,6,0,26 27 28,1,100,,12537,6,0,26 27 28,1,100,,12532,6,0,26 27 28,1,100,,12530,6,0,26 27 28,1,100,,12527,6,0,26 27 28,1,100,,12526,6,0,26 27 28,1,100,,12535,6,0,26 27 28,1,100,,12538,6,0,26 27 28,1,100,,12536,6,0,26 27 28,1,100,,12540,6,0,26 27 28,1,100,,12531,6,0,26 27 28,1
2501,'6',1032,,12542,6,0,26 27 28,1,100,,12549,6,0,26 27 28,1,100,,12546,6,0,26 27 28,1,100,,12544,6,0,26 27 28,1,100,,12543,6,0,26 27 28,1,100,,12545,6,0,26 27 28,1,100,,12548,6,0,26 27 28,1,100,,12547,6,0,26 27 28,1
2501,'7',632,,12560,6,0,26 27 28,1,100,,12558,6,0,26 27 28,1,100,,12563,6,0,26 27 28,1,100,,12551,6,0,26 27 28,1,100,,12552,6,0,26 27 28,1,100,,12557,6,0,26 27 28,1,100,,12561,6,0,26 27 28,1,100,,12562,6,0,26 27 28,1,100,,12553,6,0,26 27 28,1,100,,12564,6,0,26 27 28,1,100,,12556,6,0,26 27 28,1,100,,12554,6,0,26 27 28,1,100,,12550,6,0,26 27 28,1,100,,12565,6,0,26 27 28,1,100,,12559,6,0,26 27 28,1,100,,12555,6,0,26 27 28,1
2501,'8',632,,12570,6,0,26 27 28,1,100,,12566,6,0,26 27 28,1,100,,12571,6,0,26 27 28,1,100,,12581,6,0,26 27 28,1,100,,12575,6,0,26 27 28,1,100,,12573,6,0,26 27 28,1,100,,12579,6,0,26 27 28,1,100,,12578,6,0,26 27 28,1,100,,12577,6,0,26 27 28,1,100,,12568,6,0,26 27 28,1,100,,12574,6,0,26 27 28,1,100,,12567,6,0,26 27 28,1,100,,12576,6,0,26 27 28,1,100,,12580,6,0,26 27 28,1,100,,12572,6,0,26 27 28,1,100,,12569,6,0,26 27 28,1
2501,'9',632,,12596,6,0,26 27 28,1,100,,12597,6,0,26 27 28,1,100,,12595,6,0,26 27 28,1,100,,12590,6,0,26 27 28,1,100,,12586,6,0,26 27 28,1,100,,12584,6,0,26 27 28,1,100,,12582,6,0,26 27 28,1,100,,12589,6,0,26 27 28,1,100,,12591,6,0,26 27 28,1,100,,12585,6,0,26 27 28,1,100,,12593,6,0,26 27 28,1,100,,12587,6,0,26 27 28,1,100,,12588,6,0,26 27 28,1,100,,12592,6,0,26 27 28,1,100,,12594,6,0,26 27 28,1,100,,12583,6,0,26 27 28,1
