2200,'1',651,,11989,3,4,,1,100,,11977,3,4,,1,100,,11984,3,4,,1,100,,11991,3,4,,1,100,,11976,3,4,,1,100,,11981,3,4,,1,100,,11980,3,4,,1,100,,11979,3,4,,1,100,,11988,3,4,,1,100,,11982,3,4,,1,100,,11990,3,4,,1,100,,11987,3,4,,1,100,,11986,3,4,,1,100,,11983,3,4,,1,100,,11985,3,4,,1,100,,11975,3,4,,1,100,,11978,3,4,,1
2200,'10',951,,11999,3,4,,1,100,,11994,3,4,,1,100,,11996,3,4,,1,100,,11995,3,4,,1,100,,11993,3,4,,1,100,,11997,3,4,,1,100,,11998,3,4,,1,100,,11992,3,4,,1
2200,'11',951,,12000,3,4,,1,100,,12007,3,4,,1,100,,12002,3,4,,1,100,,12001,3,4,,1,100,,12006,3,4,,1,100,,12003,3,4,,1,100,,12005,3,4,,1,100,,12004,3,4,,1
2200,'2',651,,12017,3,4,,1,100,,12010,3,4,,1,100,,12011,3,4,,1,100,,12019,3,4,,1,100,,12015,3,4,,1,100,,12024,3,4,,1,100,,12020,3,4,,1,100,,12013,3,4,,1,100,,12023,3,4,,1,100,,12022,3,4,,1,100,,12009,3,4,,1,100,,12016,3,4,,1,100,,12018,3,4,,1,100,,12021,3,4,,1,100,,12012,3,4,,1,100,,12008,3,4,,1,100,,12014,3,4,,1
2200,'3',651,,12034,3,4,,1,100,,12028,3,4,,1,100,,12026,3,4,,1,100,,12037,3,4,,1,100,,12032,3,4,,1,100,,12041,3,4,,1,100,,12040,3,4,,1,100,,12027,3,4,,1,100,,12025,3,4,,1,100,,12030,3,4,,1,100,,12038,3,4,,1,100,,12036,3,4,,1,100,,12033,3,4,,1,100,,12039,3,4,,1,100,,12029,3,4,,1,100,,12031,3,4,,1,100,,12035,3,4,,1
2200,'4',651,,12048,3,4,,1,100,,12042,3,4,,1,100,,12051,3,4,,1,100,,12056,3,4,,1,100,,12043,3,4,,1,100,,12046,3,4,,1,100,,12052,3,4,,1,100,,12055,3,4,,1,100,,12044,3,4,,1,100,,12045,3,4,,1,100,,8385,3,4,,1,100,,12047,3,4,,1,100,,12057,3,4,,1,100,,12053,3,4,,1,100,,12049,3,4,,1,100,,12054,3,4,,1,100,,12050,3,4,,1
2200,'5',651,,12065,3,4,,1,100,,12063,3,4,,1,100,,12066,3,4,,1,100,,12074,3,4,,1,100,,12064,3,4,,1,100,,12058,3,4,,1,100,,12068,3,4,,1,100,,12062,3,4,,1,100,,12070,3,4,,1,100,,12069,3,4,,1,100,,12060,3,4,,1,100,,12059,3,4,,1,100,,12071,3,4,,1,100,,12067,3,4,,1,100,,12073,3,4,,1,100,,12061,3,4,,1,100,,12072,3,4,,1
2200,'6',951,,12077,3,4,,1,100,,12079,3,4,,1,100,,12076,3,4,,1,100,,12082,3,4,,1,100,,12075,3,4,,1,100,,12081,3,4,,1,100,,12080,3,4,,1,100,,12078,3,4,,1
2200,'7',651,,12094,3,4,,1,100,,12083,3,4,,1,100,,12086,3,4,,1,100,,12096,3,4,,1,100,,12091,3,4,,1,100,,12085,3,4,,1,100,,12098,3,4,,1,100,,12093,3,4,,1,100,,12092,3,4,,1,100,,12088,3,4,,1,100,,12087,3,4,,1,100,,12097,3,4,,1,100,,12095,3,4,,1,100,,12090,3,4,,1,100,,12084,3,4,,1,100,,12089,3,4,,1,100,,12099,3,4,,1
2200,'8',651,,12105,3,4,,1,100,,12100,3,4,,1,100,,12103,3,4,,1,100,,12107,3,4,,1,100,,12115,3,4,,1,100,,12113,3,4,,1,100,,12101,3,4,,1,100,,12116,3,4,,1,100,,12110,3,4,,1,100,,12112,3,4,,1,100,,12111,3,4,,1,100,,12102,3,4,,1,100,,12106,3,4,,1,100,,12108,3,4,,1,100,,12114,3,4,,1,100,,12104,3,4,,1,100,,12109,3,4,,1
2200,'9',651,,12119,3,4,,1,100,,12121,3,4,,1,100,,12127,3,4,,1,100,,12123,3,4,,1,100,,12117,3,4,,1,100,,12122,3,4,,1,100,,12133,3,4,,1,100,,12124,3,4,,1,100,,12120,3,4,,1,100,,12125,3,4,,1,100,,12130,3,4,,1,100,,12131,3,4,,1,100,,12128,3,4,,1,100,,12129,3,4,,1,100,,12132,3,4,,1,100,,12126,3,4,,1,100,,12118,3,4,,1
2201,'1',700,,12149,1,,,1,100,,12134,1,,,1,100,,12145,1,,,1,100,,12144,1,,,1,100,,12137,1,,,1,100,,12139,1,,,1,100,,12143,1,,,1,100,,12147,1,,,1,100,,12135,1,,,1,100,,12146,1,,,1,100,,12150,1,,,1,100,,12140,1,,,1,100,,12138,1,,,1,100,,12141,1,,,1,100,,12148,1,,,1,100,,12142,1,,,1,100,,12136,1,,,1
2201,'10',1000,,12151,1,,,1,100,,12153,1,,,1,100,,12157,1,,,1,100,,12156,1,,,1,100,,12154,1,,,1,100,,12152,1,,,1,100,,12159,1,,,1,100,,12155,1,,,1,100,,12158,1,,,1
2201,'11',1000,,12161,1,,,1,100,,12163,1,,,1,100,,12166,1,,,1,100,,12160,1,,,1,100,,12165,1,,,1,100,,12168,1,,,1,100,,12167,1,,,1,100,,12162,1,,,1,100,,12164,1,,,1
2201,'2',700,,12173,1,,,1,100,,12181,1,,,1,100,,12183,1,,,1,100,,12178,1,,,1,100,,12185,1,,,1,100,,12180,1,,,1,100,,12170,1,,,1,100,,12184,1,,,1,100,,12182,1,,,1,100,,12177,1,,,1,100,,12169,1,,,1,100,,12179,1,,,1,100,,12175,1,,,1,100,,12172,1,,,1,100,,12171,1,,,1,100,,12176,1,,,1,100,,12174,1,,,1
2201,'3',700,,12188,1,,,1,100,,12186,1,,,1,100,,12194,1,,,1,100,,12192,1,,,1,100,,12202,1,,,1,100,,12200,1,,,1,100,,12199,1,,,1,100,,12190,1,,,1,100,,12196,1,,,1,100,,12191,1,,,1,100,,12195,1,,,1,100,,12201,1,,,1,100,,12193,1,,,1,100,,12198,1,,,1,100,,12189,1,,,1,100,,12187,1,,,1,100,,12197,1,,,1
2201,'4',700,,12211,1,,,1,100,,12217,1,,,1,100,,12205,1,,,1,100,,12209,1,,,1,100,,12218,1,,,1,100,,12207,1,,,1,100,,12214,1,,,1,100,,12216,1,,,1,100,,10747,1,,,1,100,,12213,1,,,1,100,,12212,1,,,1,100,,12208,1,,,1,100,,12215,1,,,1,100,,12206,1,,,1,100,,12204,1,,,1,100,,12210,1,,,1,100,,12203,1,,,1
2201,'5',700,,12219,1,,,1,100,,12224,1,,,1,100,,12228,1,,,1,100,,12233,1,,,1,100,,12229,1,,,1,100,,12235,1,,,1,100,,12232,1,,,1,100,,12231,1,,,1,100,,12221,1,,,1,100,,12227,1,,,1,100,,12226,1,,,1,100,,12223,1,,,1,100,,12230,1,,,1,100,,12225,1,,,1,100,,12222,1,,,1,100,,12220,1,,,1,100,,12234,1,,,1
2201,'6',1000,,12238,1,,,1,100,,12242,1,,,1,100,,12239,1,,,1,100,,12243,1,,,1,100,,12236,1,,,1,100,,12240,1,,,1,100,,12237,1,,,1,100,,12241,1,,,1,100,,12244,1,,,1
2201,'7',700,,12251,1,,,1,100,,12245,1,,,1,100,,12250,1,,,1,100,,12258,1,,,1,100,,12253,1,,,1,100,,12256,1,,,1,100,,12246,1,,,1,100,,12257,1,,,1,100,,12254,1,,,1,100,,12249,1,,,1,100,,12261,1,,,1,100,,12247,1,,,1,100,,12259,1,,,1,100,,12255,1,,,1,100,,12248,1,,,1,100,,12260,1,,,1,100,,12252,1,,,1
2201,'8',700,,12264,1,,,1,100,,12277,1,,,1,100,,12269,1,,,1,100,,12270,1,,,1,100,,12267,1,,,1,100,,12265,1,,,1,100,,12262,1,,,1,100,,12263,1,,,1,100,,12271,1,,,1,100,,12278,1,,,1,100,,12268,1,,,1,100,,12276,1,,,1,100,,12266,1,,,1,100,,12274,1,,,1,100,,12273,1,,,1,100,,12275,1,,,1,100,,12272,1,,,1
2201,'9',700,,12285,1,,,1,100,,12283,1,,,1,100,,12291,1,,,1,100,,12293,1,,,1,100,,12280,1,,,1,100,,12287,1,,,1,100,,12290,1,,,1,100,,12292,1,,,1,100,,12295,1,,,1,100,,12294,1,,,1,100,,12286,1,,,1,100,,12282,1,,,1,100,,12288,1,,,1,100,,12281,1,,,1,100,,12289,1,,,1,100,,12279,1,,,1,100,,12284,1,,,1
