2500,'1',718,,11794,11,0,26 27 28,1,100,,12296,11,0,26 27 28,1,100,,12297,11,0,26 27 28,1,100,,12302,11,0,26 27 28,1,100,,12301,11,0,26 27 28,1,100,,12310,11,0,26 27 28,1,100,,12308,11,0,26 27 28,1,100,,12306,11,0,26 27 28,1,100,,12299,11,0,26 27 28,1,100,,12309,11,0,26 27 28,1,100,,12307,11,0,26 27 28,1,100,,12300,11,0,26 27 28,1,100,,12298,11,0,26 27 28,1,100,,12305,11,0,26 27 28,1,100,,12303,11,0,26 27 28,1,100,,12304,11,0,26 27 28,1
2500,'10',1018,,12318,11,0,26 27 28,1,100,,12311,11,0,26 27 28,1,100,,12314,11,0,26 27 28,1,100,,12312,11,0,26 27 28,1,100,,12315,11,0,26 27 28,1,100,,12316,11,0,26 27 28,1,100,,12317,11,0,26 27 28,1,100,,12313,11,0,26 27 28,1
2500,'11',1018,,12324,11,0,26 27 28,1,100,,12325,11,0,26 27 28,1,100,,12322,11,0,26 27 28,1,100,,12323,11,0,26 27 28,1,100,,12319,11,0,26 27 28,1,100,,12320,11,0,26 27 28,1,100,,12321,11,0,26 27 28,1,100,,12326,11,0,26 27 28,1
2500,'2',718,,12330,11,0,26 27 28,1,100,,12329,11,0,26 27 28,1,100,,12334,11,0,26 27 28,1,100,,12335,11,0,26 27 28,1,100,,12337,11,0,26 27 28,1,100,,12333,11,0,26 27 28,1,100,,12341,11,0,26 27 28,1,100,,12328,11,0,26 27 28,1,100,,12339,11,0,26 27 28,1,100,,12331,11,0,26 27 28,1,100,,12338,11,0,26 27 28,1,100,,12340,11,0,26 27 28,1,100,,12332,11,0,26 27 28,1,100,,12327,11,0,26 27 28,1,100,,12342,11,0,26 27 28,1,100,,12336,11,0,26 27 28,1
2500,'3',718,,12351,11,0,26 27 28,1,100,,12356,11,0,26 27 28,1,100,,12353,11,0,26 27 28,1,100,,12350,11,0,26 27 28,1,100,,12355,11,0,26 27 28,1,100,,12354,11,0,26 27 28,1,100,,12348,11,0,26 27 28,1,100,,12352,11,0,26 27 28,1,100,,12344,11,0,26 27 28,1,100,,12345,11,0,26 27 28,1,100,,12357,11,0,26 27 28,1,100,,12358,11,0,26 27 28,1,100,,12346,11,0,26 27 28,1,100,,12343,11,0,26 27 28,1,100,,12349,11,0,26 27 28,1,100,,12347,11,0,26 27 28,1
2500,'4',718,,12367,11,0,26 27 28,1,100,,12373,11,0,26 27 28,1,100,,12359,11,0,26 27 28,1,100,,12370,11,0,26 27 28,1,100,,12364,11,0,26 27 28,1,100,,12372,11,0,26 27 28,1,100,,12362,11,0,26 27 28,1,100,,12371,11,0,26 27 28,1,100,,11778,11,0,26 27 28,1,100,,12363,11,0,26 27 28,1,100,,12360,11,0,26 27 28,1,100,,12368,11,0,26 27 28,1,100,,12369,11,0,26 27 28,1,100,,12361,11,0,26 27 28,1,100,,12366,11,0,26 27 28,1,100,,12365,11,0,26 27 28,1
2500,'5',718,,12376,11,0,26 27 28,1,100,,12383,11,0,26 27 28,1,100,,12377,11,0,26 27 28,1,100,,12380,11,0,26 27 28,1,100,,12386,11,0,26 27 28,1,100,,12375,11,0,26 27 28,1,100,,12381,11,0,26 27 28,1,100,,12382,11,0,26 27 28,1,100,,12384,11,0,26 27 28,1,100,,12389,11,0,26 27 28,1,100,,12379,11,0,26 27 28,1,100,,12387,11,0,26 27 28,1,100,,12378,11,0,26 27 28,1,100,,12374,11,0,26 27 28,1,100,,12385,11,0,26 27 28,1,100,,12388,11,0,26 27 28,1
2500,'6',1018,,12391,11,0,26 27 28,1,100,,12397,11,0,26 27 28,1,100,,12395,11,0,26 27 28,1,100,,12394,11,0,26 27 28,1,100,,12396,11,0,26 27 28,1,100,,12390,11,0,26 27 28,1,100,,12393,11,0,26 27 28,1,100,,12392,11,0,26 27 28,1
2500,'7',718,,12412,11,0,26 27 28,1,100,,12400,11,0,26 27 28,1,100,,12402,11,0,26 27 28,1,100,,12408,11,0,26 27 28,1,100,,12413,11,0,26 27 28,1,100,,12409,11,0,26 27 28,1,100,,12404,11,0,26 27 28,1,100,,12401,11,0,26 27 28,1,100,,12410,11,0,26 27 28,1,100,,12398,11,0,26 27 28,1,100,,12399,11,0,26 27 28,1,100,,12407,11,0,26 27 28,1,100,,12405,11,0,26 27 28,1,100,,12406,11,0,26 27 28,1,100,,12403,11,0,26 27 28,1,100,,12411,11,0,26 27 28,1
2500,'8',718,,12417,11,0,26 27 28,1,100,,12424,11,0,26 27 28,1,100,,12414,11,0,26 27 28,1,100,,12423,11,0,26 27 28,1,100,,12422,11,0,26 27 28,1,100,,12426,11,0,26 27 28,1,100,,12420,11,0,26 27 28,1,100,,12416,11,0,26 27 28,1,100,,12428,11,0,26 27 28,1,100,,12419,11,0,26 27 28,1,100,,12421,11,0,26 27 28,1,100,,12425,11,0,26 27 28,1,100,,12415,11,0,26 27 28,1,100,,12427,11,0,26 27 28,1,100,,12429,11,0,26 27 28,1,100,,12418,11,0,26 27 28,1
2500,'9',718,,12438,11,0,26 27 28,1,100,,12433,11,0,26 27 28,1,100,,12432,11,0,26 27 28,1,100,,12440,11,0,26 27 28,1,100,,12445,11,0,26 27 28,1,100,,12430,11,0,26 27 28,1,100,,12431,11,0,26 27 28,1,100,,12441,11,0,26 27 28,1,100,,12434,11,0,26 27 28,1,100,,12442,11,0,26 27 28,1,100,,12439,11,0,26 27 28,1,100,,12437,11,0,26 27 28,1,100,,12436,11,0,26 27 28,1,100,,12435,11,0,26 27 28,1,100,,12443,11,0,26 27 28,1,100,,12444,11,0,26 27 28,1
