7001,'1',741,,15213,9,0,22 2 6 2 7,1,100,,15221,9,0,22 2 6 2 7,1,100,,15222,9,0,22 2 6 2 7,1,100,,15210,9,0,22 2 6 2 7,1,100,,15214,9,0,22 2 6 2 7,1,100,,15211,9,0,22 2 6 2 7,1,100,,15207,9,0,22 2 6 2 7,1,100,,15212,9,0,22 2 6 2 7,1,100,,15209,9,0,22 2 6 2 7,1,100,,15215,9,0,22 2 6 2 7,1,100,,15220,9,0,22 2 6 2 7,1,100,,15217,9,0,22 2 6 2 7,1,100,,15219,9,0,22 2 6 2 7,1,100,,15216,9,0,22 2 6 2 7,1,100,,15218,9,0,22 2 6 2 7,1,100,,15208,9,0,22 2 6 2 7,1
7001,'10',1041,,15225,9,0,22 2 6 2 7,1,100,,15230,9,0,22 2 6 2 7,1,100,,15228,9,0,22 2 6 2 7,1,100,,15224,9,0,22 2 6 2 7,1,100,,15223,9,0,22 2 6 2 7,1,100,,15226,9,0,22 2 6 2 7,1,100,,15227,9,0,22 2 6 2 7,1,100,,15229,9,0,22 2 6 2 7,1
7001,'11',1041,,15238,9,0,22 2 6 2 7,1,100,,15234,9,0,22 2 6 2 7,1,100,,15235,9,0,22 2 6 2 7,1,100,,15232,9,0,22 2 6 2 7,1,100,,15233,9,0,22 2 6 2 7,1,100,,15237,9,0,22 2 6 2 7,1,100,,15236,9,0,22 2 6 2 7,1,100,,15231,9,0,22 2 6 2 7,1
7001,'2',1741,,15249,9,0,22 2 6 2 7,1,70,,15259,9,0,22 2 6 2 7,1,30,,15247,9,0,22 2 6 2 7,1,70,,15240,9,0,22 2 6 2 7,1,30,,15258,9,0,22 2 6 2 7,1,70,,15245,9,0,22 2 6 2 7,1,30,,15241,9,0,22 2 6 2 7,1,70,,15255,9,0,22 2 6 2 7,1,30,,15264,9,0,22 2 6 2 7,1,70,,15267,9,0,22 2 6 2 7,1,30,,11539,9,0,22 2 6 2 7,1,70,,15243,9,0,22 2 6 2 7,1
7001,'3',1741,,15282,9,0,22 2 6 2 7,1,70,,15270,9,0,22 2 6 2 7,1,30,,15289,9,0,22 2 6 2 7,1,70,,15294,9,0,22 2 6 2 7,1,30,,15292,9,0,22 2 6 2 7,1,70,,15278,9,0,22 2 6 2 7,1,30,,15288,9,0,22 2 6 2 7,1,70,,15273,9,0,22 2 6 2 7,1,30,,15287,9,0,22 2 6 2 7,1,70,,15279,9,0,22 2 6 2 7,1,30,,15276,9,0,22 2 6 2 7,1,70,,15283,9,0,22 2 6 2 7,1
7001,'4',1741,,15302,9,0,22 2 6 2 7,1,70,,15307,9,0,22 2 6 2 7,1,30,,15311,9,0,22 2 6 2 7,1,70,,15327,9,0,22 2 6 2 7,1,30,,15312,9,0,22 2 6 2 7,1,70,,15308,9,0,22 2 6 2 7,1,30,,15305,9,0,22 2 6 2 7,1,70,,15332,9,0,22 2 6 2 7,1,30,,15319,9,0,22 2 6 2 7,1,70,,15303,9,0,22 2 6 2 7,1,30,,15329,9,0,22 2 6 2 7,1,70,,15325,9,0,22 2 6 2 7,1
7001,'5',741,,15344,9,0,22 2 6 2 7,1,100,,15346,9,0,22 2 6 2 7,1,100,,15347,9,0,22 2 6 2 7,1,100,,15339,9,0,22 2 6 2 7,1,100,,15333,9,0,22 2 6 2 7,1,100,,15334,9,0,22 2 6 2 7,1,100,,15341,9,0,22 2 6 2 7,1,100,,15345,9,0,22 2 6 2 7,1,100,,15338,9,0,22 2 6 2 7,1,100,,15343,9,0,22 2 6 2 7,1,100,,15342,9,0,22 2 6 2 7,1,100,,15335,9,0,22 2 6 2 7,1,100,,15348,9,0,22 2 6 2 7,1,100,,15340,9,0,22 2 6 2 7,1,100,,15337,9,0,22 2 6 2 7,1,100,,15336,9,0,22 2 6 2 7,1
7001,'6',1041,,15356,9,0,22 2 6 2 7,1,100,,15353,9,0,22 2 6 2 7,1,100,,15354,9,0,22 2 6 2 7,1,100,,15355,9,0,22 2 6 2 7,1,100,,15351,9,0,22 2 6 2 7,1,100,,15352,9,0,22 2 6 2 7,1,100,,15349,9,0,22 2 6 2 7,1,100,,15350,9,0,22 2 6 2 7,1
7001,'7',1741,,15364,9,0,22 2 6 2 7,1,70,,15378,9,0,22 2 6 2 7,1,30,,15386,9,0,22 2 6 2 7,1,70,,15381,9,0,22 2 6 2 7,1,30,,15370,9,0,22 2 6 2 7,1,70,,15367,9,0,22 2 6 2 7,1,30,,15379,9,0,22 2 6 2 7,1,70,,15383,9,0,22 2 6 2 7,1,30,,15365,9,0,22 2 6 2 7,1,70,,15388,9,0,22 2 6 2 7,1,30,,15358,9,0,22 2 6 2 7,1,70,,15372,9,0,22 2 6 2 7,1
7001,'8',1741,,15400,9,0,22 2 6 2 7,1,70,,15412,9,0,22 2 6 2 7,1,30,,15399,9,0,22 2 6 2 7,1,70,,15389,9,0,22 2 6 2 7,1,30,,15392,9,0,22 2 6 2 7,1,70,,15397,9,0,22 2 6 2 7,1,30,,15404,9,0,22 2 6 2 7,1,70,,15391,9,0,22 2 6 2 7,1,30,,15409,9,0,22 2 6 2 7,1,70,,15415,9,0,22 2 6 2 7,1,30,,15403,9,0,22 2 6 2 7,1,70,,15393,9,0,22 2 6 2 7,1
7001,'9',1741,,15424,9,0,22 2 6 2 7,1,70,,15444,9,0,22 2 6 2 7,1,30,,15423,9,0,22 2 6 2 7,1,70,,15432,9,0,22 2 6 2 7,1,30,,15429,9,0,22 2 6 2 7,1,70,,15430,9,0,22 2 6 2 7,1,30,,15431,9,0,22 2 6 2 7,1,70,,15425,9,0,22 2 6 2 7,1,30,,15449,9,0,22 2 6 2 7,1,70,,15427,9,0,22 2 6 2 7,1,30,,15428,9,0,22 2 6 2 7,1,70,,15445,9,0,22 2 6 2 7,1
7501,'1',710,,15467,2,0,20 21 23 24,1,100,,15465,2,0,20 21 23 24,1,100,,15463,2,0,20 21 23 24,1,100,,15468,2,0,20 21 23 24,1,100,,15455,2,0,20 21 23 24,1,100,,15457,2,0,20 21 23 24,1,100,,15456,2,0,20 21 23 24,1,100,,15459,2,0,20 21 23 24,1,100,,15461,2,0,20 21 23 24,1,100,,15453,2,0,20 21 23 24,1,100,,15462,2,0,20 21 23 24,1,100,,15458,2,0,20 21 23 24,1,100,,15454,2,0,20 21 23 24,1,100,,15464,2,0,20 21 23 24,1,100,,15466,2,0,20 21 23 24,1,100,,15460,2,0,20 21 23 24,1
7501,'10',1010,,15474,2,0,20 21 23 24,1,100,,15472,2,0,20 21 23 24,1,100,,15469,2,0,20 21 23 24,1,100,,15470,2,0,20 21 23 24,1,100,,15471,2,0,20 21 23 24,1,100,,15473,2,0,20 21 23 24,1,100,,15476,2,0,20 21 23 24,1,100,,15475,2,0,20 21 23 24,1
7501,'11',1010,,15480,2,0,20 21 23 24,1,100,,15479,2,0,20 21 23 24,1,100,,15484,2,0,20 21 23 24,1,100,,15477,2,0,20 21 23 24,1,100,,15481,2,0,20 21 23 24,1,100,,15483,2,0,20 21 23 24,1,100,,15482,2,0,20 21 23 24,1,100,,15478,2,0,20 21 23 24,1
7501,'2',1710,,15512,2,0,20 21 23 24,1,30,,15510,2,0,20 21 23 24,1,70,,15504,2,0,20 21 23 24,1,30,,15511,2,0,20 21 23 24,1,70,,15491,2,0,20 21 23 24,1,30,,15493,2,0,20 21 23 24,1,70,,15513,2,0,20 21 23 24,1,30,,15499,2,0,20 21 23 24,1,70,,15492,2,0,20 21 23 24,1,30,,15489,2,0,20 21 23 24,1,70,,15500,2,0,20 21 23 24,1,30,,15494,2,0,20 21 23 24,1
7501,'3',1710,,15527,2,0,20 21 23 24,1,30,,15524,2,0,20 21 23 24,1,70,,15546,2,0,20 21 23 24,1,30,,15543,2,0,20 21 23 24,1,70,,15548,2,0,20 21 23 24,1,30,,15537,2,0,20 21 23 24,1,70,,15534,2,0,20 21 23 24,1,30,,15531,2,0,20 21 23 24,1,70,,15542,2,0,20 21 23 24,1,30,,15544,2,0,20 21 23 24,1,70,,15530,2,0,20 21 23 24,1,30,,15525,2,0,20 21 23 24,1
7501,'4',1710,,15557,2,0,20 21 23 24,1,30,,15558,2,0,20 21 23 24,1,70,,15573,2,0,20 21 23 24,1,30,,11937,2,0,20 21 23 24,1,70,,15568,2,0,20 21 23 24,1,30,,15570,2,0,20 21 23 24,1,70,,15549,2,0,20 21 23 24,1,30,,15561,2,0,20 21 23 24,1,70,,15554,2,0,20 21 23 24,1,30,,15553,2,0,20 21 23 24,1,70,,15556,2,0,20 21 23 24,1,30,,15575,2,0,20 21 23 24,1
7501,'5',710,,15580,2,0,20 21 23 24,1,100,,15594,2,0,20 21 23 24,1,100,,15590,2,0,20 21 23 24,1,100,,15592,2,0,20 21 23 24,1,100,,15586,2,0,20 21 23 24,1,100,,15588,2,0,20 21 23 24,1,100,,15585,2,0,20 21 23 24,1,100,,15591,2,0,20 21 23 24,1,100,,15581,2,0,20 21 23 24,1,100,,15583,2,0,20 21 23 24,1,100,,15584,2,0,20 21 23 24,1,100,,15587,2,0,20 21 23 24,1,100,,15589,2,0,20 21 23 24,1,100,,15593,2,0,20 21 23 24,1,100,,15595,2,0,20 21 23 24,1,100,,15582,2,0,20 21 23 24,1
7501,'6',1010,,15601,2,0,20 21 23 24,1,100,,15597,2,0,20 21 23 24,1,100,,15596,2,0,20 21 23 24,1,100,,15599,2,0,20 21 23 24,1,100,,15602,2,0,20 21 23 24,1,100,,15598,2,0,20 21 23 24,1,100,,15603,2,0,20 21 23 24,1,100,,15600,2,0,20 21 23 24,1
7501,'7',1710,,15625,2,0,20 21 23 24,1,30,,15633,2,0,20 21 23 24,1,70,,15606,2,0,20 21 23 24,1,30,,15634,2,0,20 21 23 24,1,70,,15615,2,0,20 21 23 24,1,30,,15624,2,0,20 21 23 24,1,70,,15616,2,0,20 21 23 24,1,30,,15614,2,0,20 21 23 24,1,70,,15618,2,0,20 21 23 24,1,30,,15607,2,0,20 21 23 24,1,70,,15611,2,0,20 21 23 24,1,30,,15608,2,0,20 21 23 24,1
7501,'8',1710,,15637,2,0,20 21 23 24,1,30,,15640,2,0,20 21 23 24,1,70,,15661,2,0,20 21 23 24,1,30,,15643,2,0,20 21 23 24,1,70,,15646,2,0,20 21 23 24,1,30,,15666,2,0,20 21 23 24,1,70,,15651,2,0,20 21 23 24,1,30,,15655,2,0,20 21 23 24,1,70,,15645,2,0,20 21 23 24,1,30,,15656,2,0,20 21 23 24,1,70,,15660,2,0,20 21 23 24,1,30,,15638,2,0,20 21 23 24,1
7501,'9',1710,,15682,2,0,20 21 23 24,1,30,,15676,2,0,20 21 23 24,1,70,,15683,2,0,20 21 23 24,1,30,,15668,2,0,20 21 23 24,1,70,,15692,2,0,20 21 23 24,1,30,,15699,2,0,20 21 23 24,1,70,,15686,2,0,20 21 23 24,1,30,,15677,2,0,20 21 23 24,1,70,,15693,2,0,20 21 23 24,1,30,,15673,2,0,20 21 23 24,1,70,,15695,2,0,20 21 23 24,1,30,,15670,2,0,20 21 23 24,1
