2501,'1',644,,12446,12,0,26 27 28,1,100,,12449,12,0,26 27 28,1,100,,12461,12,0,26 27 28,1,100,,12460,12,0,26 27 28,1,100,,12453,12,0,26 27 28,1,100,,12450,12,0,26 27 28,1,100,,12459,12,0,26 27 28,1,100,,12451,12,0,26 27 28,1,100,,12454,12,0,26 27 28,1,100,,12455,12,0,26 27 28,1,100,,12448,12,0,26 27 28,1,100,,12456,12,0,26 27 28,1,100,,12458,12,0,26 27 28,1,100,,12457,12,0,26 27 28,1,100,,12452,12,0,26 27 28,1,100,,12447,12,0,26 27 28,1
2501,'10',1044,,12465,12,0,26 27 28,1,100,,12469,12,0,26 27 28,1,100,,12466,12,0,26 27 28,1,100,,12462,12,0,26 27 28,1,100,,12468,12,0,26 27 28,1,100,,12467,12,0,26 27 28,1,100,,12463,12,0,26 27 28,1,100,,12464,12,0,26 27 28,1
2501,'11',1044,,12477,12,0,26 27 28,1,100,,12471,12,0,26 27 28,1,100,,12475,12,0,26 27 28,1,100,,12470,12,0,26 27 28,1,100,,12476,12,0,26 27 28,1,100,,12474,12,0,26 27 28,1,100,,12473,12,0,26 27 28,1,100,,12472,12,0,26 27 28,1
2501,'2',644,,12487,12,0,26 27 28,1,100,,12491,12,0,26 27 28,1,100,,12492,12,0,26 27 28,1,100,,12486,12,0,26 27 28,1,100,,12490,12,0,26 27 28,1,100,,12479,12,0,26 27 28,1,100,,12481,12,0,26 27 28,1,100,,12480,12,0,26 27 28,1,100,,12493,12,0,26 27 28,1,100,,12484,12,0,26 27 28,1,100,,12483,12,0,26 27 28,1,100,,12489,12,0,26 27 28,1,100,,12488,12,0,26 27 28,1,100,,12485,12,0,26 27 28,1,100,,12482,12,0,26 27 28,1,100,,12478,12,0,26 27 28,1
2501,'3',644,,12502,12,0,26 27 28,1,100,,12504,12,0,26 27 28,1,100,,12495,12,0,26 27 28,1,100,,12494,12,0,26 27 28,1,100,,12500,12,0,26 27 28,1,100,,12506,12,0,26 27 28,1,100,,12503,12,0,26 27 28,1,100,,12507,12,0,26 27 28,1,100,,12499,12,0,26 27 28,1,100,,12498,12,0,26 27 28,1,100,,12496,12,0,26 27 28,1,100,,12497,12,0,26 27 28,1,100,,12501,12,0,26 27 28,1,100,,12505,12,0,26 27 28,1,100,,12508,12,0,26 27 28,1,100,,12509,12,0,26 27 28,1
2501,'4',644,,12519,12,0,26 27 28,1,100,,12522,12,0,26 27 28,1,100,,12523,12,0,26 27 28,1,100,,12516,12,0,26 27 28,1,100,,12512,12,0,26 27 28,1,100,,12520,12,0,26 27 28,1,100,,12518,12,0,26 27 28,1,100,,12525,12,0,26 27 28,1,100,,12515,12,0,26 27 28,1,100,,12517,12,0,26 27 28,1,100,,12524,12,0,26 27 28,1,100,,12513,12,0,26 27 28,1,100,,12511,12,0,26 27 28,1,100,,12521,12,0,26 27 28,1,100,,12510,12,0,26 27 28,1,100,,12514,12,0,26 27 28,1
2501,'5',644,,12533,12,0,26 27 28,1,100,,12529,12,0,26 27 28,1,100,,12534,12,0,26 27 28,1,100,,12539,12,0,26 27 28,1,100,,12528,12,0,26 27 28,1,100,,12541,12,0,26 27 28,1,100,,12537,12,0,26 27 28,1,100,,12532,12,0,26 27 28,1,100,,12530,12,0,26 27 28,1,100,,12527,12,0,26 27 28,1,100,,12526,12,0,26 27 28,1,100,,12535,12,0,26 27 28,1,100,,12538,12,0,26 27 28,1,100,,12536,12,0,26 27 28,1,100,,12540,12,0,26 27 28,1,100,,12531,12,0,26 27 28,1
2501,'6',1044,,12542,12,0,26 27 28,1,100,,12549,12,0,26 27 28,1,100,,12546,12,0,26 27 28,1,100,,12544,12,0,26 27 28,1,100,,12543,12,0,26 27 28,1,100,,12545,12,0,26 27 28,1,100,,12548,12,0,26 27 28,1,100,,12547,12,0,26 27 28,1
2501,'7',644,,12560,12,0,26 27 28,1,100,,12558,12,0,26 27 28,1,100,,12563,12,0,26 27 28,1,100,,12551,12,0,26 27 28,1,100,,12552,12,0,26 27 28,1,100,,12557,12,0,26 27 28,1,100,,12561,12,0,26 27 28,1,100,,12562,12,0,26 27 28,1,100,,12553,12,0,26 27 28,1,100,,12564,12,0,26 27 28,1,100,,12556,12,0,26 27 28,1,100,,12554,12,0,26 27 28,1,100,,12550,12,0,26 27 28,1,100,,12565,12,0,26 27 28,1,100,,12559,12,0,26 27 28,1,100,,12555,12,0,26 27 28,1
2501,'8',644,,12570,12,0,26 27 28,1,100,,12566,12,0,26 27 28,1,100,,12571,12,0,26 27 28,1,100,,12581,12,0,26 27 28,1,100,,12575,12,0,26 27 28,1,100,,12573,12,0,26 27 28,1,100,,12579,12,0,26 27 28,1,100,,12578,12,0,26 27 28,1,100,,12577,12,0,26 27 28,1,100,,12568,12,0,26 27 28,1,100,,12574,12,0,26 27 28,1,100,,12567,12,0,26 27 28,1,100,,12576,12,0,26 27 28,1,100,,12580,12,0,26 27 28,1,100,,12572,12,0,26 27 28,1,100,,12569,12,0,26 27 28,1
2501,'9',644,,12596,12,0,26 27 28,1,100,,12597,12,0,26 27 28,1,100,,12595,12,0,26 27 28,1,100,,12590,12,0,26 27 28,1,100,,12586,12,0,26 27 28,1,100,,12584,12,0,26 27 28,1,100,,12582,12,0,26 27 28,1,100,,12589,12,0,26 27 28,1,100,,12591,12,0,26 27 28,1,100,,12585,12,0,26 27 28,1,100,,12593,12,0,26 27 28,1,100,,12587,12,0,26 27 28,1,100,,12588,12,0,26 27 28,1,100,,12592,12,0,26 27 28,1,100,,12594,12,0,26 27 28,1,100,,12583,12,0,26 27 28,1
