5001,'1',722,,14153,6,0,20 21 23 24,1,100,,14157,6,0,20 21 23 24,1,100,,14156,6,0,20 21 23 24,1,100,,14148,6,0,20 21 23 24,1,100,,14152,6,0,20 21 23 24,1,100,,14150,6,0,20 21 23 24,1,100,,14158,6,0,20 21 23 24,1,100,,14146,6,0,20 21 23 24,1,100,,14159,6,0,20 21 23 24,1,100,,14160,6,0,20 21 23 24,1,100,,14149,6,0,20 21 23 24,1,100,,14151,6,0,20 21 23 24,1,100,,14147,6,0,20 21 23 24,1,100,,11661,6,0,20 21 23 24,1,100,,14154,6,0,20 21 23 24,1,100,,14155,6,0,20 21 23 24,1
5001,'10',1022,,14167,6,0,20 21 23 24,1,100,,14168,6,0,20 21 23 24,1,100,,14165,6,0,20 21 23 24,1,100,,14163,6,0,20 21 23 24,1,100,,14161,6,0,20 21 23 24,1,100,,14162,6,0,20 21 23 24,1,100,,14166,6,0,20 21 23 24,1,100,,14164,6,0,20 21 23 24,1
5001,'11',1022,,14170,6,0,20 21 23 24,1,100,,14175,6,0,20 21 23 24,1,100,,14173,6,0,20 21 23 24,1,100,,14176,6,0,20 21 23 24,1,100,,14169,6,0,20 21 23 24,1,100,,14172,6,0,20 21 23 24,1,100,,14174,6,0,20 21 23 24,1,100,,14171,6,0,20 21 23 24,1
5001,'2',722,,14191,6,0,11 2 23 24,1,100,,14181,6,0,11 2 23 24,1,100,,14177,6,0,11 2 23 24,1,100,,14188,6,0,11 2 23 24,1,100,,14178,6,0,11 2 23 24,1,100,,14184,6,0,11 2 23 24,1,100,,14192,6,0,11 2 23 24,1,100,,14186,6,0,11 2 23 24,1,100,,14189,6,0,11 2 23 24,1,100,,14187,6,0,11 2 23 24,1,100,,14190,6,0,20 21 23 24,1,100,,14179,6,0,20 21 23 24,1,100,,14185,6,0,20 21 23 24,1,100,,14183,6,0,20 21 23 24,1,100,,14182,6,0,20 21 23 24,1,100,,14180,6,0,20 21 23 24,1
5001,'3',722,,14204,6,0,11 2 23 24,1,100,,14196,6,0,11 2 23 24,1,100,,14208,6,0,11 2 23 24,1,100,,14205,6,0,11 2 23 24,1,100,,14200,6,0,11 2 23 24,1,100,,14201,6,0,11 2 23 24,1,100,,14206,6,0,11 2 23 24,1,100,,14197,6,0,11 2 23 24,1,100,,14194,6,0,11 2 23 24,1,100,,14202,6,0,11 2 23 24,1,100,,14198,6,0,20 21 23 24,1,100,,14193,6,0,20 21 23 24,1,100,,14203,6,0,20 21 23 24,1,100,,14199,6,0,20 21 23 24,1,100,,14195,6,0,20 21 23 24,1,100,,14207,6,0,20 21 23 24,1
5001,'4',722,,14212,6,0,11 2 23 24,1,100,,14223,6,0,11 2 23 24,1,100,,14219,6,0,11 2 23 24,1,100,,14217,6,0,11 2 23 24,1,100,,14222,6,0,11 2 23 24,1,100,,14221,6,0,11 2 23 24,1,100,,14209,6,0,11 2 23 24,1,100,,14224,6,0,11 2 23 24,1,100,,14210,6,0,11 2 23 24,1,100,,14211,6,0,11 2 23 24,1,100,,14213,6,0,20 21 23 24,1,100,,14218,6,0,20 21 23 24,1,100,,14220,6,0,20 21 23 24,1,100,,14214,6,0,20 21 23 24,1,100,,14216,6,0,20 21 23 24,1,100,,14215,6,0,20 21 23 24,1
5001,'5',722,,14237,6,0,20 21 23 24,1,100,,14233,6,0,20 21 23 24,1,100,,14229,6,0,20 21 23 24,1,100,,14225,6,0,20 21 23 24,1,100,,14230,6,0,20 21 23 24,1,100,,14239,6,0,20 21 23 24,1,100,,14231,6,0,20 21 23 24,1,100,,14235,6,0,20 21 23 24,1,100,,14232,6,0,20 21 23 24,1,100,,14240,6,0,20 21 23 24,1,100,,14228,6,0,20 21 23 24,1,100,,14227,6,0,20 21 23 24,1,100,,14226,6,0,20 21 23 24,1,100,,14238,6,0,20 21 23 24,1,100,,14234,6,0,20 21 23 24,1,100,,14236,6,0,20 21 23 24,1
5001,'6',1022,,14248,6,0,20 21 23 24,1,100,,14242,6,0,20 21 23 24,1,100,,14243,6,0,20 21 23 24,1,100,,14241,6,0,20 21 23 24,1,100,,14244,6,0,20 21 23 24,1,100,,14246,6,0,20 21 23 24,1,100,,14247,6,0,20 21 23 24,1,100,,14245,6,0,20 21 23 24,1
5001,'7',722,,14258,6,0,11 2 23 24,1,100,,14256,6,0,11 2 23 24,1,100,,14257,6,0,11 2 23 24,1,100,,14264,6,0,11 2 23 24,1,100,,14251,6,0,11 2 23 24,1,100,,14262,6,0,11 2 23 24,1,100,,14249,6,0,11 2 23 24,1,100,,14255,6,0,11 2 23 24,1,100,,14261,6,0,11 2 23 24,1,100,,14254,6,0,11 2 23 24,1,100,,14260,6,0,20 21 23 24,1,100,,14253,6,0,20 21 23 24,1,100,,14263,6,0,20 21 23 24,1,100,,14250,6,0,20 21 23 24,1,100,,14259,6,0,20 21 23 24,1,100,,14252,6,0,20 21 23 24,1
5001,'8',722,,14270,6,0,11 2 23 24,1,100,,14271,6,0,11 2 23 24,1,100,,14278,6,0,11 2 23 24,1,100,,14269,6,0,11 2 23 24,1,100,,14267,6,0,11 2 23 24,1,100,,14273,6,0,11 2 23 24,1,100,,14275,6,0,11 2 23 24,1,100,,14276,6,0,11 2 23 24,1,100,,14277,6,0,11 2 23 24,1,100,,14265,6,0,11 2 23 24,1,100,,14272,6,0,20 21 23 24,1,100,,14280,6,0,20 21 23 24,1,100,,14268,6,0,20 21 23 24,1,100,,14279,6,0,20 21 23 24,1,100,,14274,6,0,20 21 23 24,1,100,,14266,6,0,20 21 23 24,1
5001,'9',722,,14282,6,0,11 2 23 24,1,100,,14289,6,0,11 2 23 24,1,100,,14286,6,0,11 2 23 24,1,100,,14281,6,0,11 2 23 24,1,100,,14294,6,0,11 2 23 24,1,100,,14287,6,0,11 2 23 24,1,100,,14296,6,0,11 2 23 24,1,100,,14283,6,0,11 2 23 24,1,100,,14288,6,0,11 2 23 24,1,100,,14284,6,0,11 2 23 24,1,100,,14291,6,0,20 21 23 24,1,100,,14293,6,0,20 21 23 24,1,100,,14290,6,0,20 21 23 24,1,100,,14295,6,0,20 21 23 24,1,100,,14292,6,0,20 21 23 24,1,100,,14285,6,0,20 21 23 24,1
5501,'1',729,,14310,8,0,20 21 5 12,1,100,,14307,8,0,20 21 5 12,1,100,,14303,8,0,20 21 5 12,1,100,,14301,8,0,20 21 5 12,1,100,,14299,8,0,20 21 5 12,1,100,,14308,8,0,20 21 5 12,1,100,,14298,8,0,20 21 5 12,1,100,,14305,8,0,20 21 5 12,1,100,,14311,8,0,20 21 5 12,1,100,,14306,8,0,20 21 5 12,1,100,,14312,8,0,20 21 5 12,1,100,,14300,8,0,20 21 5 12,1,100,,14309,8,0,20 21 5 12,1,100,,14302,8,0,20 21 5 12,1,100,,14297,8,0,20 21 5 12,1,100,,14304,8,0,20 21 5 12,1
5501,'10',1029,,14317,8,0,20 21 5 12,1,100,,14316,8,0,20 21 5 12,1,100,,14313,8,0,20 21 5 12,1,100,,14319,8,0,20 21 5 12,1,100,,14320,8,0,20 21 5 12,1,100,,14315,8,0,20 21 5 12,1,100,,14318,8,0,20 21 5 12,1,100,,14314,8,0,20 21 5 12,1
5501,'11',1029,,14327,8,0,20 21 5 12,1,100,,14321,8,0,20 21 5 12,1,100,,14323,8,0,20 21 5 12,1,100,,14326,8,0,20 21 5 12,1,100,,14325,8,0,20 21 5 12,1,100,,14322,8,0,20 21 5 12,1,100,,14324,8,0,20 21 5 12,1,100,,14328,8,0,20 21 5 12,1
5501,'2',726,,14332,7,0,11 2 5 12,1,100,,14336,7,0,11 2 5 12,1,100,,14342,7,0,11 2 5 12,1,100,,14331,7,0,11 2 5 12,1,100,,14339,7,0,11 2 5 12,1,100,,14334,7,0,11 2 5 12,1,100,,14338,7,0,11 2 5 12,1,100,,14344,7,0,11 2 5 12,1,100,,14329,7,0,11 2 5 12,1,100,,14337,7,0,11 2 5 12,1,103,,14335,8,0,20 21 5 12,1,100,,14340,8,0,20 21 5 12,1,100,,14343,8,0,20 21 5 12,1,100,,14341,8,0,20 21 5 12,1,100,,14333,8,0,20 21 5 12,1,100,,14330,8,0,20 21 5 12,1
5501,'3',726,,14347,7,0,11 2 5 12,1,100,,14352,7,0,11 2 5 12,1,100,,14345,7,0,11 2 5 12,1,100,,14349,7,0,11 2 5 12,1,100,,14356,7,0,11 2 5 12,1,100,,14358,7,0,11 2 5 12,1,100,,14346,7,0,11 2 5 12,1,100,,14351,7,0,11 2 5 12,1,100,,14350,7,0,11 2 5 12,1,100,,14359,7,0,11 2 5 12,1,103,,14355,8,0,20 21 5 12,1,100,,14348,8,0,20 21 5 12,1,100,,14354,8,0,20 21 5 12,1,100,,14357,8,0,20 21 5 12,1,100,,14353,8,0,20 21 5 12,1,100,,14360,8,0,20 21 5 12,1
5501,'4',726,,14372,7,0,11 2 5 12,1,100,,14375,7,0,11 2 5 12,1,100,,14367,7,0,11 2 5 12,1,100,,14363,7,0,11 2 5 12,1,100,,14371,7,0,11 2 5 12,1,100,,14361,7,0,11 2 5 12,1,100,,14369,7,0,11 2 5 12,1,100,,14373,7,0,11 2 5 12,1,100,,14365,7,0,11 2 5 12,1,100,,14374,7,0,11 2 5 12,1,103,,14364,8,0,20 21 5 12,1,100,,14370,8,0,20 21 5 12,1,100,,14366,8,0,20 21 5 12,1,100,,14362,8,0,20 21 5 12,1,100,,14376,8,0,20 21 5 12,1,100,,14368,8,0,20 21 5 12,1
5501,'5',729,,14391,8,0,20 21 5 12,1,100,,14390,8,0,20 21 5 12,1,100,,14389,8,0,20 21 5 12,1,100,,14386,8,0,20 21 5 12,1,100,,14382,8,0,20 21 5 12,1,100,,14384,8,0,20 21 5 12,1,100,,14381,8,0,20 21 5 12,1,100,,14385,8,0,20 21 5 12,1,100,,14380,8,0,20 21 5 12,1,100,,14392,8,0,20 21 5 12,1,100,,14377,8,0,20 21 5 12,1,100,,14379,8,0,20 21 5 12,1,100,,14388,8,0,20 21 5 12,1,100,,14378,8,0,20 21 5 12,1,100,,14383,8,0,20 21 5 12,1,100,,14387,8,0,20 21 5 12,1
5501,'6',1029,,14395,8,0,20 21 5 12,1,100,,14398,8,0,20 21 5 12,1,100,,14397,8,0,20 21 5 12,1,100,,14394,8,0,20 21 5 12,1,100,,14400,8,0,20 21 5 12,1,100,,14399,8,0,20 21 5 12,1,100,,14396,8,0,20 21 5 12,1,100,,14393,8,0,20 21 5 12,1
5501,'7',726,,14407,7,0,11 2 5 12,1,100,,14416,7,0,11 2 5 12,1,100,,14401,7,0,11 2 5 12,1,100,,14410,7,0,11 2 5 12,1,100,,14414,7,0,11 2 5 12,1,100,,14403,7,0,11 2 5 12,1,100,,14412,7,0,11 2 5 12,1,100,,14408,7,0,11 2 5 12,1,100,,14405,7,0,11 2 5 12,1,100,,14415,7,0,11 2 5 12,1,103,,14411,8,0,20 21 5 12,1,100,,14413,8,0,20 21 5 12,1,100,,14409,8,0,20 21 5 12,1,100,,14402,8,0,20 21 5 12,1,100,,14406,8,0,20 21 5 12,1,100,,14404,8,0,20 21 5 12,1
5501,'8',726,,14431,7,0,11 2 5 12,1,100,,14425,7,0,11 2 5 12,1,100,,14417,7,0,11 2 5 12,1,100,,14427,7,0,11 2 5 12,1,100,,14423,7,0,11 2 5 12,1,100,,14419,7,0,11 2 5 12,1,100,,14418,7,0,11 2 5 12,1,100,,14428,7,0,11 2 5 12,1,100,,14422,7,0,11 2 5 12,1,100,,14429,7,0,11 2 5 12,1,103,,14430,8,0,20 21 5 12,1,100,,14426,8,0,20 21 5 12,1,100,,14420,8,0,20 21 5 12,1,100,,14421,8,0,20 21 5 12,1,100,,14424,8,0,20 21 5 12,1,100,,14432,8,0,20 21 5 12,1
5501,'9',726,,14435,7,0,11 2 5 12,1,100,,14439,7,0,11 2 5 12,1,100,,14437,7,0,11 2 5 12,1,100,,14442,7,0,11 2 5 12,1,100,,14446,7,0,11 2 5 12,1,100,,14447,7,0,11 2 5 12,1,100,,14443,7,0,11 2 5 12,1,100,,14440,7,0,11 2 5 12,1,100,,14444,7,0,11 2 5 12,1,100,,14445,7,0,11 2 5 12,1,103,,14434,8,0,20 21 5 12,1,100,,14448,8,0,20 21 5 12,1,100,,14433,8,0,20 21 5 12,1,100,,14441,8,0,20 21 5 12,1,100,,14438,8,0,20 21 5 12,1,100,,14436,8,0,20 21 5 12,1
