5001,'11',733,,11398,8,0,20 21 23 24,1,100,,9928,8,0,20 21 23 24,1,100,,11403,8,0,20 21 23 24,1,100,,11404,8,0,20 21 23 24,1,100,,11408,8,0,20 21 23 24,1,100,,11409,8,0,20 21 23 24,1,100,,11407,8,0,20 21 23 24,1,100,,11397,8,0,20 21 23 24,1,100,,11399,8,0,20 21 23 24,1,100,,11402,8,0,20 21 23 24,1,100,,11401,8,0,20 21 23 24,1,100,,11406,8,0,20 21 23 24,1,100,,11396,8,0,20 21 23 24,1,100,,11400,8,0,20 21 23 24,1,100,,11410,8,0,20 21 23 24,1,100,,11405,8,0,20 21 23 24,1
5001,'2',733,,11426,8,0,11 2 23 24,1,100,,11421,8,0,11 2 23 24,1,100,,11415,8,0,11 2 23 24,1,100,,11414,8,0,11 2 23 24,1,100,,11420,8,0,11 2 23 24,1,100,,11413,8,0,11 2 23 24,1,100,,11417,8,0,11 2 23 24,1,100,,11424,8,0,11 2 23 24,1,100,,11423,8,0,11 2 23 24,1,100,,11416,8,0,11 2 23 24,1,100,,11411,8,0,11 2 23 24,1,100,,11418,8,0,20 21 23 24,1,100,,11425,8,0,20 21 23 24,1,100,,11422,8,0,20 21 23 24,1,100,,11412,8,0,20 21 23 24,1,100,,11419,8,0,20 21 23 24,1
5001,'6',1029,,11429,8,0,20 21 23 24,1,100,,11431,8,0,20 21 23 24,1,100,,11434,8,0,20 21 23 24,1,100,,11427,8,0,20 21 23 24,1,100,,11430,8,0,20 21 23 24,1,100,,11432,8,0,20 21 23 24,1,100,,11428,8,0,20 21 23 24,1,100,,11433,8,0,20 21 23 24,1
5001,'8',733,,11450,8,0,11 2 23 24,1,100,,11445,8,0,11 2 23 24,1,100,,11439,8,0,11 2 23 24,1,100,,11438,8,0,11 2 23 24,1,100,,11444,8,0,11 2 23 24,1,100,,11437,8,0,11 2 23 24,1,100,,11441,8,0,11 2 23 24,1,100,,11448,8,0,11 2 23 24,1,100,,11447,8,0,11 2 23 24,1,100,,11440,8,0,11 2 23 24,1,100,,11435,8,0,11 2 23 24,1,100,,11442,8,0,20 21 23 24,1,100,,11449,8,0,20 21 23 24,1,100,,11446,8,0,20 21 23 24,1,100,,11436,8,0,20 21 23 24,1,100,,11443,8,0,20 21 23 24,1
5001,'9',1029,,11452,8,0,20 21 23 24,1,100,,11458,8,0,20 21 23 24,1,100,,11457,8,0,20 21 23 24,1,100,,11455,8,0,20 21 23 24,1,100,,11451,8,0,20 21 23 24,1,100,,11453,8,0,20 21 23 24,1,100,,11456,8,0,20 21 23 24,1,100,,11454,8,0,20 21 23 24,1
5501,'11',720,,11465,4,0,20 21 5 12,1,100,,11473,4,0,20 21 5 12,1,100,,11467,4,0,20 21 5 12,1,100,,11466,4,0,20 21 5 12,1,100,,11472,4,0,20 21 5 12,1,100,,11460,4,0,20 21 5 12,1,100,,11464,4,0,20 21 5 12,1,100,,11461,4,0,20 21 5 12,1,100,,11469,4,0,20 21 5 12,1,100,,11470,4,0,20 21 5 12,1,100,,11474,4,0,20 21 5 12,1,100,,11462,4,0,20 21 5 12,1,100,,11471,4,0,20 21 5 12,1,100,,11459,4,0,20 21 5 12,1,100,,11463,4,0,20 21 5 12,1,100,,11468,4,0,20 21 5 12,1
5501,'2',717,,11479,3,0,11 2 5 12,1,100,,11486,3,0,11 2 5 12,1,100,,11489,3,0,11 2 5 12,1,100,,11487,3,0,11 2 5 12,1,100,,11484,3,0,11 2 5 12,1,100,,11477,3,0,11 2 5 12,1,100,,11483,3,0,11 2 5 12,1,100,,11481,3,0,11 2 5 12,1,100,,11480,3,0,11 2 5 12,1,100,,11478,3,0,11 2 5 12,1,100,,11475,3,0,11 2 5 12,1,103,,11476,4,0,20 21 5 12,1,100,,11490,4,0,20 21 5 12,1,100,,11488,4,0,20 21 5 12,1,100,,11485,4,0,20 21 5 12,1,100,,11482,4,0,20 21 5 12,1
5501,'6',1017,,11495,4,0,20 21 5 12,1,100,,11498,4,0,20 21 5 12,1,100,,11494,4,0,20 21 5 12,1,100,,11497,4,0,20 21 5 12,1,100,,11496,4,0,20 21 5 12,1,100,,11491,4,0,20 21 5 12,1,100,,11492,4,0,20 21 5 12,1,100,,11493,4,0,20 21 5 12,1
5501,'8',717,,11503,3,0,11 2 5 12,1,100,,11510,3,0,11 2 5 12,1,100,,11513,3,0,11 2 5 12,1,100,,11511,3,0,11 2 5 12,1,100,,11508,3,0,11 2 5 12,1,100,,11501,3,0,11 2 5 12,1,100,,11507,3,0,11 2 5 12,1,100,,11505,3,0,11 2 5 12,1,100,,11504,3,0,11 2 5 12,1,100,,11502,3,0,11 2 5 12,1,100,,11499,3,0,11 2 5 12,1,103,,11500,4,0,20 21 5 12,1,100,,11514,4,0,20 21 5 12,1,100,,11512,4,0,20 21 5 12,1,100,,11509,4,0,20 21 5 12,1,100,,11506,4,0,20 21 5 12,1
5501,'9',1017,,11520,4,0,20 21 5 12,1,100,,11518,4,0,20 21 5 12,1,100,,11515,4,0,20 21 5 12,1,100,,11522,4,0,20 21 5 12,1,100,,11516,4,0,20 21 5 12,1,100,,11517,4,0,20 21 5 12,1,100,,11519,4,0,20 21 5 12,1,100,,11521,4,0,20 21 5 12,1
7001,'11',717,,11795,4,0,22 2 6 2 7,1,100,,11799,4,0,22 2 6 2 7,1,100,,9369,4,0,22 2 6 2 7,1,100,,11803,4,0,22 2 6 2 7,1,100,,11794,4,0,22 2 6 2 7,1,100,,11791,4,0,22 2 6 2 7,1,100,,11801,4,0,22 2 6 2 7,1,100,,11804,4,0,22 2 6 2 7,1,100,,11802,4,0,22 2 6 2 7,1,100,,11796,4,0,22 2 6 2 7,1,100,,11793,4,0,22 2 6 2 7,1,100,,8932,4,0,22 2 6 2 7,1,100,,11798,4,0,22 2 6 2 7,1,100,,11800,4,0,22 2 6 2 7,1,100,,11797,4,0,22 2 6 2 7,1,100,,11792,4,0,22 2 6 2 7,1
7001,'2',717,,11808,3,0,11 2 7,1,30,,11833,3,0,11 2 7,1,70,,11814,3,0,11 2 7,1,30,,11830,3,0,11 2 7,1,70,,11812,3,0,11 2 7,1,30,,11810,3,0,11 2 7,1,70,,11815,3,0,11 2 7,1,30,,11809,3,0,11 2 7,1,70,,11813,3,0,11 2 7,1,30,,11832,3,0,11 2 7,1,70,,11817,3,0,11 2 7,1,30,,11806,3,0,11 2 7,1,70,,11805,3,0,11 2 7,1,30,,11834,3,0,11 2 7,1,70,,11816,3,0,11 2 7,1,30,,11827,3,0,11 2 7,1,70,,11825,3,0,11 2 7,1,30,,11818,3,0,11 2 7,1,70,,11820,3,0,11 2 7,1,30,,11811,3,0,11 2 7,1,70,,11823,3,0,11 2 7,1,30,,11821,3,0,11 2 7,1,70,,11831,4,0,22 2 6 2 7,1,30,,11819,4,0,22 2 6 2 7,1,70,,11822,4,0,22 2 6 2 7,1,30,,11807,4,0,22 2 6 2 7,1,70,,11836,4,0,22 2 6 2 7,1,30,,11828,4,0,22 2 6 2 7,1,70,,11826,4,0,22 2 6 2 7,1,30,,11835,4,0,22 2 6 2 7,1,70,,11829,4,0,22 2 6 2 7,1,30,,11824,4,0,22 2 6 2 7,1
7001,'6',1017,,11838,4,0,22 2 6 2 7,1,100,,11840,4,0,22 2 6 2 7,1,100,,11841,4,0,22 2 6 2 7,1,100,,11839,4,0,22 2 6 2 7,1,100,,11842,4,0,22 2 6 2 7,1,100,,11843,4,0,22 2 6 2 7,1,100,,11837,4,0,22 2 6 2 7,1,100,,11844,4,0,22 2 6 2 7,1
7001,'8',717,,11850,3,0,11 2 7,1,30,,11845,3,0,11 2 7,1,70,,11855,3,0,11 2 7,1,30,,11871,3,0,11 2 7,1,70,,11853,3,0,11 2 7,1,30,,11858,3,0,11 2 7,1,70,,11856,3,0,11 2 7,1,30,,11851,3,0,11 2 7,1,70,,11854,3,0,11 2 7,1,30,,9875,3,0,11 2 7,1,70,,11859,3,0,11 2 7,1,30,,11847,3,0,11 2 7,1,70,,11846,3,0,11 2 7,1,30,,11849,3,0,11 2 7,1,70,,11857,3,0,11 2 7,1,30,,8887,3,0,11 2 7,1,70,,11867,3,0,11 2 7,1,30,,11860,3,0,11 2 7,1,70,,11862,3,0,11 2 7,1,30,,11852,3,0,11 2 7,1,70,,11865,3,0,11 2 7,1,30,,11863,3,0,11 2 7,1,70,,11872,4,0,22 2 6 2 7,1,30,,11861,4,0,22 2 6 2 7,1,70,,11864,4,0,22 2 6 2 7,1,30,,11848,4,0,22 2 6 2 7,1,70,,11874,4,0,22 2 6 2 7,1,30,,11869,4,0,22 2 6 2 7,1,70,,11868,4,0,22 2 6 2 7,1,30,,11873,4,0,22 2 6 2 7,1,70,,11870,4,0,22 2 6 2 7,1,30,,11866,4,0,22 2 6 2 7,1
7001,'9',1017,,11881,4,0,22 2 6 2 7,1,100,,11882,4,0,22 2 6 2 7,1,100,,11879,4,0,22 2 6 2 7,1,100,,11875,4,0,22 2 6 2 7,1,100,,11880,4,0,22 2 6 2 7,1,100,,11876,4,0,22 2 6 2 7,1,100,,11878,4,0,22 2 6 2 7,1,100,,11877,4,0,22 2 6 2 7,1
7501,'11',734,,11892,6,0,25 24,1,100,,11885,6,0,25 24,1,100,,11891,6,0,25 24,1,100,,11895,6,0,25 24,1,100,,11888,6,0,25 24,1,100,,11889,6,0,25 24,1,100,,11893,6,0,25 24,1,100,,11897,6,0,25 24,1,100,,11883,6,0,25 24,1,100,,11884,6,0,25 24,1,100,,11890,6,0,25 24,1,100,,11896,6,0,25 24,1,100,,11894,6,0,25 24,1,100,,11898,6,0,25 24,1,100,,11886,6,0,25 24,1,100,,11887,6,0,25 24,1
7501,'2',734,,11920,5,0,11 2 23 24,1,70,,11911,5,0,11 2 23 24,1,30,,11924,5,0,11 2 23 24,1,70,,11902,5,0,11 2 23 24,1,30,,11925,5,0,11 2 23 24,1,70,,11919,5,0,11 2 23 24,1,30,,11917,5,0,11 2 23 24,1,70,,11928,5,0,11 2 23 24,1,30,,11903,5,0,11 2 23 24,1,70,,11913,5,0,11 2 23 24,1,30,,11927,5,0,11 2 23 24,1,70,,11906,5,0,11 2 23 24,1,30,,8971,5,0,11 2 23 24,1,70,,9948,5,0,11 2 23 24,1,30,,11922,5,0,11 2 23 24,1,70,,11905,5,0,11 2 23 24,1,30,,11910,5,0,11 2 23 24,1,70,,11926,5,0,11 2 23 24,1,30,,11918,5,0,11 2 23 24,1,70,,11904,5,0,11 2 23 24,1,30,,11914,5,0,11 2 23 24,1,70,,11909,5,0,11 2 23 24,1,30,,11921,6,0,25 24,1,70,,11899,6,0,25 24,1,30,,11915,6,0,25 24,1,70,,11923,6,0,25 24,1,30,,11908,6,0,25 24,1,70,,11916,6,0,25 24,1,30,,11907,6,0,25 24,1,70,,11901,6,0,25 24,1,30,,11912,6,0,25 24,1,70,,11900,6,0,25 24,1
7501,'6',1034,,11930,6,0,25 24,1,100,,11935,6,0,25 24,1,100,,11932,6,0,25 24,1,100,,11929,6,0,25 24,1,100,,11933,6,0,25 24,1,100,,11931,6,0,25 24,1,100,,11936,6,0,25 24,1,100,,11934,6,0,25 24,1
7501,'8',734,,11958,5,0,11 2 23 24,1,70,,11949,5,0,11 2 23 24,1,30,,11962,5,0,11 2 23 24,1,70,,11946,5,0,11 2 23 24,1,30,,11963,5,0,11 2 23 24,1,70,,11957,5,0,11 2 23 24,1,30,,11955,5,0,11 2 23 24,1,70,,11943,5,0,11 2 23 24,1,30,,11941,5,0,11 2 23 24,1,70,,11951,5,0,11 2 23 24,1,30,,11965,5,0,11 2 23 24,1,70,,11966,5,0,11 2 23 24,1,30,,8871,5,0,11 2 23 24,1,70,,9879,5,0,11 2 23 24,1,30,,11960,5,0,11 2 23 24,1,70,,11940,5,0,11 2 23 24,1,30,,11948,5,0,11 2 23 24,1,70,,11964,5,0,11 2 23 24,1,30,,11956,5,0,11 2 23 24,1,70,,11942,5,0,11 2 23 24,1,30,,11952,5,0,11 2 23 24,1,70,,11947,5,0,11 2 23 24,1,30,,11959,6,0,25 24,1,70,,11937,6,0,25 24,1,30,,11953,6,0,25 24,1,70,,11961,6,0,25 24,1,30,,11945,6,0,25 24,1,70,,11954,6,0,25 24,1,30,,11944,6,0,25 24,1,70,,11939,6,0,25 24,1,30,,11950,6,0,25 24,1,70,,11938,6,0,25 24,1
7501,'9',1034,,11967,6,0,25 24,1,100,,11973,6,0,25 24,1,100,,11970,6,0,25 24,1,100,,11971,6,0,25 24,1,100,,11972,6,0,25 24,1,100,,11968,6,0,25 24,1,100,,11974,6,0,25 24,1,100,,11969,6,0,25 24,1
