2501,'1',648,,12446,17,4,,1,100,,12449,17,4,,1,100,,12461,17,4,,1,100,,12460,17,4,,1,100,,12453,17,4,,1,100,,12450,17,4,,1,100,,12459,17,4,,1,100,,12451,17,4,,1,100,,12454,17,4,,1,100,,12455,17,4,,1,100,,12448,17,4,,1,100,,12456,17,4,,1,100,,12458,17,4,,1,100,,12457,17,4,,1,100,,12452,17,4,,1,100,,12447,17,4,,1
2501,'10',1048,,12465,17,4,,1,100,,12469,17,4,,1,100,,12466,17,4,,1,100,,12462,17,4,,1,100,,12468,17,4,,1,100,,12467,17,4,,1,100,,12463,17,4,,1,100,,12464,17,4,,1
2501,'11',1048,,12477,17,4,,1,100,,12471,17,4,,1,100,,12475,17,4,,1,100,,12470,17,4,,1,100,,12476,17,4,,1,100,,12474,17,4,,1,100,,12473,17,4,,1,100,,12472,17,4,,1
2501,'2',648,,12487,17,4,,1,100,,12491,17,4,,1,100,,12492,17,4,,1,100,,12486,17,4,,1,100,,12490,17,4,,1,100,,12479,17,4,,1,100,,12481,17,4,,1,100,,12480,17,4,,1,100,,12493,17,4,,1,100,,12484,17,4,,1,100,,12483,17,4,,1,100,,12489,17,4,,1,100,,12488,17,4,,1,100,,12485,17,4,,1,100,,12482,17,4,,1,100,,12478,17,4,,1
2501,'3',648,,12502,17,4,,1,100,,12504,17,4,,1,100,,12495,17,4,,1,100,,12494,17,4,,1,100,,12500,17,4,,1,100,,12506,17,4,,1,100,,12503,17,4,,1,100,,12507,17,4,,1,100,,12499,17,4,,1,100,,12498,17,4,,1,100,,12496,17,4,,1,100,,12497,17,4,,1,100,,12501,17,4,,1,100,,12505,17,4,,1,100,,12508,17,4,,1,100,,12509,17,4,,1
2501,'4',648,,12519,17,4,,1,100,,12522,17,4,,1,100,,12523,17,4,,1,100,,12516,17,4,,1,100,,12512,17,4,,1,100,,12520,17,4,,1,100,,12518,17,4,,1,100,,12525,17,4,,1,100,,12515,17,4,,1,100,,12517,17,4,,1,100,,12524,17,4,,1,100,,12513,17,4,,1,100,,12511,17,4,,1,100,,12521,17,4,,1,100,,12510,17,4,,1,100,,12514,17,4,,1
2501,'5',648,,12533,17,4,,1,100,,12529,17,4,,1,100,,12534,17,4,,1,100,,12539,17,4,,1,100,,12528,17,4,,1,100,,12541,17,4,,1,100,,12537,17,4,,1,100,,12532,17,4,,1,100,,12530,17,4,,1,100,,12527,17,4,,1,100,,12526,17,4,,1,100,,12535,17,4,,1,100,,12538,17,4,,1,100,,12536,17,4,,1,100,,12540,17,4,,1,100,,12531,17,4,,1
2501,'6',1048,,12542,17,4,,1,100,,12549,17,4,,1,100,,12546,17,4,,1,100,,12544,17,4,,1,100,,12543,17,4,,1,100,,12545,17,4,,1,100,,12548,17,4,,1,100,,12547,17,4,,1
2501,'7',648,,12560,17,4,,1,100,,12558,17,4,,1,100,,12563,17,4,,1,100,,12551,17,4,,1,100,,12552,17,4,,1,100,,12557,17,4,,1,100,,12561,17,4,,1,100,,12562,17,4,,1,100,,12553,17,4,,1,100,,12564,17,4,,1,100,,12556,17,4,,1,100,,12554,17,4,,1,100,,12550,17,4,,1,100,,12565,17,4,,1,100,,12559,17,4,,1,100,,12555,17,4,,1
2501,'8',648,,12570,17,4,,1,100,,12566,17,4,,1,100,,12571,17,4,,1,100,,12581,17,4,,1,100,,12575,17,4,,1,100,,12573,17,4,,1,100,,12579,17,4,,1,100,,12578,17,4,,1,100,,12577,17,4,,1,100,,12568,17,4,,1,100,,12574,17,4,,1,100,,12567,17,4,,1,100,,12576,17,4,,1,100,,12580,17,4,,1,100,,12572,17,4,,1,100,,12569,17,4,,1
2501,'9',648,,12596,17,4,,1,100,,12597,17,4,,1,100,,12595,17,4,,1,100,,12590,17,4,,1,100,,12586,17,4,,1,100,,12584,17,4,,1,100,,12582,17,4,,1,100,,12589,17,4,,1,100,,12591,17,4,,1,100,,12585,17,4,,1,100,,12593,17,4,,1,100,,12587,17,4,,1,100,,12588,17,4,,1,100,,12592,17,4,,1,100,,12594,17,4,,1,100,,12583,17,4,,1
