2500,'1',705,,11794,7,0,26 27 28,1,100,,12296,7,0,26 27 28,1,100,,12297,7,0,26 27 28,1,100,,12302,7,0,26 27 28,1,100,,12301,7,0,26 27 28,1,100,,12310,7,0,26 27 28,1,100,,12308,7,0,26 27 28,1,100,,12306,7,0,26 27 28,1,100,,12299,7,0,26 27 28,1,100,,12309,7,0,26 27 28,1,100,,12307,7,0,26 27 28,1,100,,12300,7,0,26 27 28,1,100,,12298,7,0,26 27 28,1,100,,12305,7,0,26 27 28,1,100,,12303,7,0,26 27 28,1,100,,12304,7,0,26 27 28,1
2500,'10',1005,,12318,7,0,26 27 28,1,100,,12311,7,0,26 27 28,1,100,,12314,7,0,26 27 28,1,100,,12312,7,0,26 27 28,1,100,,12315,7,0,26 27 28,1,100,,12316,7,0,26 27 28,1,100,,12317,7,0,26 27 28,1,100,,12313,7,0,26 27 28,1
2500,'11',1005,,12324,7,0,26 27 28,1,100,,12325,7,0,26 27 28,1,100,,12322,7,0,26 27 28,1,100,,12323,7,0,26 27 28,1,100,,12319,7,0,26 27 28,1,100,,12320,7,0,26 27 28,1,100,,12321,7,0,26 27 28,1,100,,12326,7,0,26 27 28,1
2500,'2',705,,12330,7,0,26 27 28,1,100,,12329,7,0,26 27 28,1,100,,12334,7,0,26 27 28,1,100,,12335,7,0,26 27 28,1,100,,12337,7,0,26 27 28,1,100,,12333,7,0,26 27 28,1,100,,12341,7,0,26 27 28,1,100,,12328,7,0,26 27 28,1,100,,12339,7,0,26 27 28,1,100,,12331,7,0,26 27 28,1,100,,12338,7,0,26 27 28,1,100,,12340,7,0,26 27 28,1,100,,12332,7,0,26 27 28,1,100,,12327,7,0,26 27 28,1,100,,12342,7,0,26 27 28,1,100,,12336,7,0,26 27 28,1
2500,'3',705,,12351,7,0,26 27 28,1,100,,12356,7,0,26 27 28,1,100,,12353,7,0,26 27 28,1,100,,12350,7,0,26 27 28,1,100,,12355,7,0,26 27 28,1,100,,12354,7,0,26 27 28,1,100,,12348,7,0,26 27 28,1,100,,12352,7,0,26 27 28,1,100,,12344,7,0,26 27 28,1,100,,12345,7,0,26 27 28,1,100,,12357,7,0,26 27 28,1,100,,12358,7,0,26 27 28,1,100,,12346,7,0,26 27 28,1,100,,12343,7,0,26 27 28,1,100,,12349,7,0,26 27 28,1,100,,12347,7,0,26 27 28,1
2500,'4',705,,12367,7,0,26 27 28,1,100,,12373,7,0,26 27 28,1,100,,12359,7,0,26 27 28,1,100,,12370,7,0,26 27 28,1,100,,12364,7,0,26 27 28,1,100,,12372,7,0,26 27 28,1,100,,12362,7,0,26 27 28,1,100,,12371,7,0,26 27 28,1,100,,11778,7,0,26 27 28,1,100,,12363,7,0,26 27 28,1,100,,12360,7,0,26 27 28,1,100,,12368,7,0,26 27 28,1,100,,12369,7,0,26 27 28,1,100,,12361,7,0,26 27 28,1,100,,12366,7,0,26 27 28,1,100,,12365,7,0,26 27 28,1
2500,'5',705,,12376,7,0,26 27 28,1,100,,12383,7,0,26 27 28,1,100,,12377,7,0,26 27 28,1,100,,12380,7,0,26 27 28,1,100,,12386,7,0,26 27 28,1,100,,12375,7,0,26 27 28,1,100,,12381,7,0,26 27 28,1,100,,12382,7,0,26 27 28,1,100,,12384,7,0,26 27 28,1,100,,12389,7,0,26 27 28,1,100,,12379,7,0,26 27 28,1,100,,12387,7,0,26 27 28,1,100,,12378,7,0,26 27 28,1,100,,12374,7,0,26 27 28,1,100,,12385,7,0,26 27 28,1,100,,12388,7,0,26 27 28,1
2500,'6',1005,,12391,7,0,26 27 28,1,100,,12397,7,0,26 27 28,1,100,,12395,7,0,26 27 28,1,100,,12394,7,0,26 27 28,1,100,,12396,7,0,26 27 28,1,100,,12390,7,0,26 27 28,1,100,,12393,7,0,26 27 28,1,100,,12392,7,0,26 27 28,1
2500,'7',705,,12412,7,0,26 27 28,1,100,,12400,7,0,26 27 28,1,100,,12402,7,0,26 27 28,1,100,,12408,7,0,26 27 28,1,100,,12413,7,0,26 27 28,1,100,,12409,7,0,26 27 28,1,100,,12404,7,0,26 27 28,1,100,,12401,7,0,26 27 28,1,100,,12410,7,0,26 27 28,1,100,,12398,7,0,26 27 28,1,100,,12399,7,0,26 27 28,1,100,,12407,7,0,26 27 28,1,100,,12405,7,0,26 27 28,1,100,,12406,7,0,26 27 28,1,100,,12403,7,0,26 27 28,1,100,,12411,7,0,26 27 28,1
2500,'8',705,,12417,7,0,26 27 28,1,100,,12424,7,0,26 27 28,1,100,,12414,7,0,26 27 28,1,100,,12423,7,0,26 27 28,1,100,,12422,7,0,26 27 28,1,100,,12426,7,0,26 27 28,1,100,,12420,7,0,26 27 28,1,100,,12416,7,0,26 27 28,1,100,,12428,7,0,26 27 28,1,100,,12419,7,0,26 27 28,1,100,,12421,7,0,26 27 28,1,100,,12425,7,0,26 27 28,1,100,,12415,7,0,26 27 28,1,100,,12427,7,0,26 27 28,1,100,,12429,7,0,26 27 28,1,100,,12418,7,0,26 27 28,1
2500,'9',705,,12438,7,0,26 27 28,1,100,,12433,7,0,26 27 28,1,100,,12432,7,0,26 27 28,1,100,,12440,7,0,26 27 28,1,100,,12445,7,0,26 27 28,1,100,,12430,7,0,26 27 28,1,100,,12431,7,0,26 27 28,1,100,,12441,7,0,26 27 28,1,100,,12434,7,0,26 27 28,1,100,,12442,7,0,26 27 28,1,100,,12439,7,0,26 27 28,1,100,,12437,7,0,26 27 28,1,100,,12436,7,0,26 27 28,1,100,,12435,7,0,26 27 28,1,100,,12443,7,0,26 27 28,1,100,,12444,7,0,26 27 28,1
