7501,'1',719,,15467,5,0,20 21 23 24,1,100,,15465,5,0,20 21 23 24,1,100,,15463,5,0,20 21 23 24,1,100,,15468,5,0,20 21 23 24,1,100,,15455,5,0,20 21 23 24,1,100,,15457,5,0,20 21 23 24,1,100,,15456,5,0,20 21 23 24,1,100,,15459,5,0,20 21 23 24,1,100,,15461,5,0,20 21 23 24,1,100,,15453,5,0,20 21 23 24,1,100,,15462,5,0,20 21 23 24,1,100,,15458,5,0,20 21 23 24,1,100,,15454,5,0,20 21 23 24,1,100,,15464,5,0,20 21 23 24,1,100,,15466,5,0,20 21 23 24,1,100,,15460,5,0,20 21 23 24,1
7501,'10',1019,,15474,5,0,20 21 23 24,1,100,,15472,5,0,20 21 23 24,1,100,,15469,5,0,20 21 23 24,1,100,,15470,5,0,20 21 23 24,1,100,,15471,5,0,20 21 23 24,1,100,,15473,5,0,20 21 23 24,1,100,,15476,5,0,20 21 23 24,1,100,,15475,5,0,20 21 23 24,1
7501,'11',1019,,15480,5,0,20 21 23 24,1,100,,15479,5,0,20 21 23 24,1,100,,15484,5,0,20 21 23 24,1,100,,15477,5,0,20 21 23 24,1,100,,15481,5,0,20 21 23 24,1,100,,15483,5,0,20 21 23 24,1,100,,15482,5,0,20 21 23 24,1,100,,15478,5,0,20 21 23 24,1
7501,'2',719,,15516,4,0,11 2 23 24,1,30,,15498,4,0,11 2 23 24,1,70,,15501,4,0,11 2 23 24,1,30,,15502,4,0,11 2 23 24,1,70,,15505,4,0,11 2 23 24,1,30,,15509,4,0,11 2 23 24,1,70,,15506,4,0,11 2 23 24,1,30,,15503,4,0,11 2 23 24,1,70,,15495,4,0,11 2 23 24,1,30,,15507,4,0,11 2 23 24,1,70,,15488,4,0,11 2 23 24,1,30,,15487,4,0,11 2 23 24,1,70,,15497,4,0,11 2 23 24,1,30,,15490,4,0,11 2 23 24,1,70,,15514,4,0,11 2 23 24,1,30,,15485,4,0,11 2 23 24,1,70,,15508,4,0,11 2 23 24,1,30,,15515,4,0,11 2 23 24,1,70,,15496,4,0,11 2 23 24,1,30,,15486,4,0,11 2 23 24,1,70,,15512,5,0,20 21 23 24,1,30,,15510,5,0,20 21 23 24,1,70,,15504,5,0,20 21 23 24,1,30,,15511,5,0,20 21 23 24,1,70,,15491,5,0,20 21 23 24,1,30,,15493,5,0,20 21 23 24,1,70,,15513,5,0,20 21 23 24,1,30,,15499,5,0,20 21 23 24,1,70,,15492,5,0,20 21 23 24,1,30,,15489,5,0,20 21 23 24,1,70,,15500,5,0,20 21 23 24,1,30,,15494,5,0,20 21 23 24,1
7501,'3',719,,15532,4,0,11 2 23 24,1,30,,15520,4,0,11 2 23 24,1,70,,15540,4,0,11 2 23 24,1,30,,15521,4,0,11 2 23 24,1,70,,15522,4,0,11 2 23 24,1,30,,15529,4,0,11 2 23 24,1,70,,15519,4,0,11 2 23 24,1,30,,15518,4,0,11 2 23 24,1,70,,15533,4,0,11 2 23 24,1,30,,15523,4,0,11 2 23 24,1,70,,15538,4,0,11 2 23 24,1,30,,15541,4,0,11 2 23 24,1,70,,15545,4,0,11 2 23 24,1,30,,15517,4,0,11 2 23 24,1,70,,15536,4,0,11 2 23 24,1,30,,15526,4,0,11 2 23 24,1,70,,15535,4,0,11 2 23 24,1,30,,15547,4,0,11 2 23 24,1,70,,15528,4,0,11 2 23 24,1,30,,15539,4,0,11 2 23 24,1,70,,15527,5,0,20 21 23 24,1,30,,15524,5,0,20 21 23 24,1,70,,15546,5,0,20 21 23 24,1,30,,15543,5,0,20 21 23 24,1,70,,15548,5,0,20 21 23 24,1,30,,15537,5,0,20 21 23 24,1,70,,15534,5,0,20 21 23 24,1,30,,15531,5,0,20 21 23 24,1,70,,15542,5,0,20 21 23 24,1,30,,15544,5,0,20 21 23 24,1,70,,15530,5,0,20 21 23 24,1,30,,15525,5,0,20 21 23 24,1
7501,'4',719,,15550,4,0,11 2 23 24,1,30,,15572,4,0,11 2 23 24,1,70,,15563,4,0,11 2 23 24,1,30,,15567,4,0,11 2 23 24,1,70,,15564,4,0,11 2 23 24,1,30,,15571,4,0,11 2 23 24,1,70,,15551,4,0,11 2 23 24,1,30,,15577,4,0,11 2 23 24,1,70,,15574,4,0,11 2 23 24,1,30,,15579,4,0,11 2 23 24,1,70,,15578,4,0,11 2 23 24,1,30,,15566,4,0,11 2 23 24,1,70,,15555,4,0,11 2 23 24,1,30,,15552,4,0,11 2 23 24,1,70,,15559,4,0,11 2 23 24,1,30,,15562,4,0,11 2 23 24,1,70,,15560,4,0,11 2 23 24,1,30,,15576,4,0,11 2 23 24,1,70,,15565,4,0,11 2 23 24,1,30,,15569,4,0,11 2 23 24,1,70,,15557,5,0,20 21 23 24,1,30,,15558,5,0,20 21 23 24,1,70,,15573,5,0,20 21 23 24,1,30,,11937,5,0,20 21 23 24,1,70,,15568,5,0,20 21 23 24,1,30,,15570,5,0,20 21 23 24,1,70,,15549,5,0,20 21 23 24,1,30,,15561,5,0,20 21 23 24,1,70,,15554,5,0,20 21 23 24,1,30,,15553,5,0,20 21 23 24,1,70,,15556,5,0,20 21 23 24,1,30,,15575,5,0,20 21 23 24,1
7501,'5',719,,15580,5,0,20 21 23 24,1,100,,15594,5,0,20 21 23 24,1,100,,15590,5,0,20 21 23 24,1,100,,15592,5,0,20 21 23 24,1,100,,15586,5,0,20 21 23 24,1,100,,15588,5,0,20 21 23 24,1,100,,15585,5,0,20 21 23 24,1,100,,15591,5,0,20 21 23 24,1,100,,15581,5,0,20 21 23 24,1,100,,15583,5,0,20 21 23 24,1,100,,15584,5,0,20 21 23 24,1,100,,15587,5,0,20 21 23 24,1,100,,15589,5,0,20 21 23 24,1,100,,15593,5,0,20 21 23 24,1,100,,15595,5,0,20 21 23 24,1,100,,15582,5,0,20 21 23 24,1
7501,'6',1019,,15601,5,0,20 21 23 24,1,100,,15597,5,0,20 21 23 24,1,100,,15596,5,0,20 21 23 24,1,100,,15599,5,0,20 21 23 24,1,100,,15602,5,0,20 21 23 24,1,100,,15598,5,0,20 21 23 24,1,100,,15603,5,0,20 21 23 24,1,100,,15600,5,0,20 21 23 24,1
7501,'7',719,,15620,4,0,11 2 23 24,1,30,,15619,4,0,11 2 23 24,1,70,,15622,4,0,11 2 23 24,1,30,,15635,4,0,11 2 23 24,1,70,,15627,4,0,11 2 23 24,1,30,,15612,4,0,11 2 23 24,1,70,,15626,4,0,11 2 23 24,1,30,,15610,4,0,11 2 23 24,1,70,,15632,4,0,11 2 23 24,1,30,,15605,4,0,11 2 23 24,1,70,,15613,4,0,11 2 23 24,1,30,,15604,4,0,11 2 23 24,1,70,,15617,4,0,11 2 23 24,1,30,,15623,4,0,11 2 23 24,1,70,,15609,4,0,11 2 23 24,1,30,,15631,4,0,11 2 23 24,1,70,,15628,4,0,11 2 23 24,1,30,,15629,4,0,11 2 23 24,1,70,,15630,4,0,11 2 23 24,1,30,,15621,4,0,11 2 23 24,1,70,,15625,5,0,20 21 23 24,1,30,,15633,5,0,20 21 23 24,1,70,,15606,5,0,20 21 23 24,1,30,,15634,5,0,20 21 23 24,1,70,,15615,5,0,20 21 23 24,1,30,,15624,5,0,20 21 23 24,1,70,,15616,5,0,20 21 23 24,1,30,,15614,5,0,20 21 23 24,1,70,,15618,5,0,20 21 23 24,1,30,,15607,5,0,20 21 23 24,1,70,,15611,5,0,20 21 23 24,1,30,,15608,5,0,20 21 23 24,1
7501,'8',719,,15662,4,0,11 2 23 24,1,30,,15650,4,0,11 2 23 24,1,70,,15664,4,0,11 2 23 24,1,30,,15663,4,0,11 2 23 24,1,70,,15644,4,0,11 2 23 24,1,30,,15658,4,0,11 2 23 24,1,70,,15653,4,0,11 2 23 24,1,30,,15667,4,0,11 2 23 24,1,70,,15657,4,0,11 2 23 24,1,30,,15659,4,0,11 2 23 24,1,70,,15636,4,0,11 2 23 24,1,30,,15641,4,0,11 2 23 24,1,70,,15665,4,0,11 2 23 24,1,30,,15649,4,0,11 2 23 24,1,70,,15654,4,0,11 2 23 24,1,30,,15648,4,0,11 2 23 24,1,70,,15652,4,0,11 2 23 24,1,30,,15647,4,0,11 2 23 24,1,70,,15642,4,0,11 2 23 24,1,30,,15639,4,0,11 2 23 24,1,70,,15637,5,0,20 21 23 24,1,30,,15640,5,0,20 21 23 24,1,70,,15661,5,0,20 21 23 24,1,30,,15643,5,0,20 21 23 24,1,70,,15646,5,0,20 21 23 24,1,30,,15666,5,0,20 21 23 24,1,70,,15651,5,0,20 21 23 24,1,30,,15655,5,0,20 21 23 24,1,70,,15645,5,0,20 21 23 24,1,30,,15656,5,0,20 21 23 24,1,70,,15660,5,0,20 21 23 24,1,30,,15638,5,0,20 21 23 24,1
7501,'9',719,,15688,4,0,11 2 23 24,1,30,,15685,4,0,11 2 23 24,1,70,,15672,4,0,11 2 23 24,1,30,,15687,4,0,11 2 23 24,1,70,,15696,4,0,11 2 23 24,1,30,,15684,4,0,11 2 23 24,1,70,,15675,4,0,11 2 23 24,1,30,,15694,4,0,11 2 23 24,1,70,,15697,4,0,11 2 23 24,1,30,,15690,4,0,11 2 23 24,1,70,,15680,4,0,11 2 23 24,1,30,,15689,4,0,11 2 23 24,1,70,,15698,4,0,11 2 23 24,1,30,,15674,4,0,11 2 23 24,1,70,,15669,4,0,11 2 23 24,1,30,,15678,4,0,11 2 23 24,1,70,,15679,4,0,11 2 23 24,1,30,,15671,4,0,11 2 23 24,1,70,,15691,4,0,11 2 23 24,1,30,,15681,4,0,11 2 23 24,1,70,,15682,5,0,20 21 23 24,1,30,,15676,5,0,20 21 23 24,1,70,,15683,5,0,20 21 23 24,1,30,,15668,5,0,20 21 23 24,1,70,,15692,5,0,20 21 23 24,1,30,,15699,5,0,20 21 23 24,1,70,,15686,5,0,20 21 23 24,1,30,,15677,5,0,20 21 23 24,1,70,,15693,5,0,20 21 23 24,1,30,,15673,5,0,20 21 23 24,1,70,,15695,5,0,20 21 23 24,1,30,,15670,5,0,20 21 23 24,1
