6001,'2',705,,14529,1,0,13 2 7 8 17,1,30,,14495,1,0,13 2 7 8 17,1,70,,14481,1,0,13 2 7 8 17,1,30,,14498,1,0,13 2 7 8 17,1
6001,'3',705,,14559,1,0,13 2 7 8 17,1,30,,14536,1,0,13 2 7 8 17,1,70,,14557,1,0,13 2 7 8 17,1,30,,14579,1,0,13 2 7 8 17,1
6001,'4',705,,14599,1,0,13 2 7 8 17,1,30,,14601,1,0,13 2 7 8 17,1,70,,14616,1,0,13 2 7 8 17,1,30,,14636,1,0,13 2 7 8 17,1
6001,'7',705,,14687,1,0,13 2 7 8 17,1,30,,14698,1,0,13 2 7 8 17,1,70,,14666,1,0,13 2 7 8 17,1,30,,14668,1,0,13 2 7 8 17,1
6001,'8',705,,14720,1,0,13 2 7 8 17,1,30,,14767,1,0,13 2 7 8 17,1,70,,14722,1,0,13 2 7 8 17,1,30,,14725,1,0,13 2 7 8 17,1
6001,'9',705,,14782,1,0,13 2 7 8 17,1,30,,14792,1,0,13 2 7 8 17,1,70,,14798,1,0,13 2 7 8 17,1,30,,14806,1,0,13 2 7 8 17,1
6501,'2',802,,14895,2,4,,1,32,,14872,2,4,,1
6501,'3',802,,14922,2,4,,1,32,,14946,2,4,,1
6501,'4',802,,14976,2,4,,1,32,,14993,2,4,,1
6501,'7',802,,15066,2,4,,1,32,,15081,2,4,,1
6501,'8',802,,15106,2,4,,1,32,,15110,2,4,,1
6501,'9',802,,15155,2,4,,1,32,,15206,2,4,,1
