4501,'11',745,,11167,6,0,20 21 30 12,1,100,,11168,6,0,20 21 30 12,1,100,,11159,6,0,20 21 30 12,1,100,,11169,6,0,20 21 30 12,1,100,,11170,6,0,20 21 30 12,1,100,,11164,6,0,20 21 30 12,1,100,,11165,6,0,20 21 30 12,1,100,,11161,6,0,20 21 30 12,1,100,,11173,6,0,20 21 30 12,1,100,,11162,6,0,20 21 30 12,1,100,,10388,6,0,20 21 30 12,1,100,,11160,6,0,20 21 30 12,1,100,,11166,6,0,20 21 30 12,1,100,,11172,6,0,20 21 30 12,1,100,,11163,6,0,20 21 30 12,1,100,,11171,6,0,20 21 30 12,1
4501,'2',745,,11227,4,0,11 2 5 12,1,100,,11265,4,0,11 2 5 12,1,100,,11249,4,0,11 2 5 12,1,100,,11201,4,0,11 2 5 12,1,100,,11209,4,0,11 2 5 12,1,100,,11211,4,0,11 2 5 12,1,100,,11235,4,0,11 2 5 12,1,100,,11215,4,0,11 2 5 12,1,100,,11222,4,0,11 2 5 12,1,100,,11225,4,0,11 2 5 12,1,100,,11195,4,0,11 2 5 12,1,100,,11260,6,0,20 21 30 12,1,100,,11216,6,0,20 21 30 12,1,100,,11252,6,0,20 21 30 12,1,100,,11223,6,0,20 21 30 12,1,100,,11188,6,0,20 21 30 12,1
4501,'6',1037,,11280,6,0,20 21 30 12,1,100,,11277,6,0,20 21 30 12,1,100,,11284,6,0,20 21 30 12,1,100,,11282,6,0,20 21 30 12,1,100,,11279,6,0,20 21 30 12,1,100,,11278,6,0,20 21 30 12,1,100,,11283,6,0,20 21 30 12,1,100,,11281,6,0,20 21 30 12,1
4501,'8',745,,11295,4,0,11 2 5 12,1,100,,11376,4,0,11 2 5 12,1,100,,11316,4,0,11 2 5 12,1,100,,11314,4,0,11 2 5 12,1,100,,11301,4,0,11 2 5 12,1,100,,11324,4,0,11 2 5 12,1,100,,11347,4,0,11 2 5 12,1,100,,11328,4,0,11 2 5 12,1,100,,11335,4,0,11 2 5 12,1,100,,11338,4,0,11 2 5 12,1,100,,11308,4,0,11 2 5 12,1,100,,11371,6,0,20 21 30 12,1,100,,11329,6,0,20 21 30 12,1,100,,11363,6,0,20 21 30 12,1,100,,11336,6,0,20 21 30 12,1,100,,11300,6,0,20 21 30 12,1
4501,'9',1037,,11395,6,0,20 21 30 12,1,100,,11393,6,0,20 21 30 12,1,100,,11394,6,0,20 21 30 12,1,100,,11391,6,0,20 21 30 12,1,100,,11388,6,0,20 21 30 12,1,100,,11390,6,0,20 21 30 12,1,100,,11389,6,0,20 21 30 12,1,100,,11392,6,0,20 21 30 12,1
5501,'11',741,,11465,11,0,20 21 5 12,1,100,,11473,11,0,20 21 5 12,1,100,,11467,11,0,20 21 5 12,1,100,,11466,11,0,20 21 5 12,1,100,,11472,11,0,20 21 5 12,1,100,,11460,11,0,20 21 5 12,1,100,,11464,11,0,20 21 5 12,1,100,,11461,11,0,20 21 5 12,1,100,,11469,11,0,20 21 5 12,1,100,,11470,11,0,20 21 5 12,1,100,,11474,11,0,20 21 5 12,1,100,,11462,11,0,20 21 5 12,1,100,,11471,11,0,20 21 5 12,1,100,,11459,11,0,20 21 5 12,1,100,,11463,11,0,20 21 5 12,1,100,,11468,11,0,20 21 5 12,1
5501,'2',737,,11479,10,0,11 2 5 12,1,100,,11486,10,0,11 2 5 12,1,100,,11489,10,0,11 2 5 12,1,100,,11487,10,0,11 2 5 12,1,100,,11484,10,0,11 2 5 12,1,100,,11477,10,0,11 2 5 12,1,100,,11483,10,0,11 2 5 12,1,100,,11481,10,0,11 2 5 12,1,100,,11480,10,0,11 2 5 12,1,100,,11478,10,0,11 2 5 12,1,100,,11475,10,0,11 2 5 12,1,104,,11476,11,0,20 21 5 12,1,100,,11490,11,0,20 21 5 12,1,100,,11488,11,0,20 21 5 12,1,100,,11485,11,0,20 21 5 12,1,100,,11482,11,0,20 21 5 12,1
5501,'6',1037,,11495,11,0,20 21 5 12,1,100,,11498,11,0,20 21 5 12,1,100,,11494,11,0,20 21 5 12,1,100,,11497,11,0,20 21 5 12,1,100,,11496,11,0,20 21 5 12,1,100,,11491,11,0,20 21 5 12,1,100,,11492,11,0,20 21 5 12,1,100,,11493,11,0,20 21 5 12,1
5501,'8',737,,11503,10,0,11 2 5 12,1,100,,11510,10,0,11 2 5 12,1,100,,11513,10,0,11 2 5 12,1,100,,11511,10,0,11 2 5 12,1,100,,11508,10,0,11 2 5 12,1,100,,11501,10,0,11 2 5 12,1,100,,11507,10,0,11 2 5 12,1,100,,11505,10,0,11 2 5 12,1,100,,11504,10,0,11 2 5 12,1,100,,11502,10,0,11 2 5 12,1,100,,11499,10,0,11 2 5 12,1,104,,11500,11,0,20 21 5 12,1,100,,11514,11,0,20 21 5 12,1,100,,11512,11,0,20 21 5 12,1,100,,11509,11,0,20 21 5 12,1,100,,11506,11,0,20 21 5 12,1
5501,'9',1037,,11520,11,0,20 21 5 12,1,100,,11518,11,0,20 21 5 12,1,100,,11515,11,0,20 21 5 12,1,100,,11522,11,0,20 21 5 12,1,100,,11516,11,0,20 21 5 12,1,100,,11517,11,0,20 21 5 12,1,100,,11519,11,0,20 21 5 12,1,100,,11521,11,0,20 21 5 12,1
6501,'11',742,,11665,8,0,20 21 5 12,1,100,,11663,8,0,20 21 5 12,1,100,,11659,8,0,20 21 5 12,1,100,,11655,8,0,20 21 5 12,1,100,,11664,8,0,20 21 5 12,1,100,,11656,8,0,20 21 5 12,1,100,,11657,8,0,20 21 5 12,1,100,,11662,8,0,20 21 5 12,1,100,,11653,8,0,20 21 5 12,1,100,,11651,8,0,20 21 5 12,1,100,,11658,8,0,20 21 5 12,1,100,,11661,8,0,20 21 5 12,1,100,,11666,8,0,20 21 5 12,1,100,,11660,8,0,20 21 5 12,1,100,,11654,8,0,20 21 5 12,1,100,,11652,8,0,20 21 5 12,1
6501,'2',1842,,11690,8,0,20 21 5 12,1,70,,11670,8,0,20 21 5 12,1,30,,11683,8,0,20 21 5 12,1,70,,11715,8,0,20 21 5 12,1,30,,11679,8,0,20 21 5 12,1,70,,11720,8,0,20 21 5 12,1,30,,11712,8,0,20 21 5 12,1,70,,11706,8,0,20 21 5 12,1,30,,11693,8,0,20 21 5 12,1,70,,11709,8,0,20 21 5 12,1
6501,'6',1042,,11727,8,0,20 21 5 12,1,100,,11723,8,0,20 21 5 12,1,100,,11726,8,0,20 21 5 12,1,100,,11724,8,0,20 21 5 12,1,100,,11725,8,0,20 21 5 12,1,100,,11721,8,0,20 21 5 12,1,100,,11728,8,0,20 21 5 12,1,100,,11722,8,0,20 21 5 12,1
6501,'8',1842,,11751,8,0,20 21 5 12,1,70,,11732,8,0,20 21 5 12,1,30,,11744,8,0,20 21 5 12,1,70,,11777,8,0,20 21 5 12,1,30,,11740,8,0,20 21 5 12,1,70,,11782,8,0,20 21 5 12,1,30,,11774,8,0,20 21 5 12,1,70,,11768,8,0,20 21 5 12,1,30,,11755,8,0,20 21 5 12,1,70,,11771,8,0,20 21 5 12,1
6501,'9',1042,,11788,8,0,20 21 5 12,1,100,,11785,8,0,20 21 5 12,1,100,,11787,8,0,20 21 5 12,1,100,,11786,8,0,20 21 5 12,1,100,,11783,8,0,20 21 5 12,1,100,,11789,8,0,20 21 5 12,1,100,,11784,8,0,20 21 5 12,1,100,,11790,8,0,20 21 5 12,1
