5001,'1',734,,9571,9,0,20 21 23 24,1,100,,9580,9,0,20 21 23 24,1,100,,9577,9,0,20 21 23 24,1,100,,9572,9,0,20 21 23 24,1,100,,7887,9,0,20 21 23 24,1,100,,9567,9,0,20 21 23 24,1,100,,9569,9,0,20 21 23 24,1,100,,9568,9,0,20 21 23 24,1,100,,9570,9,0,20 21 23 24,1,100,,9578,9,0,20 21 23 24,1,100,,9576,9,0,20 21 23 24,1,100,,9581,9,0,20 21 23 24,1,100,,9575,9,0,20 21 23 24,1,100,,9573,9,0,20 21 23 24,1,100,,9574,9,0,20 21 23 24,1,100,,9579,9,0,20 21 23 24,1
5001,'11',734,,9587,9,0,20 21 23 24,1,100,,9596,9,0,20 21 23 24,1,100,,9593,9,0,20 21 23 24,1,100,,9588,9,0,20 21 23 24,1,100,,9586,9,0,20 21 23 24,1,100,,9582,9,0,20 21 23 24,1,100,,9584,9,0,20 21 23 24,1,100,,9583,9,0,20 21 23 24,1,100,,9585,9,0,20 21 23 24,1,100,,9594,9,0,20 21 23 24,1,100,,9592,9,0,20 21 23 24,1,100,,9597,9,0,20 21 23 24,1,100,,9591,9,0,20 21 23 24,1,100,,9589,9,0,20 21 23 24,1,100,,9590,9,0,20 21 23 24,1,100,,9595,9,0,20 21 23 24,1
5001,'12',734,,9602,9,0,11 2 23 24,1,100,,9613,9,0,11 2 23 24,1,100,,9608,9,0,11 2 23 24,1,100,,9610,9,0,11 2 23 24,1,100,,9612,9,0,11 2 23 24,1,100,,9604,9,0,11 2 23 24,1,100,,9599,9,0,11 2 23 24,1,100,,9603,9,0,11 2 23 24,1,100,,9607,9,0,11 2 23 24,1,100,,9598,9,0,11 2 23 24,1,100,,9609,9,0,11 2 23 24,1,100,,9601,9,0,20 21 23 24,1,100,,9600,9,0,20 21 23 24,1,100,,9605,9,0,20 21 23 24,1,100,,9606,9,0,20 21 23 24,1,100,,9611,9,0,20 21 23 24,1
5001,'13',734,,9617,9,0,11 2 23 24,1,100,,9628,9,0,11 2 23 24,1,100,,9623,9,0,11 2 23 24,1,100,,9625,9,0,11 2 23 24,1,100,,9627,9,0,11 2 23 24,1,100,,9619,9,0,11 2 23 24,1,100,,9615,9,0,11 2 23 24,1,100,,9618,9,0,11 2 23 24,1,100,,9622,9,0,11 2 23 24,1,100,,9614,9,0,11 2 23 24,1,100,,9624,9,0,11 2 23 24,1,100,,9616,9,0,20 21 23 24,1,100,,7470,9,0,20 21 23 24,1,100,,9620,9,0,20 21 23 24,1,100,,9621,9,0,20 21 23 24,1,100,,9626,9,0,20 21 23 24,1
5001,'16',734,,9633,9,0,20 21 23 24,1,100,,9642,9,0,20 21 23 24,1,100,,9639,9,0,20 21 23 24,1,100,,9634,9,0,20 21 23 24,1,100,,7954,9,0,20 21 23 24,1,100,,9629,9,0,20 21 23 24,1,100,,9631,9,0,20 21 23 24,1,100,,9630,9,0,20 21 23 24,1,100,,9632,9,0,20 21 23 24,1,100,,9640,9,0,20 21 23 24,1,100,,9638,9,0,20 21 23 24,1,100,,9643,9,0,20 21 23 24,1,100,,9637,9,0,20 21 23 24,1,100,,9635,9,0,20 21 23 24,1,100,,9636,9,0,20 21 23 24,1,100,,9641,9,0,20 21 23 24,1
5001,'3',734,,9647,9,0,11 2 23 24,1,100,,9658,9,0,11 2 23 24,1,100,,9653,9,0,11 2 23 24,1,100,,9655,9,0,11 2 23 24,1,100,,9657,9,0,11 2 23 24,1,100,,9649,9,0,11 2 23 24,1,100,,9645,9,0,11 2 23 24,1,100,,9648,9,0,11 2 23 24,1,100,,9652,9,0,11 2 23 24,1,100,,9644,9,0,11 2 23 24,1,100,,9654,9,0,11 2 23 24,1,100,,9646,9,0,20 21 23 24,1,100,,7566,9,0,20 21 23 24,1,100,,9650,9,0,20 21 23 24,1,100,,9651,9,0,20 21 23 24,1,100,,9656,9,0,20 21 23 24,1
5001,'6',734,,9663,9,0,11 2 23 24,1,100,,9674,9,0,11 2 23 24,1,100,,9669,9,0,11 2 23 24,1,100,,9671,9,0,11 2 23 24,1,100,,9673,9,0,11 2 23 24,1,100,,9665,9,0,11 2 23 24,1,100,,9660,9,0,11 2 23 24,1,100,,9664,9,0,11 2 23 24,1,100,,9668,9,0,11 2 23 24,1,100,,9659,9,0,11 2 23 24,1,100,,9670,9,0,11 2 23 24,1,100,,9662,9,0,20 21 23 24,1,100,,9661,9,0,20 21 23 24,1,100,,9666,9,0,20 21 23 24,1,100,,9667,9,0,20 21 23 24,1,100,,9672,9,0,20 21 23 24,1
5501,'1',721,,9680,5,0,20 21 5 12,1,100,,9690,5,0,20 21 5 12,1,100,,9685,5,0,20 21 5 12,1,100,,9678,5,0,20 21 5 12,1,100,,9689,5,0,20 21 5 12,1,100,,9682,5,0,20 21 5 12,1,100,,9676,5,0,20 21 5 12,1,100,,9684,5,0,20 21 5 12,1,100,,9686,5,0,20 21 5 12,1,100,,9683,5,0,20 21 5 12,1,100,,9681,5,0,20 21 5 12,1,100,,9675,5,0,20 21 5 12,1,100,,9677,5,0,20 21 5 12,1,100,,9679,5,0,20 21 5 12,1,100,,9687,5,0,20 21 5 12,1,100,,9688,5,0,20 21 5 12,1
5501,'11',721,,9696,5,0,20 21 5 12,1,100,,9706,5,0,20 21 5 12,1,100,,9701,5,0,20 21 5 12,1,100,,9694,5,0,20 21 5 12,1,100,,9705,5,0,20 21 5 12,1,100,,9698,5,0,20 21 5 12,1,100,,9692,5,0,20 21 5 12,1,100,,9700,5,0,20 21 5 12,1,100,,9702,5,0,20 21 5 12,1,100,,9699,5,0,20 21 5 12,1,100,,9697,5,0,20 21 5 12,1,100,,9691,5,0,20 21 5 12,1,100,,9693,5,0,20 21 5 12,1,100,,9695,5,0,20 21 5 12,1,100,,9703,5,0,20 21 5 12,1,100,,9704,5,0,20 21 5 12,1
5501,'12',718,,9714,4,0,11 2 5 12,1,100,,9715,4,0,11 2 5 12,1,100,,9717,4,0,11 2 5 12,1,100,,9713,4,0,11 2 5 12,1,100,,9718,4,0,11 2 5 12,1,100,,9720,4,0,11 2 5 12,1,100,,9710,4,0,11 2 5 12,1,100,,9708,4,0,11 2 5 12,1,100,,9722,4,0,11 2 5 12,1,100,,9716,4,0,11 2 5 12,1,100,,9721,4,0,11 2 5 12,1,103,,9711,5,0,20 21 5 12,1,100,,9719,5,0,20 21 5 12,1,100,,9712,5,0,20 21 5 12,1,100,,9709,5,0,20 21 5 12,1,100,,9707,5,0,20 21 5 12,1
5501,'13',718,,9729,4,0,11 2 5 12,1,100,,9730,4,0,11 2 5 12,1,100,,9732,4,0,11 2 5 12,1,100,,9728,4,0,11 2 5 12,1,100,,9733,4,0,11 2 5 12,1,100,,9735,4,0,11 2 5 12,1,100,,9726,4,0,11 2 5 12,1,100,,9724,4,0,11 2 5 12,1,100,,9737,4,0,11 2 5 12,1,100,,9731,4,0,11 2 5 12,1,100,,9736,4,0,11 2 5 12,1,103,,7648,5,0,20 21 5 12,1,100,,9734,5,0,20 21 5 12,1,100,,9727,5,0,20 21 5 12,1,100,,9725,5,0,20 21 5 12,1,100,,9723,5,0,20 21 5 12,1
5501,'16',721,,9743,5,0,20 21 5 12,1,100,,9753,5,0,20 21 5 12,1,100,,9748,5,0,20 21 5 12,1,100,,9741,5,0,20 21 5 12,1,100,,9752,5,0,20 21 5 12,1,100,,9745,5,0,20 21 5 12,1,100,,9739,5,0,20 21 5 12,1,100,,9747,5,0,20 21 5 12,1,100,,9749,5,0,20 21 5 12,1,100,,9746,5,0,20 21 5 12,1,100,,9744,5,0,20 21 5 12,1,100,,9738,5,0,20 21 5 12,1,100,,9740,5,0,20 21 5 12,1,100,,9742,5,0,20 21 5 12,1,100,,9750,5,0,20 21 5 12,1,100,,9751,5,0,20 21 5 12,1
5501,'3',718,,9760,4,0,11 2 5 12,1,100,,9761,4,0,11 2 5 12,1,100,,9763,4,0,11 2 5 12,1,100,,9759,4,0,11 2 5 12,1,100,,9764,4,0,11 2 5 12,1,100,,9766,4,0,11 2 5 12,1,100,,9757,4,0,11 2 5 12,1,100,,9755,4,0,11 2 5 12,1,100,,9768,4,0,11 2 5 12,1,100,,9762,4,0,11 2 5 12,1,100,,9767,4,0,11 2 5 12,1,103,,7679,5,0,20 21 5 12,1,100,,9765,5,0,20 21 5 12,1,100,,9758,5,0,20 21 5 12,1,100,,9756,5,0,20 21 5 12,1,100,,9754,5,0,20 21 5 12,1
5501,'6',718,,9776,4,0,11 2 5 12,1,100,,9777,4,0,11 2 5 12,1,100,,9779,4,0,11 2 5 12,1,100,,9775,4,0,11 2 5 12,1,100,,9780,4,0,11 2 5 12,1,100,,9782,4,0,11 2 5 12,1,100,,9772,4,0,11 2 5 12,1,100,,9770,4,0,11 2 5 12,1,100,,9784,4,0,11 2 5 12,1,100,,9778,4,0,11 2 5 12,1,100,,9783,4,0,11 2 5 12,1,103,,9773,5,0,20 21 5 12,1,100,,9781,5,0,20 21 5 12,1,100,,9774,5,0,20 21 5 12,1,100,,9771,5,0,20 21 5 12,1,100,,9769,5,0,20 21 5 12,1
7001,'1',717,,10301,5,0,22 2 6 2 7,1,100,,10303,5,0,22 2 6 2 7,1,100,,10298,5,0,22 2 6 2 7,1,100,,10309,5,0,22 2 6 2 7,1,100,,10305,5,0,22 2 6 2 7,1,100,,10297,5,0,22 2 6 2 7,1,100,,10300,5,0,22 2 6 2 7,1,100,,10307,5,0,22 2 6 2 7,1,100,,10306,5,0,22 2 6 2 7,1,100,,10296,5,0,22 2 6 2 7,1,100,,10294,5,0,22 2 6 2 7,1,100,,10295,5,0,22 2 6 2 7,1,100,,10299,5,0,22 2 6 2 7,1,100,,10302,5,0,22 2 6 2 7,1,100,,10304,5,0,22 2 6 2 7,1,100,,10308,5,0,22 2 6 2 7,1
7001,'11',717,,10317,5,0,22 2 6 2 7,1,100,,10319,5,0,22 2 6 2 7,1,100,,10314,5,0,22 2 6 2 7,1,100,,10325,5,0,22 2 6 2 7,1,100,,10321,5,0,22 2 6 2 7,1,100,,10313,5,0,22 2 6 2 7,1,100,,10316,5,0,22 2 6 2 7,1,100,,10323,5,0,22 2 6 2 7,1,100,,10322,5,0,22 2 6 2 7,1,100,,10312,5,0,22 2 6 2 7,1,100,,10310,5,0,22 2 6 2 7,1,100,,10311,5,0,22 2 6 2 7,1,100,,10315,5,0,22 2 6 2 7,1,100,,10318,5,0,22 2 6 2 7,1,100,,10320,5,0,22 2 6 2 7,1,100,,10324,5,0,22 2 6 2 7,1
7001,'12',717,,10329,4,0,11 2 7,1,30,,10342,4,0,11 2 7,1,70,,10352,4,0,11 2 7,1,30,,10349,4,0,11 2 7,1,70,,10344,4,0,11 2 7,1,30,,10334,4,0,11 2 7,1,70,,10354,4,0,11 2 7,1,30,,10330,4,0,11 2 7,1,70,,10343,4,0,11 2 7,1,30,,10347,4,0,11 2 7,1,70,,10337,4,0,11 2 7,1,30,,10345,4,0,11 2 7,1,70,,10357,4,0,11 2 7,1,30,,10340,4,0,11 2 7,1,70,,10350,4,0,11 2 7,1,30,,10327,4,0,11 2 7,1,70,,10351,4,0,11 2 7,1,30,,10341,4,0,11 2 7,1,70,,10332,4,0,11 2 7,1,30,,10331,4,0,11 2 7,1,70,,10338,4,0,11 2 7,1,30,,10326,4,0,11 2 7,1,70,,10355,5,0,22 2 6 2 7,1,30,,10328,5,0,22 2 6 2 7,1,70,,10356,5,0,22 2 6 2 7,1,30,,10353,5,0,22 2 6 2 7,1,70,,10346,5,0,22 2 6 2 7,1,30,,10335,5,0,22 2 6 2 7,1,70,,10339,5,0,22 2 6 2 7,1,30,,10348,5,0,22 2 6 2 7,1,70,,10333,5,0,22 2 6 2 7,1,30,,10336,5,0,22 2 6 2 7,1
7001,'13',717,,10361,4,0,11 2 7,1,30,,10383,4,0,11 2 7,1,70,,10379,4,0,11 2 7,1,30,,10377,4,0,11 2 7,1,70,,10375,4,0,11 2 7,1,30,,10380,4,0,11 2 7,1,70,,10382,4,0,11 2 7,1,30,,10362,4,0,11 2 7,1,70,,10374,4,0,11 2 7,1,30,,10365,4,0,11 2 7,1,70,,10369,4,0,11 2 7,1,30,,7293,4,0,11 2 7,1,70,,10386,4,0,11 2 7,1,30,,10371,4,0,11 2 7,1,70,,7309,4,0,11 2 7,1,30,,10359,4,0,11 2 7,1,70,,10378,4,0,11 2 7,1,30,,10373,4,0,11 2 7,1,70,,10364,4,0,11 2 7,1,30,,10363,4,0,11 2 7,1,70,,10370,4,0,11 2 7,1,30,,10358,4,0,11 2 7,1,70,,10384,5,0,22 2 6 2 7,1,30,,10360,5,0,22 2 6 2 7,1,70,,10385,5,0,22 2 6 2 7,1,30,,10381,5,0,22 2 6 2 7,1,70,,10376,5,0,22 2 6 2 7,1,30,,10367,5,0,22 2 6 2 7,1,70,,10372,5,0,22 2 6 2 7,1,30,,7653,5,0,22 2 6 2 7,1,70,,10366,5,0,22 2 6 2 7,1,30,,10368,5,0,22 2 6 2 7,1
7001,'16',717,,10394,5,0,22 2 6 2 7,1,100,,10396,5,0,22 2 6 2 7,1,100,,10391,5,0,22 2 6 2 7,1,100,,10402,5,0,22 2 6 2 7,1,100,,10398,5,0,22 2 6 2 7,1,100,,10390,5,0,22 2 6 2 7,1,100,,10393,5,0,22 2 6 2 7,1,100,,10400,5,0,22 2 6 2 7,1,100,,10399,5,0,22 2 6 2 7,1,100,,10389,5,0,22 2 6 2 7,1,100,,10387,5,0,22 2 6 2 7,1,100,,10388,5,0,22 2 6 2 7,1,100,,10392,5,0,22 2 6 2 7,1,100,,10395,5,0,22 2 6 2 7,1,100,,10397,5,0,22 2 6 2 7,1,100,,10401,5,0,22 2 6 2 7,1
7001,'3',717,,10406,4,0,11 2 7,1,30,,10419,4,0,11 2 7,1,70,,10426,4,0,11 2 7,1,30,,10424,4,0,11 2 7,1,70,,10421,4,0,11 2 7,1,30,,10411,4,0,11 2 7,1,70,,10428,4,0,11 2 7,1,30,,10407,4,0,11 2 7,1,70,,10420,4,0,11 2 7,1,30,,10423,4,0,11 2 7,1,70,,10414,4,0,11 2 7,1,30,,7390,4,0,11 2 7,1,70,,10431,4,0,11 2 7,1,30,,10417,4,0,11 2 7,1,70,,7406,4,0,11 2 7,1,30,,10404,4,0,11 2 7,1,70,,10425,4,0,11 2 7,1,30,,10418,4,0,11 2 7,1,70,,10409,4,0,11 2 7,1,30,,10408,4,0,11 2 7,1,70,,10415,4,0,11 2 7,1,30,,10403,4,0,11 2 7,1,70,,10429,5,0,22 2 6 2 7,1,30,,10405,5,0,22 2 6 2 7,1,70,,10430,5,0,22 2 6 2 7,1,30,,10427,5,0,22 2 6 2 7,1,70,,10422,5,0,22 2 6 2 7,1,30,,10412,5,0,22 2 6 2 7,1,70,,10416,5,0,22 2 6 2 7,1,30,,7684,5,0,22 2 6 2 7,1,70,,10410,5,0,22 2 6 2 7,1,30,,10413,5,0,22 2 6 2 7,1
7001,'6',717,,10435,4,0,11 2 7,1,30,,10460,4,0,11 2 7,1,70,,10456,4,0,11 2 7,1,30,,10453,4,0,11 2 7,1,70,,10449,4,0,11 2 7,1,30,,10457,4,0,11 2 7,1,70,,10459,4,0,11 2 7,1,30,,10436,4,0,11 2 7,1,70,,10448,4,0,11 2 7,1,30,,10439,4,0,11 2 7,1,70,,10443,4,0,11 2 7,1,30,,10450,4,0,11 2 7,1,70,,10463,4,0,11 2 7,1,30,,10445,4,0,11 2 7,1,70,,10454,4,0,11 2 7,1,30,,10433,4,0,11 2 7,1,70,,10455,4,0,11 2 7,1,30,,10447,4,0,11 2 7,1,70,,10438,4,0,11 2 7,1,30,,10437,4,0,11 2 7,1,70,,10444,4,0,11 2 7,1,30,,10432,4,0,11 2 7,1,70,,10461,5,0,22 2 6 2 7,1,30,,10434,5,0,22 2 6 2 7,1,70,,10462,5,0,22 2 6 2 7,1,30,,10458,5,0,22 2 6 2 7,1,70,,10451,5,0,22 2 6 2 7,1,30,,10441,5,0,22 2 6 2 7,1,70,,10446,5,0,22 2 6 2 7,1,30,,10452,5,0,22 2 6 2 7,1,70,,10440,5,0,22 2 6 2 7,1,30,,10442,5,0,22 2 6 2 7,1
7501,'1',735,,10474,7,0,25 24,1,100,,10465,7,0,25 24,1,100,,10467,7,0,25 24,1,100,,10478,7,0,25 24,1,100,,7765,7,0,25 24,1,100,,10477,7,0,25 24,1,100,,10468,7,0,25 24,1,100,,10472,7,0,25 24,1,100,,10473,7,0,25 24,1,100,,10466,7,0,25 24,1,100,,10470,7,0,25 24,1,100,,10471,7,0,25 24,1,100,,10464,7,0,25 24,1,100,,10469,7,0,25 24,1,100,,10476,7,0,25 24,1,100,,10475,7,0,25 24,1
7501,'11',735,,10489,7,0,25 24,1,100,,10480,7,0,25 24,1,100,,10482,7,0,25 24,1,100,,10494,7,0,25 24,1,100,,10493,7,0,25 24,1,100,,10492,7,0,25 24,1,100,,10483,7,0,25 24,1,100,,10487,7,0,25 24,1,100,,10488,7,0,25 24,1,100,,10481,7,0,25 24,1,100,,10485,7,0,25 24,1,100,,10486,7,0,25 24,1,100,,10479,7,0,25 24,1,100,,10484,7,0,25 24,1,100,,10491,7,0,25 24,1,100,,10490,7,0,25 24,1
7501,'12',735,,10500,6,0,11 2 23 24,1,70,,10522,6,0,11 2 23 24,1,30,,10505,6,0,11 2 23 24,1,70,,10502,6,0,11 2 23 24,1,30,,10518,6,0,11 2 23 24,1,70,,10497,6,0,11 2 23 24,1,30,,10498,6,0,11 2 23 24,1,70,,10513,6,0,11 2 23 24,1,30,,10499,6,0,11 2 23 24,1,70,,10521,6,0,11 2 23 24,1,30,,10503,6,0,11 2 23 24,1,70,,10517,6,0,11 2 23 24,1,30,,10506,6,0,11 2 23 24,1,70,,10509,6,0,11 2 23 24,1,30,,10512,6,0,11 2 23 24,1,70,,10524,6,0,11 2 23 24,1,30,,10507,6,0,11 2 23 24,1,70,,10514,6,0,11 2 23 24,1,30,,10508,6,0,11 2 23 24,1,70,,10504,6,0,11 2 23 24,1,30,,10495,6,0,11 2 23 24,1,70,,10501,6,0,11 2 23 24,1,30,,10515,7,0,25 24,1,70,,10523,7,0,25 24,1,30,,10526,7,0,25 24,1,70,,10525,7,0,25 24,1,30,,10511,7,0,25 24,1,70,,10516,7,0,25 24,1,30,,10510,7,0,25 24,1,70,,10519,7,0,25 24,1,30,,10520,7,0,25 24,1,70,,10496,7,0,25 24,1
7501,'13',735,,10532,6,0,11 2 23 24,1,70,,10553,6,0,11 2 23 24,1,30,,10537,6,0,11 2 23 24,1,70,,10548,6,0,11 2 23 24,1,30,,10549,6,0,11 2 23 24,1,70,,8039,6,0,11 2 23 24,1,30,,10530,6,0,11 2 23 24,1,70,,10555,6,0,11 2 23 24,1,30,,10531,6,0,11 2 23 24,1,70,,10552,6,0,11 2 23 24,1,30,,10535,6,0,11 2 23 24,1,70,,10527,6,0,11 2 23 24,1,30,,10538,6,0,11 2 23 24,1,70,,10541,6,0,11 2 23 24,1,30,,10544,6,0,11 2 23 24,1,70,,10533,6,0,11 2 23 24,1,30,,10539,6,0,11 2 23 24,1,70,,10545,6,0,11 2 23 24,1,30,,10540,6,0,11 2 23 24,1,70,,10536,6,0,11 2 23 24,1,30,,10528,6,0,11 2 23 24,1,70,,10534,6,0,11 2 23 24,1,30,,10546,7,0,25 24,1,70,,10554,7,0,25 24,1,30,,10557,7,0,25 24,1,70,,10556,7,0,25 24,1,30,,10543,7,0,25 24,1,70,,10547,7,0,25 24,1,30,,10542,7,0,25 24,1,70,,10550,7,0,25 24,1,30,,10551,7,0,25 24,1,70,,10529,7,0,25 24,1
7501,'16',735,,10568,7,0,25 24,1,100,,10559,7,0,25 24,1,100,,10561,7,0,25 24,1,100,,10572,7,0,25 24,1,100,,7831,7,0,25 24,1,100,,10571,7,0,25 24,1,100,,10562,7,0,25 24,1,100,,10566,7,0,25 24,1,100,,10567,7,0,25 24,1,100,,10560,7,0,25 24,1,100,,10564,7,0,25 24,1,100,,10565,7,0,25 24,1,100,,10558,7,0,25 24,1,100,,10563,7,0,25 24,1,100,,10570,7,0,25 24,1,100,,10569,7,0,25 24,1
7501,'3',735,,10578,6,0,11 2 23 24,1,70,,10600,6,0,11 2 23 24,1,30,,10583,6,0,11 2 23 24,1,70,,10580,6,0,11 2 23 24,1,30,,10596,6,0,11 2 23 24,1,70,,10575,6,0,11 2 23 24,1,30,,10576,6,0,11 2 23 24,1,70,,10591,6,0,11 2 23 24,1,30,,10577,6,0,11 2 23 24,1,70,,10599,6,0,11 2 23 24,1,30,,10581,6,0,11 2 23 24,1,70,,10595,6,0,11 2 23 24,1,30,,10584,6,0,11 2 23 24,1,70,,10587,6,0,11 2 23 24,1,30,,10590,6,0,11 2 23 24,1,70,,10602,6,0,11 2 23 24,1,30,,10585,6,0,11 2 23 24,1,70,,10592,6,0,11 2 23 24,1,30,,10586,6,0,11 2 23 24,1,70,,10582,6,0,11 2 23 24,1,30,,10573,6,0,11 2 23 24,1,70,,10579,6,0,11 2 23 24,1,30,,10593,7,0,25 24,1,70,,10601,7,0,25 24,1,30,,10604,7,0,25 24,1,70,,10603,7,0,25 24,1,30,,10589,7,0,25 24,1,70,,10594,7,0,25 24,1,30,,10588,7,0,25 24,1,70,,10597,7,0,25 24,1,30,,10598,7,0,25 24,1,70,,10574,7,0,25 24,1
7501,'6',735,,10611,6,0,11 2 23 24,1,70,,10632,6,0,11 2 23 24,1,30,,10616,6,0,11 2 23 24,1,70,,10627,6,0,11 2 23 24,1,30,,10628,6,0,11 2 23 24,1,70,,10608,6,0,11 2 23 24,1,30,,10609,6,0,11 2 23 24,1,70,,10634,6,0,11 2 23 24,1,30,,10610,6,0,11 2 23 24,1,70,,10631,6,0,11 2 23 24,1,30,,10614,6,0,11 2 23 24,1,70,,10605,6,0,11 2 23 24,1,30,,10617,6,0,11 2 23 24,1,70,,10620,6,0,11 2 23 24,1,30,,10623,6,0,11 2 23 24,1,70,,10612,6,0,11 2 23 24,1,30,,10618,6,0,11 2 23 24,1,70,,10624,6,0,11 2 23 24,1,30,,10619,6,0,11 2 23 24,1,70,,10615,6,0,11 2 23 24,1,30,,10606,6,0,11 2 23 24,1,70,,10613,6,0,11 2 23 24,1,30,,10625,7,0,25 24,1,70,,10633,7,0,25 24,1,30,,10636,7,0,25 24,1,70,,10635,7,0,25 24,1,30,,10622,7,0,25 24,1,70,,10626,7,0,25 24,1,30,,10621,7,0,25 24,1,70,,10629,7,0,25 24,1,30,,10630,7,0,25 24,1,70,,10607,7,0,25 24,1
