4001,'11',705,,10936,1,0,20 21 29 24,1,100,,10931,1,0,20 21 29 24,1,100,,10945,1,0,20 21 29 24,1,100,,10943,1,0,20 21 29 24,1,100,,10937,1,0,20 21 29 24,1,100,,10941,1,0,20 21 29 24,1,100,,10930,1,0,20 21 29 24,1,100,,10934,1,0,20 21 29 24,1,100,,10940,1,0,20 21 29 24,1,100,,10938,1,0,20 21 29 24,1,100,,10942,1,0,20 21 29 24,1,100,,10932,1,0,20 21 29 24,1,100,,10939,1,0,20 21 29 24,1,100,,10933,1,0,20 21 29 24,1,100,,10944,1,0,20 21 29 24,1,100,,10935,1,0,20 21 29 24,1
4001,'2',705,,11029,1,0,18 9 8 17,1,20,,10997,1,0,18 9 8 17,1,20,,10992,1,0,18 9 8 17,1,60,,10999,1,0,18 9 8 17,1,20,,10961,1,0,18 9 8 17,1,20,,10965,1,0,18 9 8 17,1,60,,10989,1,0,18 9 8 17,1,20,,9024,1,0,18 9 8 17,1,20,,10205,1,0,18 9 8 17,1,60,,10991,1,0,18 9 8 17,1,20,,8424,1,0,18 9 8 17,1,20,,8416,1,0,18 9 8 17,1,60,,10969,1,0,18 9 8 17,1,20,,11017,1,0,18 9 8 17,1,20,,10967,1,0,18 9 8 17,1,60,,10996,1,0,18 9 8 17,1,20,,10201,1,0,18 9 8 17,1,20,,9428,1,0,18 9 8 17,1,60,,10994,1,0,18 9 8 17,1,20,,11032,1,0,18 9 8 17,1,20,,11031,1,0,18 9 8 17,1,60,,11015,1,0,18 9 8 17,1,20,,10952,1,0,18 9 8 17,1,20,,11003,1,0,18 9 8 17,1,60,,10971,1,0,18 9 8 17,1,20,,10966,1,0,18 9 8 17,1,20,,11043,1,0,18 9 8 17,1,60,,10948,1,0,18 9 8 17,1,20,,10973,1,0,18 9 8 17,1,20,,11021,1,0,18 9 8 17,1,60,,11006,1,0,18 9 8 17,1,20,,11024,1,0,18 9 8 17,1,20,,10962,1,0,18 9 8 17,1,60,,10964,1,0,18 9 8 17,1,20,,11030,1,0,18 9 8 17,1,20,,11023,1,0,18 9 8 17,1,60,,10972,1,0,18 9 8 17,1,20,,11035,1,0,18 9 8 17,1,20,,10983,1,0,18 9 8 17,1,60,,11019,1,0,18 9 8 17,1,20,,11014,1,0,18 9 8 17,1,20,,10950,1,0,18 9 8 17,1,60,,10982,1,0,18 9 8 17,1,20,,11020,1,0,18 9 8 17,1,20,,9425,1,0,18 9 8 17,1,60,,10980,1,0,18 9 8 17,1,20,,11027,1,0,18 9 8 17,1
4001,'6',1005,,11049,1,0,20 21 29 24,1,100,,11047,1,0,20 21 29 24,1,100,,11046,1,0,20 21 29 24,1,100,,11048,1,0,20 21 29 24,1,100,,11045,1,0,20 21 29 24,1,100,,11044,1,0,20 21 29 24,1,100,,11050,1,0,20 21 29 24,1,100,,11051,1,0,20 21 29 24,1
4001,'8',705,,11135,1,0,18 9 8 17,1,20,,11101,1,0,18 9 8 17,1,20,,11096,1,0,18 9 8 17,1,60,,11103,1,0,18 9 8 17,1,20,,11065,1,0,18 9 8 17,1,20,,11068,1,0,18 9 8 17,1,60,,11093,1,0,18 9 8 17,1,20,,8926,1,0,18 9 8 17,1,20,,10138,1,0,18 9 8 17,1,60,,11095,1,0,18 9 8 17,1,20,,8390,1,0,18 9 8 17,1,20,,8382,1,0,18 9 8 17,1,60,,11073,1,0,18 9 8 17,1,20,,11123,1,0,18 9 8 17,1,20,,11071,1,0,18 9 8 17,1,60,,11100,1,0,18 9 8 17,1,20,,10134,1,0,18 9 8 17,1,20,,9329,1,0,18 9 8 17,1,60,,11098,1,0,18 9 8 17,1,20,,11138,1,0,18 9 8 17,1,20,,11137,1,0,18 9 8 17,1,60,,11120,1,0,18 9 8 17,1,20,,11058,1,0,18 9 8 17,1,20,,11107,1,0,18 9 8 17,1,60,,11075,1,0,18 9 8 17,1,20,,11069,1,0,18 9 8 17,1,20,,11150,1,0,18 9 8 17,1,60,,11054,1,0,18 9 8 17,1,20,,11077,1,0,18 9 8 17,1,20,,11126,1,0,18 9 8 17,1,60,,11111,1,0,18 9 8 17,1,20,,11129,1,0,18 9 8 17,1,20,,11066,1,0,18 9 8 17,1,60,,11067,1,0,18 9 8 17,1,20,,11136,1,0,18 9 8 17,1,20,,11128,1,0,18 9 8 17,1,60,,11076,1,0,18 9 8 17,1,20,,11141,1,0,18 9 8 17,1,20,,11087,1,0,18 9 8 17,1,60,,11124,1,0,18 9 8 17,1,20,,11119,1,0,18 9 8 17,1,20,,11056,1,0,18 9 8 17,1,60,,11086,1,0,18 9 8 17,1,20,,11125,1,0,18 9 8 17,1,20,,9326,1,0,18 9 8 17,1,60,,11084,1,0,18 9 8 17,1,20,,11133,1,0,18 9 8 17,1
4001,'9',1005,,11152,1,0,20 21 29 24,1,100,,11156,1,0,20 21 29 24,1,100,,11154,1,0,20 21 29 24,1,100,,11153,1,0,20 21 29 24,1,100,,11155,1,0,20 21 29 24,1,100,,11151,1,0,20 21 29 24,1,100,,11158,1,0,20 21 29 24,1,100,,11157,1,0,20 21 29 24,1
4501,'11',748,,11167,7,4,,1,100,,11168,7,4,,1,100,,11159,7,4,,1,100,,11169,7,4,,1,100,,11170,7,4,,1,100,,11164,7,4,,1,100,,11165,7,4,,1,100,,11161,7,4,,1,100,,11173,7,4,,1,100,,11162,7,4,,1,100,,10388,7,4,,1,100,,11160,7,4,,1,100,,11166,7,4,,1,100,,11172,7,4,,1,100,,11163,7,4,,1,100,,11171,7,4,,1
4501,'2',741,,11271,3,4,,1,7,,11227,5,4,,1,53,,11204,3,4,,1,20,,11229,3,4,,1,20,,9961,3,4,,1,7,,11265,5,4,,1,53,,11200,3,4,,1,20,,11269,3,4,,1,20,,11205,3,4,,1,7,,11249,5,4,,1,53,,11275,3,4,,1,20,,8976,3,4,,1,20,,11274,3,4,,1,7,,11201,5,4,,1,53,,11230,3,4,,1,20,,11243,3,4,,1,20,,11262,3,4,,1,7,,11209,5,4,,1,53,,11221,3,4,,1,20,,11212,3,4,,1,20,,11267,3,4,,1,7,,11211,5,4,,1,53,,11266,3,4,,1,20,,11245,3,4,,1,20,,11273,3,4,,1,7,,11235,5,4,,1,53,,10410,3,4,,1,20,,11254,3,4,,1,20,,11217,3,4,,1,7,,11215,5,4,,1,53,,11183,3,4,,1,20,,11218,3,4,,1,20,,11181,3,4,,1,7,,11222,5,4,,1,53,,11208,3,4,,1,20,,11185,3,4,,1,20,,11224,3,4,,1,7,,11225,5,4,,1,53,,11176,3,4,,1,20,,11207,3,4,,1,20,,11276,3,4,,1,7,,11195,5,4,,1,53,,11194,3,4,,1,20,,11190,3,4,,1,20,,11250,3,4,,1,7,,11260,7,4,,1,53,,11184,3,4,,1,20,,8299,3,4,,1,20,,11236,3,4,,1,7,,11216,7,4,,1,53,,11210,3,4,,1,20,,11263,3,4,,1,20,,11191,3,4,,1,7,,11252,7,4,,1,53,,11258,3,4,,1,20,,9655,3,4,,1,20,,11241,3,4,,1,7,,11223,7,4,,1,53,,11187,3,4,,1,20,,11268,3,4,,1,20,,11174,3,4,,1,7,,11188,7,4,,1,53,,11220,3,4,,1
4501,'6',1039,,11280,7,4,,1,100,,11277,7,4,,1,100,,11284,7,4,,1,100,,11282,7,4,,1,100,,11279,7,4,,1,100,,11278,7,4,,1,100,,11283,7,4,,1,100,,11281,7,4,,1
4501,'8',741,,11382,3,4,,1,7,,11295,5,4,,1,53,,11318,3,4,,1,20,,11341,3,4,,1,20,,9892,3,4,,1,7,,11376,5,4,,1,53,,11313,3,4,,1,20,,11380,3,4,,1,20,,11319,3,4,,1,7,,11316,5,4,,1,53,,11386,3,4,,1,20,,8877,3,4,,1,20,,11385,3,4,,1,7,,11314,5,4,,1,53,,11342,3,4,,1,20,,11355,3,4,,1,20,,11373,3,4,,1,7,,11301,5,4,,1,53,,11334,3,4,,1,20,,11325,3,4,,1,20,,11378,3,4,,1,7,,11324,5,4,,1,53,,11377,3,4,,1,20,,11357,3,4,,1,20,,11384,3,4,,1,7,,11347,5,4,,1,53,,10366,3,4,,1,20,,11365,3,4,,1,20,,11330,3,4,,1,7,,11328,5,4,,1,53,,11294,3,4,,1,20,,11331,3,4,,1,20,,11292,3,4,,1,7,,11335,5,4,,1,53,,11322,3,4,,1,20,,11297,3,4,,1,20,,11337,3,4,,1,7,,11338,5,4,,1,53,,11287,3,4,,1,20,,11321,3,4,,1,20,,11387,3,4,,1,7,,11308,5,4,,1,53,,11307,3,4,,1,20,,11303,3,4,,1,20,,11361,3,4,,1,7,,11371,7,4,,1,53,,11296,3,4,,1,20,,8265,3,4,,1,20,,11348,3,4,,1,7,,11329,7,4,,1,53,,11323,3,4,,1,20,,11374,3,4,,1,20,,11304,3,4,,1,7,,11363,7,4,,1,53,,11369,3,4,,1,20,,9625,3,4,,1,20,,11353,3,4,,1,7,,11336,7,4,,1,53,,11299,3,4,,1,20,,11379,3,4,,1,20,,11285,3,4,,1,7,,11300,7,4,,1,53,,11333,3,4,,1
4501,'9',1039,,11395,7,4,,1,100,,11393,7,4,,1,100,,11394,7,4,,1,100,,11391,7,4,,1,100,,11388,7,4,,1,100,,11390,7,4,,1,100,,11389,7,4,,1,100,,11392,7,4,,1
5001,'11',705,,11398,1,0,20 21 23 24,1,100,,9928,1,0,20 21 23 24,1,100,,11403,1,0,20 21 23 24,1,100,,11404,1,0,20 21 23 24,1,100,,11408,1,0,20 21 23 24,1,100,,11409,1,0,20 21 23 24,1,100,,11407,1,0,20 21 23 24,1,100,,11397,1,0,20 21 23 24,1,100,,11399,1,0,20 21 23 24,1,100,,11402,1,0,20 21 23 24,1,100,,11401,1,0,20 21 23 24,1,100,,11406,1,0,20 21 23 24,1,100,,11396,1,0,20 21 23 24,1,100,,11400,1,0,20 21 23 24,1,100,,11410,1,0,20 21 23 24,1,100,,11405,1,0,20 21 23 24,1
5001,'2',705,,11426,1,0,11 2 23 24,1,100,,11421,1,0,11 2 23 24,1,100,,11415,1,0,11 2 23 24,1,100,,11414,1,0,11 2 23 24,1,100,,11420,1,0,11 2 23 24,1,100,,11413,1,0,11 2 23 24,1,100,,11417,1,0,11 2 23 24,1,100,,11424,1,0,11 2 23 24,1,100,,11423,1,0,11 2 23 24,1,100,,11416,1,0,11 2 23 24,1,100,,11411,1,0,11 2 23 24,1,100,,11418,1,0,20 21 23 24,1,100,,11425,1,0,20 21 23 24,1,100,,11422,1,0,20 21 23 24,1,100,,11412,1,0,20 21 23 24,1,100,,11419,1,0,20 21 23 24,1
5001,'6',1005,,11429,1,0,20 21 23 24,1,100,,11431,1,0,20 21 23 24,1,100,,11434,1,0,20 21 23 24,1,100,,11427,1,0,20 21 23 24,1,100,,11430,1,0,20 21 23 24,1,100,,11432,1,0,20 21 23 24,1,100,,11428,1,0,20 21 23 24,1,100,,11433,1,0,20 21 23 24,1
5001,'8',705,,11450,1,0,11 2 23 24,1,100,,11445,1,0,11 2 23 24,1,100,,11439,1,0,11 2 23 24,1,100,,11438,1,0,11 2 23 24,1,100,,11444,1,0,11 2 23 24,1,100,,11437,1,0,11 2 23 24,1,100,,11441,1,0,11 2 23 24,1,100,,11448,1,0,11 2 23 24,1,100,,11447,1,0,11 2 23 24,1,100,,11440,1,0,11 2 23 24,1,100,,11435,1,0,11 2 23 24,1,100,,11442,1,0,20 21 23 24,1,100,,11449,1,0,20 21 23 24,1,100,,11446,1,0,20 21 23 24,1,100,,11436,1,0,20 21 23 24,1,100,,11443,1,0,20 21 23 24,1
5001,'9',1005,,11452,1,0,20 21 23 24,1,100,,11458,1,0,20 21 23 24,1,100,,11457,1,0,20 21 23 24,1,100,,11455,1,0,20 21 23 24,1,100,,11451,1,0,20 21 23 24,1,100,,11453,1,0,20 21 23 24,1,100,,11456,1,0,20 21 23 24,1,100,,11454,1,0,20 21 23 24,1
5501,'11',744,,11465,12,4,,1,100,,11473,12,4,,1,100,,11467,12,4,,1,100,,11466,12,4,,1,100,,11472,12,4,,1,100,,11460,12,4,,1,100,,11464,12,4,,1,100,,11461,12,4,,1,100,,11469,12,4,,1,100,,11470,12,4,,1,100,,11474,12,4,,1,100,,11462,12,4,,1,100,,11471,12,4,,1,100,,11459,12,4,,1,100,,11463,12,4,,1,100,,11468,12,4,,1
5501,'2',741,,11479,11,4,,1,100,,11486,11,4,,1,100,,11489,11,4,,1,100,,11487,11,4,,1,100,,11484,11,4,,1,100,,11477,11,4,,1,100,,11483,11,4,,1,100,,11481,11,4,,1,100,,11480,11,4,,1,100,,11478,11,4,,1,100,,11475,11,4,,1,103,,11476,12,4,,1,100,,11490,12,4,,1,100,,11488,12,4,,1,100,,11485,12,4,,1,100,,11482,12,4,,1
5501,'6',1040,,11495,12,4,,1,100,,11498,12,4,,1,100,,11494,12,4,,1,100,,11497,12,4,,1,100,,11496,12,4,,1,100,,11491,12,4,,1,100,,11492,12,4,,1,100,,11493,12,4,,1
5501,'8',741,,11503,11,4,,1,100,,11510,11,4,,1,100,,11513,11,4,,1,100,,11511,11,4,,1,100,,11508,11,4,,1,100,,11501,11,4,,1,100,,11507,11,4,,1,100,,11505,11,4,,1,100,,11504,11,4,,1,100,,11502,11,4,,1,100,,11499,11,4,,1,103,,11500,12,4,,1,100,,11514,12,4,,1,100,,11512,12,4,,1,100,,11509,12,4,,1,100,,11506,12,4,,1
5501,'9',1040,,11520,12,4,,1,100,,11518,12,4,,1,100,,11515,12,4,,1,100,,11522,12,4,,1,100,,11516,12,4,,1,100,,11517,12,4,,1,100,,11519,12,4,,1,100,,11521,12,4,,1
6001,'11',700,,11529,1,0,20 21 7,1,100,,11530,1,0,20 21 7,1,100,,11523,1,0,20 21 7,1,100,,11525,1,0,20 21 7,1,100,,11527,1,0,20 21 7,1,100,,11531,1,0,20 21 7,1,100,,11533,1,0,20 21 7,1,100,,9747,1,0,20 21 7,1,100,,11535,1,0,20 21 7,1,100,,11528,1,0,20 21 7,1,100,,11524,1,0,20 21 7,1,100,,11534,1,0,20 21 7,1,100,,11536,1,0,20 21 7,1,100,,11526,1,0,20 21 7,1,100,,11532,1,0,20 21 7,1,100,,8626,1,0,20 21 7,1
6001,'2',700,,11542,1,0,11 2 7,1,17,,11564,1,0,18 2 7 8 17,1,13,,11544,1,0,11 2 7,1,15,,11567,1,0,18 2 7 8 17,1,55,,11570,1,0,11 2 7,1,17,,11568,1,0,18 2 7 8 17,1,13,,11538,1,0,11 2 7,1,15,,8977,1,0,18 2 7 8 17,1,55,,11569,1,0,11 2 7,1,30,,11572,1,0,11 2 7,1,15,,11537,1,0,18 2 7 8 17,1,55,,11539,1,0,11 2 7,1,30,,11558,1,0,11 2 7,1,70,,11581,1,0,11 2 7,1,30,,11548,1,0,11 2 7,1,70,,11552,1,0,11 2 7,1,30,,11550,1,0,11 2 7,1,70,,11571,1,0,11 2 7,1,30,,11576,1,0,11 2 7,1,70,,11541,1,0,11 2 7,1,30,,11549,1,0,11 2 7,1,70,,11578,1,0,11 2 7,1,30,,11547,1,0,11 2 7,1,17,,11582,1,0,18 2 7 8 17,1,53,,11551,1,0,11 2 7,1,17,,11574,1,0,18 2 7 8 17,1,13,,11575,1,0,11 2 7,1,17,,11566,1,0,18 2 7 8 17,1,53,,11565,1,0,11 2 7,1,17,,11573,1,0,18 2 7 8 17,1,13,,11540,1,0,11 2 7,1,17,,11557,1,0,18 2 7 8 17,1,53,,11577,1,0,20 21 7,1,30,,11545,1,0,20 21 7,1,70,,11579,1,0,20 21 7,1,30,,11585,1,0,20 21 7,1,70,,11556,1,0,20 21 7,1,30,,11559,1,0,20 21 7,1,70,,11560,1,0,20 21 7,1,30,,11543,1,0,20 21 7,1,70,,11580,1,0,20 21 7,1,30,,9759,1,0,20 21 7,1
6001,'6',1000,,11593,1,0,20 21 7,1,100,,11587,1,0,20 21 7,1,100,,11588,1,0,20 21 7,1,100,,11586,1,0,20 21 7,1,100,,11591,1,0,20 21 7,1,100,,11592,1,0,20 21 7,1,100,,11590,1,0,20 21 7,1,100,,11589,1,0,20 21 7,1
6001,'8',700,,11599,1,0,11 2 7,1,17,,11621,1,0,18 2 7 8 17,1,13,,11601,1,0,11 2 7,1,15,,11624,1,0,18 2 7 8 17,1,55,,11627,1,0,11 2 7,1,17,,11625,1,0,18 2 7 8 17,1,13,,11595,1,0,11 2 7,1,15,,8878,1,0,18 2 7 8 17,1,55,,11626,1,0,11 2 7,1,30,,11629,1,0,11 2 7,1,15,,11594,1,0,18 2 7 8 17,1,55,,11596,1,0,11 2 7,1,30,,11615,1,0,11 2 7,1,70,,11638,1,0,11 2 7,1,30,,11605,1,0,11 2 7,1,70,,11609,1,0,11 2 7,1,30,,11607,1,0,11 2 7,1,70,,11628,1,0,11 2 7,1,30,,11633,1,0,11 2 7,1,70,,11598,1,0,11 2 7,1,30,,11606,1,0,11 2 7,1,70,,11635,1,0,11 2 7,1,30,,11604,1,0,11 2 7,1,17,,11639,1,0,18 2 7 8 17,1,53,,11608,1,0,11 2 7,1,17,,11631,1,0,18 2 7 8 17,1,13,,11632,1,0,11 2 7,1,17,,11623,1,0,18 2 7 8 17,1,53,,11622,1,0,11 2 7,1,17,,11630,1,0,18 2 7 8 17,1,13,,11597,1,0,11 2 7,1,17,,11614,1,0,18 2 7 8 17,1,53,,11634,1,0,20 21 7,1,30,,11602,1,0,20 21 7,1,70,,11636,1,0,20 21 7,1,30,,11642,1,0,20 21 7,1,70,,11613,1,0,20 21 7,1,30,,11616,1,0,20 21 7,1,70,,11617,1,0,20 21 7,1,30,,11600,1,0,20 21 7,1,70,,11637,1,0,20 21 7,1,30,,9728,1,0,20 21 7,1
6001,'9',1000,,11648,1,0,20 21 7,1,100,,11643,1,0,20 21 7,1,100,,11644,1,0,20 21 7,1,100,,11647,1,0,20 21 7,1,100,,11650,1,0,20 21 7,1,100,,11649,1,0,20 21 7,1,100,,11646,1,0,20 21 7,1,100,,11645,1,0,20 21 7,1
6501,'11',744,,11665,9,4,,1,100,,11663,9,4,,1,100,,11659,9,4,,1,100,,11655,9,4,,1,100,,11664,9,4,,1,100,,11656,9,4,,1,100,,11657,9,4,,1,100,,11662,9,4,,1,100,,11653,9,4,,1,100,,11651,9,4,,1,100,,11658,9,4,,1,100,,11661,9,4,,1,100,,11666,9,4,,1,100,,11660,9,4,,1,100,,11654,9,4,,1,100,,11652,9,4,,1
6501,'2',744,,11707,7,4,,1,70,,11687,7,4,,1,2,,11719,3,4,,1,28,,11668,3,4,,1,70,,11711,7,4,,1,2,,11682,3,4,,1,28,,11669,3,4,,1,70,,11695,7,4,,1,30,,11678,7,4,,1,70,,11680,7,4,,1,30,,11708,7,4,,1,70,,11671,7,4,,1,30,,11713,7,4,,1,70,,11692,7,4,,1,30,,11685,7,4,,1,70,,11698,7,4,,1,30,,11688,7,4,,1,70,,11691,7,4,,1,30,,11689,7,4,,1,2,,11674,3,4,,1,68,,11704,7,4,,1,2,,11714,3,4,,1,28,,11686,7,4,,1,2,,11700,3,4,,1,68,,11705,7,4,,1,2,,11702,3,4,,1,28,,11667,7,4,,1,2,,11681,3,4,,1,68,,11710,7,4,,1,2,,11717,3,4,,1,28,,11690,9,4,,1,2,,11684,3,4,,1,68,,11670,9,4,,1,30,,11683,9,4,,1,70,,11715,9,4,,1,30,,11679,9,4,,1,70,,11720,9,4,,1,30,,11712,9,4,,1,70,,11706,9,4,,1,30,,11693,9,4,,1,70,,11709,9,4,,1
6501,'6',1044,,11727,9,4,,1,100,,11723,9,4,,1,100,,11726,9,4,,1,100,,11724,9,4,,1,100,,11725,9,4,,1,100,,11721,9,4,,1,100,,11728,9,4,,1,100,,11722,9,4,,1
6501,'8',744,,11769,7,4,,1,70,,11748,7,4,,1,2,,11781,3,4,,1,28,,11730,3,4,,1,70,,11773,7,4,,1,2,,11743,3,4,,1,28,,11731,3,4,,1,70,,11757,7,4,,1,30,,11739,7,4,,1,70,,11741,7,4,,1,30,,11770,7,4,,1,70,,11733,7,4,,1,30,,11775,7,4,,1,70,,11754,7,4,,1,30,,11746,7,4,,1,70,,11760,7,4,,1,30,,11749,7,4,,1,70,,11753,7,4,,1,30,,11750,7,4,,1,2,,11735,3,4,,1,68,,11766,7,4,,1,2,,11776,3,4,,1,28,,11747,7,4,,1,2,,11762,3,4,,1,68,,11767,7,4,,1,2,,11764,3,4,,1,28,,11729,7,4,,1,2,,11742,3,4,,1,68,,11772,7,4,,1,2,,11779,3,4,,1,28,,11751,9,4,,1,2,,11745,3,4,,1,68,,11732,9,4,,1,30,,11744,9,4,,1,70,,11777,9,4,,1,30,,11740,9,4,,1,70,,11782,9,4,,1,30,,11774,9,4,,1,70,,11768,9,4,,1,30,,11755,9,4,,1,70,,11771,9,4,,1
6501,'9',1044,,11788,9,4,,1,100,,11785,9,4,,1,100,,11787,9,4,,1,100,,11786,9,4,,1,100,,11783,9,4,,1,100,,11789,9,4,,1,100,,11784,9,4,,1,100,,11790,9,4,,1
