2500,'11',700,,10775,1,0,26 27 28,1,100,,10769,1,0,26 27 28,1,100,,10777,1,0,26 27 28,1,100,,10776,1,0,26 27 28,1,100,,10770,1,0,26 27 28,1,100,,10771,1,0,26 27 28,1,100,,10781,1,0,26 27 28,1,100,,10783,1,0,26 27 28,1,100,,10773,1,0,26 27 28,1,100,,10780,1,0,26 27 28,1,100,,10782,1,0,26 27 28,1,100,,10779,1,0,26 27 28,1,100,,10774,1,0,26 27 28,1,100,,10778,1,0,26 27 28,1,100,,10768,1,0,26 27 28,1,100,,10772,1,0,26 27 28,1
2500,'2',700,,10796,1,0,26 27 28,1,100,,10794,1,0,26 27 28,1,100,,10792,1,0,26 27 28,1,100,,10798,1,0,26 27 28,1,100,,10793,1,0,26 27 28,1,100,,10791,1,0,26 27 28,1,100,,10790,1,0,26 27 28,1,100,,10788,1,0,26 27 28,1,100,,10787,1,0,26 27 28,1,100,,10784,1,0,26 27 28,1,100,,10797,1,0,26 27 28,1,100,,10789,1,0,26 27 28,1,100,,10795,1,0,26 27 28,1,100,,9438,1,0,26 27 28,1,100,,10785,1,0,26 27 28,1,100,,10786,1,0,26 27 28,1
2500,'6',1000,,10806,1,0,26 27 28,1,100,,10802,1,0,26 27 28,1,100,,10801,1,0,26 27 28,1,100,,10805,1,0,26 27 28,1,100,,10799,1,0,26 27 28,1,100,,10803,1,0,26 27 28,1,100,,10800,1,0,26 27 28,1,100,,10804,1,0,26 27 28,1
2500,'8',700,,10819,1,0,26 27 28,1,100,,10817,1,0,26 27 28,1,100,,10815,1,0,26 27 28,1,100,,10821,1,0,26 27 28,1,100,,10816,1,0,26 27 28,1,100,,10814,1,0,26 27 28,1,100,,10813,1,0,26 27 28,1,100,,10811,1,0,26 27 28,1,100,,10810,1,0,26 27 28,1,100,,10807,1,0,26 27 28,1,100,,10820,1,0,26 27 28,1,100,,10812,1,0,26 27 28,1,100,,10818,1,0,26 27 28,1,100,,9340,1,0,26 27 28,1,100,,10808,1,0,26 27 28,1,100,,10809,1,0,26 27 28,1
2500,'9',1000,,10822,1,0,26 27 28,1,100,,10823,1,0,26 27 28,1,100,,10827,1,0,26 27 28,1,100,,10828,1,0,26 27 28,1,100,,10826,1,0,26 27 28,1,100,,10829,1,0,26 27 28,1,100,,10824,1,0,26 27 28,1,100,,10825,1,0,26 27 28,1
2501,'11',652,,10830,23,4,,1,100,,10840,23,4,,1,100,,10842,23,4,,1,100,,10831,23,4,,1,100,,10832,23,4,,1,100,,10841,23,4,,1,100,,10839,23,4,,1,100,,10834,23,4,,1,100,,10835,23,4,,1,100,,10844,23,4,,1,100,,10838,23,4,,1,100,,10843,23,4,,1,100,,10845,23,4,,1,100,,10837,23,4,,1,100,,10833,23,4,,1,100,,10836,23,4,,1
2501,'2',652,,10856,23,4,,1,100,,10850,23,4,,1,100,,10847,23,4,,1,100,,10854,23,4,,1,100,,10855,23,4,,1,100,,10861,23,4,,1,100,,10852,23,4,,1,100,,10857,23,4,,1,100,,10851,23,4,,1,100,,10848,23,4,,1,100,,10849,23,4,,1,100,,10860,23,4,,1,100,,10846,23,4,,1,100,,10853,23,4,,1,100,,10858,23,4,,1,100,,10859,23,4,,1
2501,'6',1052,,10863,23,4,,1,100,,10867,23,4,,1,100,,10869,23,4,,1,100,,10862,23,4,,1,100,,10868,23,4,,1,100,,10866,23,4,,1,100,,10864,23,4,,1,100,,10865,23,4,,1
2501,'8',652,,10880,23,4,,1,100,,10874,23,4,,1,100,,10871,23,4,,1,100,,10878,23,4,,1,100,,10879,23,4,,1,100,,10885,23,4,,1,100,,10876,23,4,,1,100,,10881,23,4,,1,100,,10875,23,4,,1,100,,10872,23,4,,1,100,,10873,23,4,,1,100,,10884,23,4,,1,100,,10870,23,4,,1,100,,10877,23,4,,1,100,,10882,23,4,,1,100,,10883,23,4,,1
2501,'9',1052,,10890,23,4,,1,100,,10891,23,4,,1,100,,10893,23,4,,1,100,,10889,23,4,,1,100,,10888,23,4,,1,100,,10887,23,4,,1,100,,10892,23,4,,1,100,,10886,23,4,,1
3400,'2',700,,10898,1,0,5 6 7 8 2 9 8,1,130,,10900,1,0,5 6 7 8 2 9 8,1,170,,10894,1,0,5 6 7 8 2 9 8,1,130,,10901,1,0,5 6 7 8 2 9 8,1,170,,10577,1,0,5 6 7 8 2 9 8,1,130,,10896,1,0,5 6 7 8 2 9 8,1,170,,9432,1,0,5 6 7 8 2 9 8,1,130,,10895,1,0,5 6 7 8 2 9 8,1,170,,10897,1,0,5 6 7 8 2 9 8,1,130,,10899,1,0,5 6 7 8 2 9 8,1
3400,'8',700,,10906,1,0,5 6 7 8 2 9 8,1,130,,10908,1,0,5 6 7 8 2 9 8,1,170,,10902,1,0,5 6 7 8 2 9 8,1,130,,10909,1,0,5 6 7 8 2 9 8,1,170,,10531,1,0,5 6 7 8 2 9 8,1,130,,10904,1,0,5 6 7 8 2 9 8,1,170,,9333,1,0,5 6 7 8 2 9 8,1,130,,10903,1,0,5 6 7 8 2 9 8,1,170,,10905,1,0,5 6 7 8 2 9 8,1,130,,10907,1,0,5 6 7 8 2 9 8,1
3401,'2',821,,10910,5,4,,1,130,,10913,5,4,,1,170,,10919,5,4,,1,130,,10915,5,4,,1,170,,10916,5,4,,1,130,,10917,5,4,,1,170,,10912,5,4,,1,130,,10914,5,4,,1,170,,10918,5,4,,1,130,,10911,5,4,,1
3401,'8',821,,10920,5,4,,1,130,,10923,5,4,,1,170,,10929,5,4,,1,130,,10925,5,4,,1,170,,10926,5,4,,1,130,,10927,5,4,,1,170,,10922,5,4,,1,130,,10924,5,4,,1,170,,10928,5,4,,1,130,,10921,5,4,,1
6001,'11',739,,11529,8,0,20 21 7,1,100,,11530,8,0,20 21 7,1,100,,11523,8,0,20 21 7,1,100,,11525,8,0,20 21 7,1,100,,11527,8,0,20 21 7,1,100,,11531,8,0,20 21 7,1,100,,11533,8,0,20 21 7,1,100,,9747,8,0,20 21 7,1,100,,11535,8,0,20 21 7,1,100,,11528,8,0,20 21 7,1,100,,11524,8,0,20 21 7,1,100,,11534,8,0,20 21 7,1,100,,11536,8,0,20 21 7,1,100,,11526,8,0,20 21 7,1,100,,11532,8,0,20 21 7,1,100,,8626,8,0,20 21 7,1
6001,'2',739,,11542,6,0,11 2 7,1,70,,11544,6,0,11 2 7,1,30,,11570,6,0,11 2 7,1,70,,11538,6,0,11 2 7,1,30,,11569,6,0,11 2 7,1,70,,11572,6,0,11 2 7,1,30,,11539,6,0,11 2 7,1,70,,11558,6,0,11 2 7,1,30,,11581,6,0,11 2 7,1,70,,11548,6,0,11 2 7,1,30,,11552,6,0,11 2 7,1,70,,11550,6,0,11 2 7,1,30,,11571,6,0,11 2 7,1,70,,11576,6,0,11 2 7,1,30,,11541,6,0,11 2 7,1,70,,11549,6,0,11 2 7,1,30,,11578,6,0,11 2 7,1,70,,11547,6,0,11 2 7,1,30,,11551,6,0,11 2 7,1,70,,11575,6,0,11 2 7,1,30,,11565,6,0,11 2 7,1,70,,11540,6,0,11 2 7,1,30,,11577,8,0,20 21 7,1,70,,11545,8,0,20 21 7,1,30,,11579,8,0,20 21 7,1,70,,11585,8,0,20 21 7,1,30,,11556,8,0,20 21 7,1,70,,11559,8,0,20 21 7,1,30,,11560,8,0,20 21 7,1,70,,11543,8,0,20 21 7,1,30,,11580,8,0,20 21 7,1,70,,9759,8,0,20 21 7,1
6001,'6',1039,,11593,8,0,20 21 7,1,100,,11587,8,0,20 21 7,1,100,,11588,8,0,20 21 7,1,100,,11586,8,0,20 21 7,1,100,,11591,8,0,20 21 7,1,100,,11592,8,0,20 21 7,1,100,,11590,8,0,20 21 7,1,100,,11589,8,0,20 21 7,1
6001,'8',739,,11599,6,0,11 2 7,1,70,,11601,6,0,11 2 7,1,30,,11627,6,0,11 2 7,1,70,,11595,6,0,11 2 7,1,30,,11626,6,0,11 2 7,1,70,,11629,6,0,11 2 7,1,30,,11596,6,0,11 2 7,1,70,,11615,6,0,11 2 7,1,30,,11638,6,0,11 2 7,1,70,,11605,6,0,11 2 7,1,30,,11609,6,0,11 2 7,1,70,,11607,6,0,11 2 7,1,30,,11628,6,0,11 2 7,1,70,,11633,6,0,11 2 7,1,30,,11598,6,0,11 2 7,1,70,,11606,6,0,11 2 7,1,30,,11635,6,0,11 2 7,1,70,,11604,6,0,11 2 7,1,30,,11608,6,0,11 2 7,1,70,,11632,6,0,11 2 7,1,30,,11622,6,0,11 2 7,1,70,,11597,6,0,11 2 7,1,30,,11634,8,0,20 21 7,1,70,,11602,8,0,20 21 7,1,30,,11636,8,0,20 21 7,1,70,,11642,8,0,20 21 7,1,30,,11613,8,0,20 21 7,1,70,,11616,8,0,20 21 7,1,30,,11617,8,0,20 21 7,1,70,,11600,8,0,20 21 7,1,30,,11637,8,0,20 21 7,1,70,,9728,8,0,20 21 7,1
6001,'9',1039,,11648,8,0,20 21 7,1,100,,11643,8,0,20 21 7,1,100,,11644,8,0,20 21 7,1,100,,11647,8,0,20 21 7,1,100,,11650,8,0,20 21 7,1,100,,11649,8,0,20 21 7,1,100,,11646,8,0,20 21 7,1,100,,11645,8,0,20 21 7,1
6501,'11',708,,11665,2,0,20 21 5 12,1,100,,11663,2,0,20 21 5 12,1,100,,11659,2,0,20 21 5 12,1,100,,11655,2,0,20 21 5 12,1,100,,11664,2,0,20 21 5 12,1,100,,11656,2,0,20 21 5 12,1,100,,11657,2,0,20 21 5 12,1,100,,11662,2,0,20 21 5 12,1,100,,11653,2,0,20 21 5 12,1,100,,11651,2,0,20 21 5 12,1,100,,11658,2,0,20 21 5 12,1,100,,11661,2,0,20 21 5 12,1,100,,11666,2,0,20 21 5 12,1,100,,11660,2,0,20 21 5 12,1,100,,11654,2,0,20 21 5 12,1,100,,11652,2,0,20 21 5 12,1
6501,'2',708,,11707,2,0,11 2 5 12,1,30,,11687,2,0,11 2 5 12,1,70,,11701,2,0,11 2 5 12,1,30,,11711,2,0,11 2 5 12,1,70,,11699,2,0,11 2 5 12,1,30,,11695,2,0,11 2 5 12,1,70,,11678,2,0,11 2 5 12,1,30,,11680,2,0,11 2 5 12,1,70,,11708,2,0,11 2 5 12,1,30,,11671,2,0,11 2 5 12,1,70,,11713,2,0,11 2 5 12,1,30,,11692,2,0,11 2 5 12,1,70,,11685,2,0,11 2 5 12,1,30,,11698,2,0,11 2 5 12,1,70,,11688,2,0,11 2 5 12,1,30,,11691,2,0,11 2 5 12,1,70,,11689,2,0,11 2 5 12,1,30,,11704,2,0,11 2 5 12,1,70,,11686,2,0,11 2 5 12,1,30,,11705,2,0,11 2 5 12,1,70,,11667,2,0,11 2 5 12,1,30,,11710,2,0,11 2 5 12,1,70,,11690,2,0,20 21 5 12,1,30,,11670,2,0,20 21 5 12,1,70,,11683,2,0,20 21 5 12,1,30,,11715,2,0,20 21 5 12,1,70,,11679,2,0,20 21 5 12,1,30,,11720,2,0,20 21 5 12,1,70,,11712,2,0,20 21 5 12,1,30,,11706,2,0,20 21 5 12,1,70,,11693,2,0,20 21 5 12,1,30,,11709,2,0,20 21 5 12,1
6501,'6',1008,,11727,2,0,20 21 5 12,1,100,,11723,2,0,20 21 5 12,1,100,,11726,2,0,20 21 5 12,1,100,,11724,2,0,20 21 5 12,1,100,,11725,2,0,20 21 5 12,1,100,,11721,2,0,20 21 5 12,1,100,,11728,2,0,20 21 5 12,1,100,,11722,2,0,20 21 5 12,1
6501,'8',708,,11769,2,0,11 2 5 12,1,30,,11748,2,0,11 2 5 12,1,70,,11763,2,0,11 2 5 12,1,30,,11773,2,0,11 2 5 12,1,70,,11761,2,0,11 2 5 12,1,30,,11757,2,0,11 2 5 12,1,70,,11739,2,0,11 2 5 12,1,30,,11741,2,0,11 2 5 12,1,70,,11770,2,0,11 2 5 12,1,30,,11733,2,0,11 2 5 12,1,70,,11775,2,0,11 2 5 12,1,30,,11754,2,0,11 2 5 12,1,70,,11746,2,0,11 2 5 12,1,30,,11760,2,0,11 2 5 12,1,70,,11749,2,0,11 2 5 12,1,30,,11753,2,0,11 2 5 12,1,70,,11750,2,0,11 2 5 12,1,30,,11766,2,0,11 2 5 12,1,70,,11747,2,0,11 2 5 12,1,30,,11767,2,0,11 2 5 12,1,70,,11729,2,0,11 2 5 12,1,30,,11772,2,0,11 2 5 12,1,70,,11751,2,0,20 21 5 12,1,30,,11732,2,0,20 21 5 12,1,70,,11744,2,0,20 21 5 12,1,30,,11777,2,0,20 21 5 12,1,70,,11740,2,0,20 21 5 12,1,30,,11782,2,0,20 21 5 12,1,70,,11774,2,0,20 21 5 12,1,30,,11768,2,0,20 21 5 12,1,70,,11755,2,0,20 21 5 12,1,30,,11771,2,0,20 21 5 12,1
6501,'9',1008,,11788,2,0,20 21 5 12,1,100,,11785,2,0,20 21 5 12,1,100,,11787,2,0,20 21 5 12,1,100,,11786,2,0,20 21 5 12,1,100,,11783,2,0,20 21 5 12,1,100,,11789,2,0,20 21 5 12,1,100,,11784,2,0,20 21 5 12,1,100,,11790,2,0,20 21 5 12,1
7001,'11',748,,11795,11,4,,1,100,,11799,11,4,,1,100,,9369,11,4,,1,100,,11803,11,4,,1,100,,11794,11,4,,1,100,,11791,11,4,,1,100,,11801,11,4,,1,100,,11804,11,4,,1,100,,11802,11,4,,1,100,,11796,11,4,,1,100,,11793,11,4,,1,100,,8932,11,4,,1,100,,11798,11,4,,1,100,,11800,11,4,,1,100,,11797,11,4,,1,100,,11792,11,4,,1
7001,'2',748,,11808,8,4,,1,70,,11833,8,4,,1,30,,11814,8,4,,1,70,,11830,8,4,,1,30,,11812,8,4,,1,70,,11810,8,4,,1,30,,11815,8,4,,1,70,,11809,8,4,,1,30,,11813,8,4,,1,70,,11832,8,4,,1,30,,11817,8,4,,1,70,,11806,8,4,,1,30,,11805,8,4,,1,70,,11834,8,4,,1,30,,11816,8,4,,1,70,,11827,8,4,,1,30,,11825,8,4,,1,70,,11818,8,4,,1,30,,11820,8,4,,1,70,,11811,8,4,,1,30,,11823,8,4,,1,70,,11821,8,4,,1,30,,11831,11,4,,1,70,,11819,11,4,,1,30,,11822,11,4,,1,70,,11807,11,4,,1,30,,11836,11,4,,1,70,,11828,11,4,,1,30,,11826,11,4,,1,70,,11835,11,4,,1,30,,11829,11,4,,1,70,,11824,11,4,,1
7001,'6',1048,,11838,11,4,,1,100,,11840,11,4,,1,100,,11841,11,4,,1,100,,11839,11,4,,1,100,,11842,11,4,,1,100,,11843,11,4,,1,100,,11837,11,4,,1,100,,11844,11,4,,1
7001,'8',748,,11850,8,4,,1,70,,11845,8,4,,1,30,,11855,8,4,,1,70,,11871,8,4,,1,30,,11853,8,4,,1,70,,11858,8,4,,1,30,,11856,8,4,,1,70,,11851,8,4,,1,30,,11854,8,4,,1,70,,9875,8,4,,1,30,,11859,8,4,,1,70,,11847,8,4,,1,30,,11846,8,4,,1,70,,11849,8,4,,1,30,,11857,8,4,,1,70,,8887,8,4,,1,30,,11867,8,4,,1,70,,11860,8,4,,1,30,,11862,8,4,,1,70,,11852,8,4,,1,30,,11865,8,4,,1,70,,11863,8,4,,1,30,,11872,11,4,,1,70,,11861,11,4,,1,30,,11864,11,4,,1,70,,11848,11,4,,1,30,,11874,11,4,,1,70,,11869,11,4,,1,30,,11868,11,4,,1,70,,11873,11,4,,1,30,,11870,11,4,,1,70,,11866,11,4,,1
7001,'9',1048,,11881,11,4,,1,100,,11882,11,4,,1,100,,11879,11,4,,1,100,,11875,11,4,,1,100,,11880,11,4,,1,100,,11876,11,4,,1,100,,11878,11,4,,1,100,,11877,11,4,,1
7501,'11',703,,11892,1,0,20 21 23 24,1,100,,11885,1,0,20 21 23 24,1,100,,11891,1,0,20 21 23 24,1,100,,11895,1,0,20 21 23 24,1,100,,11888,1,0,20 21 23 24,1,100,,11889,1,0,20 21 23 24,1,100,,11893,1,0,20 21 23 24,1,100,,11897,1,0,20 21 23 24,1,100,,11883,1,0,20 21 23 24,1,100,,11884,1,0,20 21 23 24,1,100,,11890,1,0,20 21 23 24,1,100,,11896,1,0,20 21 23 24,1,100,,11894,1,0,20 21 23 24,1,100,,11898,1,0,20 21 23 24,1,100,,11886,1,0,20 21 23 24,1,100,,11887,1,0,20 21 23 24,1
7501,'2',703,,11920,1,0,11 2 23 24,1,30,,11911,1,0,11 2 23 24,1,70,,11924,1,0,11 2 23 24,1,30,,11902,1,0,11 2 23 24,1,70,,11925,1,0,11 2 23 24,1,30,,11919,1,0,11 2 23 24,1,70,,11917,1,0,11 2 23 24,1,30,,11928,1,0,11 2 23 24,1,70,,11903,1,0,11 2 23 24,1,30,,11913,1,0,11 2 23 24,1,70,,11927,1,0,11 2 23 24,1,30,,11906,1,0,11 2 23 24,1,70,,8971,1,0,11 2 23 24,1,30,,9948,1,0,11 2 23 24,1,70,,11922,1,0,11 2 23 24,1,30,,11905,1,0,11 2 23 24,1,70,,11910,1,0,11 2 23 24,1,30,,11926,1,0,11 2 23 24,1,70,,11918,1,0,11 2 23 24,1,30,,11904,1,0,11 2 23 24,1,70,,11914,1,0,11 2 23 24,1,30,,11909,1,0,11 2 23 24,1,70,,11921,1,0,20 21 23 24,1,30,,11899,1,0,20 21 23 24,1,70,,11915,1,0,20 21 23 24,1,30,,11923,1,0,20 21 23 24,1,70,,11908,1,0,20 21 23 24,1,30,,11916,1,0,20 21 23 24,1,70,,11907,1,0,20 21 23 24,1,30,,11901,1,0,20 21 23 24,1,70,,11912,1,0,20 21 23 24,1,30,,11900,1,0,20 21 23 24,1
7501,'6',1003,,11930,1,0,20 21 23 24,1,100,,11935,1,0,20 21 23 24,1,100,,11932,1,0,20 21 23 24,1,100,,11929,1,0,20 21 23 24,1,100,,11933,1,0,20 21 23 24,1,100,,11931,1,0,20 21 23 24,1,100,,11936,1,0,20 21 23 24,1,100,,11934,1,0,20 21 23 24,1
7501,'8',703,,11958,1,0,11 2 23 24,1,30,,11949,1,0,11 2 23 24,1,70,,11962,1,0,11 2 23 24,1,30,,11946,1,0,11 2 23 24,1,70,,11963,1,0,11 2 23 24,1,30,,11957,1,0,11 2 23 24,1,70,,11955,1,0,11 2 23 24,1,30,,11943,1,0,11 2 23 24,1,70,,11941,1,0,11 2 23 24,1,30,,11951,1,0,11 2 23 24,1,70,,11965,1,0,11 2 23 24,1,30,,11966,1,0,11 2 23 24,1,70,,8871,1,0,11 2 23 24,1,30,,9879,1,0,11 2 23 24,1,70,,11960,1,0,11 2 23 24,1,30,,11940,1,0,11 2 23 24,1,70,,11948,1,0,11 2 23 24,1,30,,11964,1,0,11 2 23 24,1,70,,11956,1,0,11 2 23 24,1,30,,11942,1,0,11 2 23 24,1,70,,11952,1,0,11 2 23 24,1,30,,11947,1,0,11 2 23 24,1,70,,11959,1,0,20 21 23 24,1,30,,11937,1,0,20 21 23 24,1,70,,11953,1,0,20 21 23 24,1,30,,11961,1,0,20 21 23 24,1,70,,11945,1,0,20 21 23 24,1,30,,11954,1,0,20 21 23 24,1,70,,11944,1,0,20 21 23 24,1,30,,11939,1,0,20 21 23 24,1,70,,11950,1,0,20 21 23 24,1,30,,11938,1,0,20 21 23 24,1
7501,'9',1003,,11967,1,0,20 21 23 24,1,100,,11973,1,0,20 21 23 24,1,100,,11970,1,0,20 21 23 24,1,100,,11971,1,0,20 21 23 24,1,100,,11972,1,0,20 21 23 24,1,100,,11968,1,0,20 21 23 24,1,100,,11974,1,0,20 21 23 24,1,100,,11969,1,0,20 21 23 24,1
