5001,'11',722,,11398,6,0,20 21 23 24,1,100,,9928,6,0,20 21 23 24,1,100,,11403,6,0,20 21 23 24,1,100,,11404,6,0,20 21 23 24,1,100,,11408,6,0,20 21 23 24,1,100,,11409,6,0,20 21 23 24,1,100,,11407,6,0,20 21 23 24,1,100,,11397,6,0,20 21 23 24,1,100,,11399,6,0,20 21 23 24,1,100,,11402,6,0,20 21 23 24,1,100,,11401,6,0,20 21 23 24,1,100,,11406,6,0,20 21 23 24,1,100,,11396,6,0,20 21 23 24,1,100,,11400,6,0,20 21 23 24,1,100,,11410,6,0,20 21 23 24,1,100,,11405,6,0,20 21 23 24,1
5001,'2',722,,11426,6,0,11 2 23 24,1,100,,11421,6,0,11 2 23 24,1,100,,11415,6,0,11 2 23 24,1,100,,11414,6,0,11 2 23 24,1,100,,11420,6,0,11 2 23 24,1,100,,11413,6,0,11 2 23 24,1,100,,11417,6,0,11 2 23 24,1,100,,11424,6,0,11 2 23 24,1,100,,11423,6,0,11 2 23 24,1,100,,11416,6,0,11 2 23 24,1,100,,11411,6,0,11 2 23 24,1,100,,11418,6,0,20 21 23 24,1,100,,11425,6,0,20 21 23 24,1,100,,11422,6,0,20 21 23 24,1,100,,11412,6,0,20 21 23 24,1,100,,11419,6,0,20 21 23 24,1
5001,'6',1020,,11429,6,0,20 21 23 24,1,100,,11431,6,0,20 21 23 24,1,100,,11434,6,0,20 21 23 24,1,100,,11427,6,0,20 21 23 24,1,100,,11430,6,0,20 21 23 24,1,100,,11432,6,0,20 21 23 24,1,100,,11428,6,0,20 21 23 24,1,100,,11433,6,0,20 21 23 24,1
5001,'8',722,,11450,6,0,11 2 23 24,1,100,,11445,6,0,11 2 23 24,1,100,,11439,6,0,11 2 23 24,1,100,,11438,6,0,11 2 23 24,1,100,,11444,6,0,11 2 23 24,1,100,,11437,6,0,11 2 23 24,1,100,,11441,6,0,11 2 23 24,1,100,,11448,6,0,11 2 23 24,1,100,,11447,6,0,11 2 23 24,1,100,,11440,6,0,11 2 23 24,1,100,,11435,6,0,11 2 23 24,1,100,,11442,6,0,20 21 23 24,1,100,,11449,6,0,20 21 23 24,1,100,,11446,6,0,20 21 23 24,1,100,,11436,6,0,20 21 23 24,1,100,,11443,6,0,20 21 23 24,1
5001,'9',1020,,11452,6,0,20 21 23 24,1,100,,11458,6,0,20 21 23 24,1,100,,11457,6,0,20 21 23 24,1,100,,11455,6,0,20 21 23 24,1,100,,11451,6,0,20 21 23 24,1,100,,11453,6,0,20 21 23 24,1,100,,11456,6,0,20 21 23 24,1,100,,11454,6,0,20 21 23 24,1
5501,'11',729,,11465,8,0,20 21 5 12,1,100,,11473,8,0,20 21 5 12,1,100,,11467,8,0,20 21 5 12,1,100,,11466,8,0,20 21 5 12,1,100,,11472,8,0,20 21 5 12,1,100,,11460,8,0,20 21 5 12,1,100,,11464,8,0,20 21 5 12,1,100,,11461,8,0,20 21 5 12,1,100,,11469,8,0,20 21 5 12,1,100,,11470,8,0,20 21 5 12,1,100,,11474,8,0,20 21 5 12,1,100,,11462,8,0,20 21 5 12,1,100,,11471,8,0,20 21 5 12,1,100,,11459,8,0,20 21 5 12,1,100,,11463,8,0,20 21 5 12,1,100,,11468,8,0,20 21 5 12,1
5501,'2',726,,11479,7,0,11 2 5 12,1,100,,11486,7,0,11 2 5 12,1,100,,11489,7,0,11 2 5 12,1,100,,11487,7,0,11 2 5 12,1,100,,11484,7,0,11 2 5 12,1,100,,11477,7,0,11 2 5 12,1,100,,11483,7,0,11 2 5 12,1,100,,11481,7,0,11 2 5 12,1,100,,11480,7,0,11 2 5 12,1,100,,11478,7,0,11 2 5 12,1,100,,11475,7,0,11 2 5 12,1,103,,11476,8,0,20 21 5 12,1,100,,11490,8,0,20 21 5 12,1,100,,11488,8,0,20 21 5 12,1,100,,11485,8,0,20 21 5 12,1,100,,11482,8,0,20 21 5 12,1
5501,'6',1025,,11495,8,0,20 21 5 12,1,100,,11498,8,0,20 21 5 12,1,100,,11494,8,0,20 21 5 12,1,100,,11497,8,0,20 21 5 12,1,100,,11496,8,0,20 21 5 12,1,100,,11491,8,0,20 21 5 12,1,100,,11492,8,0,20 21 5 12,1,100,,11493,8,0,20 21 5 12,1
5501,'8',726,,11503,7,0,11 2 5 12,1,100,,11510,7,0,11 2 5 12,1,100,,11513,7,0,11 2 5 12,1,100,,11511,7,0,11 2 5 12,1,100,,11508,7,0,11 2 5 12,1,100,,11501,7,0,11 2 5 12,1,100,,11507,7,0,11 2 5 12,1,100,,11505,7,0,11 2 5 12,1,100,,11504,7,0,11 2 5 12,1,100,,11502,7,0,11 2 5 12,1,100,,11499,7,0,11 2 5 12,1,103,,11500,8,0,20 21 5 12,1,100,,11514,8,0,20 21 5 12,1,100,,11512,8,0,20 21 5 12,1,100,,11509,8,0,20 21 5 12,1,100,,11506,8,0,20 21 5 12,1
5501,'9',1025,,11520,8,0,20 21 5 12,1,100,,11518,8,0,20 21 5 12,1,100,,11515,8,0,20 21 5 12,1,100,,11522,8,0,20 21 5 12,1,100,,11516,8,0,20 21 5 12,1,100,,11517,8,0,20 21 5 12,1,100,,11519,8,0,20 21 5 12,1,100,,11521,8,0,20 21 5 12,1
