4001,'11',747,,10936,7,4,,1,100,,10931,7,4,,1,100,,10945,7,4,,1,100,,10943,7,4,,1,100,,10937,7,4,,1,100,,10941,7,4,,1,100,,10930,7,4,,1,100,,10934,7,4,,1,100,,10940,7,4,,1,100,,10938,7,4,,1,100,,10942,7,4,,1,100,,10932,7,4,,1,100,,10939,7,4,,1,100,,10933,7,4,,1,100,,10944,7,4,,1,100,,10935,7,4,,1
4001,'2',732,,11025,2,4,,1,15,,10957,5,4,,1,5,,10977,2,4,,1,60,,11012,2,4,,1,20,,11040,2,4,,1,15,,10958,5,4,,1,5,,11007,2,4,,1,60,,10987,2,4,,1,20,,11010,2,4,,1,15,,10988,5,4,,1,5,,11038,2,4,,1,60,,10975,2,4,,1,20,,10949,2,4,,1,15,,11018,5,4,,1,5,,11041,2,4,,1,60,,11039,2,4,,1,20,,9000,2,4,,1,15,,11042,5,4,,1,5,,11008,2,4,,1,60,,10953,2,4,,1,20,,11013,2,4,,1,15,,10963,5,4,,1,5,,11036,2,4,,1,60,,10995,2,4,,1,20,,11009,2,4,,1,15,,10985,5,4,,1,5,,11034,2,4,,1,61,,10978,2,4,,1,20,,10990,2,4,,1,14,,10956,5,4,,1,6,,8425,2,4,,1,60,,11028,2,4,,1,20,,10951,2,4,,1,14,,10947,5,4,,1,6,,10960,2,4,,1,60,,11037,2,4,,1,20,,10955,2,4,,1,14,,10981,5,4,,1,6,,11033,2,4,,1,60,,9394,2,4,,1,20,,8645,2,4,,1,14,,10979,5,4,,1,6,,11001,2,4,,1,60,,10984,2,4,,1,20,,10946,2,4,,1,14,,8414,7,4,,1,6,,10993,2,4,,1,59,,10986,2,4,,1,20,,10968,2,4,,1,15,,11016,7,4,,1,5,,11002,2,4,,1,60,,10998,2,4,,1,20,,11026,2,4,,1,15,,10954,7,4,,1,5,,10974,2,4,,1,60,,10959,2,4,,1,20,,11005,2,4,,1,15,,10970,7,4,,1,5,,10976,2,4,,1,60,,11004,2,4,,1,20,,11022,2,4,,1,15,,11011,7,4,,1,5,,11000,2,4,,1
4001,'6',1042,,11049,7,4,,1,100,,11047,7,4,,1,100,,11046,7,4,,1,100,,11048,7,4,,1,100,,11045,7,4,,1,100,,11044,7,4,,1,100,,11050,7,4,,1,100,,11051,7,4,,1
4001,'8',732,,11130,2,4,,1,15,,11062,5,4,,1,5,,11081,2,4,,1,60,,11117,2,4,,1,20,,11147,2,4,,1,15,,11131,5,4,,1,5,,11112,2,4,,1,60,,11091,2,4,,1,20,,11115,2,4,,1,15,,11092,5,4,,1,5,,11145,2,4,,1,60,,11079,2,4,,1,20,,11055,2,4,,1,15,,11109,5,4,,1,5,,11148,2,4,,1,60,,11146,2,4,,1,20,,11122,2,4,,1,15,,11149,5,4,,1,5,,11113,2,4,,1,60,,11059,2,4,,1,20,,11118,2,4,,1,15,,11142,5,4,,1,5,,11143,2,4,,1,60,,11099,2,4,,1,20,,11114,2,4,,1,15,,11089,5,4,,1,5,,11140,2,4,,1,61,,11082,2,4,,1,20,,11094,2,4,,1,14,,11070,5,4,,1,6,,8391,2,4,,1,60,,11134,2,4,,1,20,,11057,2,4,,1,14,,11053,5,4,,1,6,,11064,2,4,,1,60,,11144,2,4,,1,20,,11061,2,4,,1,14,,11085,5,4,,1,6,,11139,2,4,,1,60,,9295,2,4,,1,20,,8614,2,4,,1,14,,11083,5,4,,1,6,,11105,2,4,,1,60,,11088,2,4,,1,20,,11052,2,4,,1,14,,8380,7,4,,1,6,,11097,2,4,,1,59,,11090,2,4,,1,20,,11072,2,4,,1,15,,11121,7,4,,1,5,,11106,2,4,,1,60,,11102,2,4,,1,20,,11132,2,4,,1,15,,11060,7,4,,1,5,,11078,2,4,,1,60,,11063,2,4,,1,20,,11110,2,4,,1,15,,11074,7,4,,1,5,,11080,2,4,,1,60,,11108,2,4,,1,20,,11127,2,4,,1,15,,11116,7,4,,1,5,,11104,2,4,,1
4001,'9',1042,,11152,7,4,,1,100,,11156,7,4,,1,100,,11154,7,4,,1,100,,11153,7,4,,1,100,,11155,7,4,,1,100,,11151,7,4,,1,100,,11158,7,4,,1,100,,11157,7,4,,1
4501,'11',705,,11167,1,0,20 21 30 12,1,100,,11168,1,0,20 21 30 12,1,100,,11159,1,0,20 21 30 12,1,100,,11169,1,0,20 21 30 12,1,100,,11170,1,0,20 21 30 12,1,100,,11164,1,0,20 21 30 12,1,100,,11165,1,0,20 21 30 12,1,100,,11161,1,0,20 21 30 12,1,100,,11173,1,0,20 21 30 12,1,100,,11162,1,0,20 21 30 12,1,100,,10388,1,0,20 21 30 12,1,100,,11160,1,0,20 21 30 12,1,100,,11166,1,0,20 21 30 12,1,100,,11172,1,0,20 21 30 12,1,100,,11163,1,0,20 21 30 12,1,100,,11171,1,0,20 21 30 12,1
4501,'2',700,,11244,1,0,6,1,5,,11227,1,0,11 2 5 12,1,15,,11203,1,0,6,1,20,,11226,1,0,6,1,60,,11206,1,0,6,1,5,,11265,1,0,11 2 5 12,1,15,,11242,1,0,6,1,20,,11231,1,0,6,1,60,,11199,1,0,6,1,5,,11249,1,0,11 2 5 12,1,15,,11177,1,0,6,1,20,,11239,1,0,6,1,60,,11196,1,0,6,1,5,,11201,1,0,11 2 5 12,1,15,,11193,1,0,6,1,20,,11214,1,0,6,1,60,,11192,1,0,6,1,5,,11209,1,0,11 2 5 12,1,15,,11237,1,0,6,1,20,,11180,1,0,6,1,60,,11186,1,0,6,1,5,,11211,1,0,11 2 5 12,1,15,,11175,1,0,6,1,20,,11238,1,0,6,1,60,,11228,1,0,6,1,5,,11235,1,0,11 2 5 12,1,15,,11213,1,0,6,1,20,,11272,1,0,6,1,60,,11247,1,0,6,1,5,,11215,1,0,11 2 5 12,1,15,,11257,1,0,6,1,20,,11240,1,0,6,1,60,,11248,1,0,6,1,5,,11222,1,0,11 2 5 12,1,15,,11232,1,0,6,1,20,,11270,1,0,6,1,60,,11179,1,0,6,1,5,,11225,1,0,11 2 5 12,1,15,,11197,1,0,6,1,20,,11246,1,0,6,1,60,,11189,1,0,6,1,5,,11195,1,0,11 2 5 12,1,15,,11182,1,0,6,1,20,,11255,1,0,6,1,60,,11198,1,0,6,1,5,,11260,1,0,20 21 30 12,1,15,,11234,1,0,6,1,20,,11202,1,0,6,1,60,,9008,1,0,6,1,5,,11216,1,0,20 21 30 12,1,15,,11219,1,0,6,1,20,,9986,1,0,6,1,60,,11264,1,0,6,1,5,,11252,1,0,20 21 30 12,1,15,,11256,1,0,6,1,20,,11253,1,0,6,1,60,,11261,1,0,6,1,5,,11223,1,0,20 21 30 12,1,15,,11233,1,0,6,1,20,,11259,1,0,6,1,60,,11251,1,0,6,1,5,,11188,1,0,20 21 30 12,1,15,,11178,1,0,6,1
4501,'6',1005,,11280,1,0,20 21 30 12,1,100,,11277,1,0,20 21 30 12,1,100,,11284,1,0,20 21 30 12,1,100,,11282,1,0,20 21 30 12,1,100,,11279,1,0,20 21 30 12,1,100,,11278,1,0,20 21 30 12,1,100,,11283,1,0,20 21 30 12,1,100,,11281,1,0,20 21 30 12,1
4501,'8',700,,11356,1,0,6,1,5,,11295,1,0,11 2 5 12,1,15,,11317,1,0,6,1,20,,11339,1,0,6,1,60,,11320,1,0,6,1,5,,11376,1,0,11 2 5 12,1,15,,11354,1,0,6,1,20,,11343,1,0,6,1,60,,11312,1,0,6,1,5,,11316,1,0,11 2 5 12,1,15,,11288,1,0,6,1,20,,11351,1,0,6,1,60,,11309,1,0,6,1,5,,11314,1,0,11 2 5 12,1,15,,11306,1,0,6,1,20,,11327,1,0,6,1,60,,11305,1,0,6,1,5,,11301,1,0,11 2 5 12,1,15,,11349,1,0,6,1,20,,11291,1,0,6,1,60,,11298,1,0,6,1,5,,11324,1,0,11 2 5 12,1,15,,11286,1,0,6,1,20,,11350,1,0,6,1,60,,11340,1,0,6,1,5,,11347,1,0,11 2 5 12,1,15,,11326,1,0,6,1,20,,11383,1,0,6,1,60,,11359,1,0,6,1,5,,11328,1,0,11 2 5 12,1,15,,11368,1,0,6,1,20,,11352,1,0,6,1,60,,11360,1,0,6,1,5,,11335,1,0,11 2 5 12,1,15,,11344,1,0,6,1,20,,11381,1,0,6,1,60,,11290,1,0,6,1,5,,11338,1,0,11 2 5 12,1,15,,11310,1,0,6,1,20,,11358,1,0,6,1,60,,11302,1,0,6,1,5,,11308,1,0,11 2 5 12,1,15,,11293,1,0,6,1,20,,11366,1,0,6,1,60,,11311,1,0,6,1,5,,11371,1,0,20 21 30 12,1,15,,11346,1,0,6,1,20,,11315,1,0,6,1,60,,8909,1,0,6,1,5,,11329,1,0,20 21 30 12,1,15,,11332,1,0,6,1,20,,9917,1,0,6,1,60,,11375,1,0,6,1,5,,11363,1,0,20 21 30 12,1,15,,11367,1,0,6,1,20,,11364,1,0,6,1,60,,11372,1,0,6,1,5,,11336,1,0,20 21 30 12,1,15,,11345,1,0,6,1,20,,11370,1,0,6,1,60,,11362,1,0,6,1,5,,11300,1,0,20 21 30 12,1,15,,11289,1,0,6,1
4501,'9',1005,,11395,1,0,20 21 30 12,1,100,,11393,1,0,20 21 30 12,1,100,,11394,1,0,20 21 30 12,1,100,,11391,1,0,20 21 30 12,1,100,,11388,1,0,20 21 30 12,1,100,,11390,1,0,20 21 30 12,1,100,,11389,1,0,20 21 30 12,1,100,,11392,1,0,20 21 30 12,1
5001,'11',748,,11398,13,4,,1,100,,9928,13,4,,1,100,,11403,13,4,,1,100,,11404,13,4,,1,100,,11408,13,4,,1,100,,11409,13,4,,1,100,,11407,13,4,,1,100,,11397,13,4,,1,100,,11399,13,4,,1,100,,11402,13,4,,1,100,,11401,13,4,,1,100,,11406,13,4,,1,100,,11396,13,4,,1,100,,11400,13,4,,1,100,,11410,13,4,,1,100,,11405,13,4,,1
5001,'2',748,,11426,11,4,,1,100,,11421,11,4,,1,100,,11415,11,4,,1,100,,11414,11,4,,1,100,,11420,11,4,,1,100,,11413,11,4,,1,100,,11417,11,4,,1,100,,11424,11,4,,1,100,,11423,11,4,,1,100,,11416,11,4,,1,100,,11411,11,4,,1,100,,11418,13,4,,1,100,,11425,13,4,,1,100,,11422,13,4,,1,100,,11412,13,4,,1,100,,11419,13,4,,1
5001,'6',1044,,11429,13,4,,1,100,,11431,13,4,,1,100,,11434,13,4,,1,100,,11427,13,4,,1,100,,11430,13,4,,1,100,,11432,13,4,,1,100,,11428,13,4,,1,100,,11433,13,4,,1
5001,'8',748,,11450,11,4,,1,100,,11445,11,4,,1,100,,11439,11,4,,1,100,,11438,11,4,,1,100,,11444,11,4,,1,100,,11437,11,4,,1,100,,11441,11,4,,1,100,,11448,11,4,,1,100,,11447,11,4,,1,100,,11440,11,4,,1,100,,11435,11,4,,1,100,,11442,13,4,,1,100,,11449,13,4,,1,100,,11446,13,4,,1,100,,11436,13,4,,1,100,,11443,13,4,,1
5001,'9',1044,,11452,13,4,,1,100,,11458,13,4,,1,100,,11457,13,4,,1,100,,11455,13,4,,1,100,,11451,13,4,,1,100,,11453,13,4,,1,100,,11456,13,4,,1,100,,11454,13,4,,1
5501,'11',705,,11465,1,0,20 21 5 12,1,100,,11473,1,0,20 21 5 12,1,100,,11467,1,0,20 21 5 12,1,100,,11466,1,0,20 21 5 12,1,100,,11472,1,0,20 21 5 12,1,100,,11460,1,0,20 21 5 12,1,100,,11464,1,0,20 21 5 12,1,100,,11461,1,0,20 21 5 12,1,100,,11469,1,0,20 21 5 12,1,100,,11470,1,0,20 21 5 12,1,100,,11474,1,0,20 21 5 12,1,100,,11462,1,0,20 21 5 12,1,100,,11471,1,0,20 21 5 12,1,100,,11459,1,0,20 21 5 12,1,100,,11463,1,0,20 21 5 12,1,100,,11468,1,0,20 21 5 12,1
5501,'2',705,,11479,1,0,11 2 5 12,1,100,,11486,1,0,11 2 5 12,1,100,,11489,1,0,11 2 5 12,1,100,,11487,1,0,11 2 5 12,1,100,,11484,1,0,11 2 5 12,1,100,,11477,1,0,11 2 5 12,1,100,,11483,1,0,11 2 5 12,1,100,,11481,1,0,11 2 5 12,1,100,,11480,1,0,11 2 5 12,1,100,,11478,1,0,11 2 5 12,1,100,,11475,1,0,11 2 5 12,1,100,,11476,1,0,20 21 5 12,1,100,,11490,1,0,20 21 5 12,1,100,,11488,1,0,20 21 5 12,1,100,,11485,1,0,20 21 5 12,1,100,,11482,1,0,20 21 5 12,1
5501,'6',1005,,11495,1,0,20 21 5 12,1,100,,11498,1,0,20 21 5 12,1,100,,11494,1,0,20 21 5 12,1,100,,11497,1,0,20 21 5 12,1,100,,11496,1,0,20 21 5 12,1,100,,11491,1,0,20 21 5 12,1,100,,11492,1,0,20 21 5 12,1,100,,11493,1,0,20 21 5 12,1
5501,'8',705,,11503,1,0,11 2 5 12,1,100,,11510,1,0,11 2 5 12,1,100,,11513,1,0,11 2 5 12,1,100,,11511,1,0,11 2 5 12,1,100,,11508,1,0,11 2 5 12,1,100,,11501,1,0,11 2 5 12,1,100,,11507,1,0,11 2 5 12,1,100,,11505,1,0,11 2 5 12,1,100,,11504,1,0,11 2 5 12,1,100,,11502,1,0,11 2 5 12,1,100,,11499,1,0,11 2 5 12,1,100,,11500,1,0,20 21 5 12,1,100,,11514,1,0,20 21 5 12,1,100,,11512,1,0,20 21 5 12,1,100,,11509,1,0,20 21 5 12,1,100,,11506,1,0,20 21 5 12,1
5501,'9',1005,,11520,1,0,20 21 5 12,1,100,,11518,1,0,20 21 5 12,1,100,,11515,1,0,20 21 5 12,1,100,,11522,1,0,20 21 5 12,1,100,,11516,1,0,20 21 5 12,1,100,,11517,1,0,20 21 5 12,1,100,,11519,1,0,20 21 5 12,1,100,,11521,1,0,20 21 5 12,1
7001,'11',703,,11795,1,0,20 21 7,1,100,,11799,1,0,20 21 7,1,100,,9369,1,0,20 21 7,1,100,,11803,1,0,20 21 7,1,100,,11794,1,0,20 21 7,1,100,,11791,1,0,20 21 7,1,100,,11801,1,0,20 21 7,1,100,,11804,1,0,20 21 7,1,100,,11802,1,0,20 21 7,1,100,,11796,1,0,20 21 7,1,100,,11793,1,0,20 21 7,1,100,,8932,1,0,20 21 7,1,100,,11798,1,0,20 21 7,1,100,,11800,1,0,20 21 7,1,100,,11797,1,0,20 21 7,1,100,,11792,1,0,20 21 7,1
7001,'2',703,,11808,1,0,11 2 7,1,30,,11833,1,0,11 2 7,1,70,,11814,1,0,11 2 7,1,30,,11830,1,0,11 2 7,1,70,,11812,1,0,11 2 7,1,30,,11810,1,0,11 2 7,1,70,,11815,1,0,11 2 7,1,30,,11809,1,0,11 2 7,1,70,,11813,1,0,11 2 7,1,30,,11832,1,0,11 2 7,1,70,,11817,1,0,11 2 7,1,30,,11806,1,0,11 2 7,1,70,,11805,1,0,11 2 7,1,30,,11834,1,0,11 2 7,1,70,,11816,1,0,11 2 7,1,30,,11827,1,0,11 2 7,1,70,,11825,1,0,11 2 7,1,30,,11818,1,0,11 2 7,1,70,,11820,1,0,11 2 7,1,30,,11811,1,0,11 2 7,1,70,,11823,1,0,11 2 7,1,30,,11821,1,0,11 2 7,1,70,,11831,1,0,20 21 7,1,30,,11819,1,0,20 21 7,1,70,,11822,1,0,20 21 7,1,30,,11807,1,0,20 21 7,1,70,,11836,1,0,20 21 7,1,30,,11828,1,0,20 21 7,1,70,,11826,1,0,20 21 7,1,30,,11835,1,0,20 21 7,1,70,,11829,1,0,20 21 7,1,30,,11824,1,0,20 21 7,1
7001,'6',1003,,11838,1,0,20 21 7,1,100,,11840,1,0,20 21 7,1,100,,11841,1,0,20 21 7,1,100,,11839,1,0,20 21 7,1,100,,11842,1,0,20 21 7,1,100,,11843,1,0,20 21 7,1,100,,11837,1,0,20 21 7,1,100,,11844,1,0,20 21 7,1
7001,'8',703,,11850,1,0,11 2 7,1,30,,11845,1,0,11 2 7,1,70,,11855,1,0,11 2 7,1,30,,11871,1,0,11 2 7,1,70,,11853,1,0,11 2 7,1,30,,11858,1,0,11 2 7,1,70,,11856,1,0,11 2 7,1,30,,11851,1,0,11 2 7,1,70,,11854,1,0,11 2 7,1,30,,9875,1,0,11 2 7,1,70,,11859,1,0,11 2 7,1,30,,11847,1,0,11 2 7,1,70,,11846,1,0,11 2 7,1,30,,11849,1,0,11 2 7,1,70,,11857,1,0,11 2 7,1,30,,8887,1,0,11 2 7,1,70,,11867,1,0,11 2 7,1,30,,11860,1,0,11 2 7,1,70,,11862,1,0,11 2 7,1,30,,11852,1,0,11 2 7,1,70,,11865,1,0,11 2 7,1,30,,11863,1,0,11 2 7,1,70,,11872,1,0,20 21 7,1,30,,11861,1,0,20 21 7,1,70,,11864,1,0,20 21 7,1,30,,11848,1,0,20 21 7,1,70,,11874,1,0,20 21 7,1,30,,11869,1,0,20 21 7,1,70,,11868,1,0,20 21 7,1,30,,11873,1,0,20 21 7,1,70,,11870,1,0,20 21 7,1,30,,11866,1,0,20 21 7,1
7001,'9',1003,,11881,1,0,20 21 7,1,100,,11882,1,0,20 21 7,1,100,,11879,1,0,20 21 7,1,100,,11875,1,0,20 21 7,1,100,,11880,1,0,20 21 7,1,100,,11876,1,0,20 21 7,1,100,,11878,1,0,20 21 7,1,100,,11877,1,0,20 21 7,1
7501,'11',751,,11892,11,4,,1,100,,11885,11,4,,1,100,,11891,11,4,,1,100,,11895,11,4,,1,100,,11888,11,4,,1,100,,11889,11,4,,1,100,,11893,11,4,,1,100,,11897,11,4,,1,100,,11883,11,4,,1,100,,11884,11,4,,1,100,,11890,11,4,,1,100,,11896,11,4,,1,100,,11894,11,4,,1,100,,11898,11,4,,1,100,,11886,11,4,,1,100,,11887,11,4,,1
7501,'2',749,,11920,9,4,,1,70,,11911,9,4,,1,30,,11924,9,4,,1,70,,11902,9,4,,1,30,,11925,9,4,,1,70,,11919,9,4,,1,30,,11917,9,4,,1,70,,11928,9,4,,1,30,,11903,9,4,,1,70,,11913,9,4,,1,30,,11927,9,4,,1,70,,11906,9,4,,1,30,,8971,9,4,,1,70,,9948,9,4,,1,30,,11922,9,4,,1,70,,11905,9,4,,1,30,,11910,9,4,,1,70,,11926,9,4,,1,30,,11918,9,4,,1,70,,11904,9,4,,1,30,,11914,9,4,,1,70,,11909,9,4,,1,32,,11921,11,4,,1,70,,11899,11,4,,1,30,,11915,11,4,,1,70,,11923,11,4,,1,30,,11908,11,4,,1,70,,11916,11,4,,1,30,,11907,11,4,,1,70,,11901,11,4,,1,30,,11912,11,4,,1,70,,11900,11,4,,1
7501,'6',1051,,11930,11,4,,1,100,,11935,11,4,,1,100,,11932,11,4,,1,100,,11929,11,4,,1,100,,11933,11,4,,1,100,,11931,11,4,,1,100,,11936,11,4,,1,100,,11934,11,4,,1
7501,'8',749,,11958,9,4,,1,70,,11949,9,4,,1,30,,11962,9,4,,1,70,,11946,9,4,,1,30,,11963,9,4,,1,70,,11957,9,4,,1,30,,11955,9,4,,1,70,,11943,9,4,,1,30,,11941,9,4,,1,70,,11951,9,4,,1,30,,11965,9,4,,1,70,,11966,9,4,,1,30,,8871,9,4,,1,70,,9879,9,4,,1,30,,11960,9,4,,1,70,,11940,9,4,,1,30,,11948,9,4,,1,70,,11964,9,4,,1,30,,11956,9,4,,1,70,,11942,9,4,,1,30,,11952,9,4,,1,70,,11947,9,4,,1,32,,11959,11,4,,1,70,,11937,11,4,,1,30,,11953,11,4,,1,70,,11961,11,4,,1,30,,11945,11,4,,1,70,,11954,11,4,,1,30,,11944,11,4,,1,70,,11939,11,4,,1,30,,11950,11,4,,1,70,,11938,11,4,,1
7501,'9',1051,,11967,11,4,,1,100,,11973,11,4,,1,100,,11970,11,4,,1,100,,11971,11,4,,1,100,,11972,11,4,,1,100,,11968,11,4,,1,100,,11974,11,4,,1,100,,11969,11,4,,1
