4001,'11',738,,10936,5,0,20 21 29 24,1,100,,10931,5,0,20 21 29 24,1,100,,10945,5,0,20 21 29 24,1,100,,10943,5,0,20 21 29 24,1,100,,10937,5,0,20 21 29 24,1,100,,10941,5,0,20 21 29 24,1,100,,10930,5,0,20 21 29 24,1,100,,10934,5,0,20 21 29 24,1,100,,10940,5,0,20 21 29 24,1,100,,10938,5,0,20 21 29 24,1,100,,10942,5,0,20 21 29 24,1,100,,10932,5,0,20 21 29 24,1,100,,10939,5,0,20 21 29 24,1,100,,10933,5,0,20 21 29 24,1,100,,10944,5,0,20 21 29 24,1,100,,10935,5,0,20 21 29 24,1
4001,'2',1838,,8414,5,0,20 21 29 24,1,100,,11016,5,0,20 21 29 24,1,100,,10954,5,0,20 21 29 24,1,100,,10970,5,0,20 21 29 24,1,100,,11011,5,0,20 21 29 24,1
4001,'6',1034,,11049,5,0,20 21 29 24,1,100,,11047,5,0,20 21 29 24,1,100,,11046,5,0,20 21 29 24,1,100,,11048,5,0,20 21 29 24,1,100,,11045,5,0,20 21 29 24,1,100,,11044,5,0,20 21 29 24,1,100,,11050,5,0,20 21 29 24,1,100,,11051,5,0,20 21 29 24,1
4001,'8',1838,,8380,5,0,20 21 29 24,1,100,,11121,5,0,20 21 29 24,1,100,,11060,5,0,20 21 29 24,1,100,,11074,5,0,20 21 29 24,1,100,,11116,5,0,20 21 29 24,1
4001,'9',1034,,11152,5,0,20 21 29 24,1,100,,11156,5,0,20 21 29 24,1,100,,11154,5,0,20 21 29 24,1,100,,11153,5,0,20 21 29 24,1,100,,11155,5,0,20 21 29 24,1,100,,11151,5,0,20 21 29 24,1,100,,11158,5,0,20 21 29 24,1,100,,11157,5,0,20 21 29 24,1
4501,'11',713,,11167,3,0,20 21 30 12,1,100,,11168,3,0,20 21 30 12,1,100,,11159,3,0,20 21 30 12,1,100,,11169,3,0,20 21 30 12,1,100,,11170,3,0,20 21 30 12,1,100,,11164,3,0,20 21 30 12,1,100,,11165,3,0,20 21 30 12,1,100,,11161,3,0,20 21 30 12,1,100,,11173,3,0,20 21 30 12,1,100,,11162,3,0,20 21 30 12,1,100,,10388,3,0,20 21 30 12,1,100,,11160,3,0,20 21 30 12,1,100,,11166,3,0,20 21 30 12,1,100,,11172,3,0,20 21 30 12,1,100,,11163,3,0,20 21 30 12,1,100,,11171,3,0,20 21 30 12,1
4501,'2',1813,,11260,3,0,20 21 30 12,1,100,,11216,3,0,20 21 30 12,1,100,,11252,3,0,20 21 30 12,1,100,,11223,3,0,20 21 30 12,1,100,,11188,3,0,20 21 30 12,1
4501,'6',1012,,11280,3,0,20 21 30 12,1,100,,11277,3,0,20 21 30 12,1,100,,11284,3,0,20 21 30 12,1,100,,11282,3,0,20 21 30 12,1,100,,11279,3,0,20 21 30 12,1,100,,11278,3,0,20 21 30 12,1,100,,11283,3,0,20 21 30 12,1,100,,11281,3,0,20 21 30 12,1
4501,'8',1813,,11371,3,0,20 21 30 12,1,100,,11329,3,0,20 21 30 12,1,100,,11363,3,0,20 21 30 12,1,100,,11336,3,0,20 21 30 12,1,100,,11300,3,0,20 21 30 12,1
4501,'9',1012,,11395,3,0,20 21 30 12,1,100,,11393,3,0,20 21 30 12,1,100,,11394,3,0,20 21 30 12,1,100,,11391,3,0,20 21 30 12,1,100,,11388,3,0,20 21 30 12,1,100,,11390,3,0,20 21 30 12,1,100,,11389,3,0,20 21 30 12,1,100,,11392,3,0,20 21 30 12,1
