2500,'11',725,,10775,22,4,,1,100,,10769,22,4,,1,100,,10777,22,4,,1,100,,10776,22,4,,1,100,,10770,22,4,,1,100,,10771,22,4,,1,100,,10781,22,4,,1,100,,10783,22,4,,1,100,,10773,22,4,,1,100,,10780,22,4,,1,100,,10782,22,4,,1,100,,10779,22,4,,1,100,,10774,22,4,,1,100,,10778,22,4,,1,100,,10768,22,4,,1,100,,10772,22,4,,1
2500,'2',725,,10796,22,4,,1,100,,10794,22,4,,1,100,,10792,22,4,,1,100,,10798,22,4,,1,100,,10793,22,4,,1,100,,10791,22,4,,1,100,,10790,22,4,,1,100,,10788,22,4,,1,100,,10787,22,4,,1,100,,10784,22,4,,1,100,,10797,22,4,,1,100,,10789,22,4,,1,100,,10795,22,4,,1,100,,9438,22,4,,1,100,,10785,22,4,,1,100,,10786,22,4,,1
2500,'6',1025,,10806,22,4,,1,100,,10802,22,4,,1,100,,10801,22,4,,1,100,,10805,22,4,,1,100,,10799,22,4,,1,100,,10803,22,4,,1,100,,10800,22,4,,1,100,,10804,22,4,,1
2500,'8',725,,10819,22,4,,1,100,,10817,22,4,,1,100,,10815,22,4,,1,100,,10821,22,4,,1,100,,10816,22,4,,1,100,,10814,22,4,,1,100,,10813,22,4,,1,100,,10811,22,4,,1,100,,10810,22,4,,1,100,,10807,22,4,,1,100,,10820,22,4,,1,100,,10812,22,4,,1,100,,10818,22,4,,1,100,,9340,22,4,,1,100,,10808,22,4,,1,100,,10809,22,4,,1
2500,'9',1025,,10822,22,4,,1,100,,10823,22,4,,1,100,,10827,22,4,,1,100,,10828,22,4,,1,100,,10826,22,4,,1,100,,10829,22,4,,1,100,,10824,22,4,,1,100,,10825,22,4,,1
2501,'11',630,,10830,1,0,26 27 28,1,100,,10840,1,0,26 27 28,1,100,,10842,1,0,26 27 28,1,100,,10831,1,0,26 27 28,1,100,,10832,1,0,26 27 28,1,100,,10841,1,0,26 27 28,1,100,,10839,1,0,26 27 28,1,100,,10834,1,0,26 27 28,1,100,,10835,1,0,26 27 28,1,100,,10844,1,0,26 27 28,1,100,,10838,1,0,26 27 28,1,100,,10843,1,0,26 27 28,1,100,,10845,1,0,26 27 28,1,100,,10837,1,0,26 27 28,1,100,,10833,1,0,26 27 28,1,100,,10836,1,0,26 27 28,1
2501,'2',630,,10856,1,0,26 27 28,1,100,,10850,1,0,26 27 28,1,100,,10847,1,0,26 27 28,1,100,,10854,1,0,26 27 28,1,100,,10855,1,0,26 27 28,1,100,,10861,1,0,26 27 28,1,100,,10852,1,0,26 27 28,1,100,,10857,1,0,26 27 28,1,100,,10851,1,0,26 27 28,1,100,,10848,1,0,26 27 28,1,100,,10849,1,0,26 27 28,1,100,,10860,1,0,26 27 28,1,100,,10846,1,0,26 27 28,1,100,,10853,1,0,26 27 28,1,100,,10858,1,0,26 27 28,1,100,,10859,1,0,26 27 28,1
2501,'6',1030,,10863,1,0,26 27 28,1,100,,10867,1,0,26 27 28,1,100,,10869,1,0,26 27 28,1,100,,10862,1,0,26 27 28,1,100,,10868,1,0,26 27 28,1,100,,10866,1,0,26 27 28,1,100,,10864,1,0,26 27 28,1,100,,10865,1,0,26 27 28,1
2501,'8',630,,10880,1,0,26 27 28,1,100,,10874,1,0,26 27 28,1,100,,10871,1,0,26 27 28,1,100,,10878,1,0,26 27 28,1,100,,10879,1,0,26 27 28,1,100,,10885,1,0,26 27 28,1,100,,10876,1,0,26 27 28,1,100,,10881,1,0,26 27 28,1,100,,10875,1,0,26 27 28,1,100,,10872,1,0,26 27 28,1,100,,10873,1,0,26 27 28,1,100,,10884,1,0,26 27 28,1,100,,10870,1,0,26 27 28,1,100,,10877,1,0,26 27 28,1,100,,10882,1,0,26 27 28,1,100,,10883,1,0,26 27 28,1
2501,'9',1030,,10890,1,0,26 27 28,1,100,,10891,1,0,26 27 28,1,100,,10893,1,0,26 27 28,1,100,,10889,1,0,26 27 28,1,100,,10888,1,0,26 27 28,1,100,,10887,1,0,26 27 28,1,100,,10892,1,0,26 27 28,1,100,,10886,1,0,26 27 28,1
