2201,'11',718,,10715,2,,,1,100,,10702,2,,,1,100,,10705,2,,,1,100,,10708,2,,,1,100,,10709,2,,,1,100,,10710,2,,,1,100,,10701,2,,,1,100,,10717,2,,,1,100,,10712,2,,,1,100,,10714,2,,,1,100,,10713,2,,,1,100,,10707,2,,,1,100,,10706,2,,,1,100,,10716,2,,,1,100,,10703,2,,,1,100,,10704,2,,,1,100,,10711,2,,,1
2201,'2',718,,10732,2,,,1,100,,10724,2,,,1,100,,10731,2,,,1,100,,10730,2,,,1,100,,10722,2,,,1,100,,10720,2,,,1,100,,10733,2,,,1,100,,10719,2,,,1,100,,10726,2,,,1,100,,10728,2,,,1,100,,10721,2,,,1,100,,8978,2,,,1,100,,10718,2,,,1,100,,10725,2,,,1,100,,10723,2,,,1,100,,10729,2,,,1,100,,10727,2,,,1
2201,'6',1018,,10741,2,,,1,100,,10736,2,,,1,100,,10742,2,,,1,100,,10737,2,,,1,100,,10735,2,,,1,100,,10739,2,,,1,100,,10740,2,,,1,100,,10738,2,,,1,100,,10734,2,,,1
2201,'8',718,,10757,2,,,1,100,,10749,2,,,1,100,,10756,2,,,1,100,,10755,2,,,1,100,,10747,2,,,1,100,,10745,2,,,1,100,,10758,2,,,1,100,,10744,2,,,1,100,,10751,2,,,1,100,,10753,2,,,1,100,,10746,2,,,1,100,,8879,2,,,1,100,,10743,2,,,1,100,,10750,2,,,1,100,,10748,2,,,1,100,,10754,2,,,1,100,,10752,2,,,1
2201,'9',1018,,10766,2,,,1,100,,10764,2,,,1,100,,10762,2,,,1,100,,10767,2,,,1,100,,10759,2,,,1,100,,10765,2,,,1,100,,10761,2,,,1,100,,10760,2,,,1,100,,10763,2,,,1
6501,'11',725,,11665,5,0,20 21 5 12,1,100,,11663,5,0,20 21 5 12,1,100,,11659,5,0,20 21 5 12,1,100,,11655,5,0,20 21 5 12,1,100,,11664,5,0,20 21 5 12,1,100,,11656,5,0,20 21 5 12,1,100,,11657,5,0,20 21 5 12,1,100,,11662,5,0,20 21 5 12,1,100,,11653,5,0,20 21 5 12,1,100,,11651,5,0,20 21 5 12,1,100,,11658,5,0,20 21 5 12,1,100,,11661,5,0,20 21 5 12,1,100,,11666,5,0,20 21 5 12,1,100,,11660,5,0,20 21 5 12,1,100,,11654,5,0,20 21 5 12,1,100,,11652,5,0,20 21 5 12,1
6501,'2',725,,11707,5,0,11 2 5 12,1,30,,11687,5,0,11 2 5 12,1,70,,11701,5,0,11 2 5 12,1,30,,11711,5,0,11 2 5 12,1,70,,11699,5,0,11 2 5 12,1,30,,11695,5,0,11 2 5 12,1,70,,11678,5,0,11 2 5 12,1,30,,11680,5,0,11 2 5 12,1,70,,11708,5,0,11 2 5 12,1,30,,11671,5,0,11 2 5 12,1,70,,11713,5,0,11 2 5 12,1,30,,11692,5,0,11 2 5 12,1,70,,11685,5,0,11 2 5 12,1,30,,11698,5,0,11 2 5 12,1,70,,11688,5,0,11 2 5 12,1,30,,11691,5,0,11 2 5 12,1,70,,11689,5,0,11 2 5 12,1,30,,11704,5,0,11 2 5 12,1,70,,11686,5,0,11 2 5 12,1,30,,11705,5,0,11 2 5 12,1,70,,11667,5,0,11 2 5 12,1,30,,11710,5,0,11 2 5 12,1,70,,11690,5,0,20 21 5 12,1,30,,11670,5,0,20 21 5 12,1,70,,11683,5,0,20 21 5 12,1,30,,11715,5,0,20 21 5 12,1,70,,11679,5,0,20 21 5 12,1,30,,11720,5,0,20 21 5 12,1,70,,11712,5,0,20 21 5 12,1,30,,11706,5,0,20 21 5 12,1,70,,11693,5,0,20 21 5 12,1,30,,11709,5,0,20 21 5 12,1
6501,'6',1025,,11727,5,0,20 21 5 12,1,100,,11723,5,0,20 21 5 12,1,100,,11726,5,0,20 21 5 12,1,100,,11724,5,0,20 21 5 12,1,100,,11725,5,0,20 21 5 12,1,100,,11721,5,0,20 21 5 12,1,100,,11728,5,0,20 21 5 12,1,100,,11722,5,0,20 21 5 12,1
6501,'8',725,,11769,5,0,11 2 5 12,1,30,,11748,5,0,11 2 5 12,1,70,,11763,5,0,11 2 5 12,1,30,,11773,5,0,11 2 5 12,1,70,,11761,5,0,11 2 5 12,1,30,,11757,5,0,11 2 5 12,1,70,,11739,5,0,11 2 5 12,1,30,,11741,5,0,11 2 5 12,1,70,,11770,5,0,11 2 5 12,1,30,,11733,5,0,11 2 5 12,1,70,,11775,5,0,11 2 5 12,1,30,,11754,5,0,11 2 5 12,1,70,,11746,5,0,11 2 5 12,1,30,,11760,5,0,11 2 5 12,1,70,,11749,5,0,11 2 5 12,1,30,,11753,5,0,11 2 5 12,1,70,,11750,5,0,11 2 5 12,1,30,,11766,5,0,11 2 5 12,1,70,,11747,5,0,11 2 5 12,1,30,,11767,5,0,11 2 5 12,1,70,,11729,5,0,11 2 5 12,1,30,,11772,5,0,11 2 5 12,1,70,,11751,5,0,20 21 5 12,1,30,,11732,5,0,20 21 5 12,1,70,,11744,5,0,20 21 5 12,1,30,,11777,5,0,20 21 5 12,1,70,,11740,5,0,20 21 5 12,1,30,,11782,5,0,20 21 5 12,1,70,,11774,5,0,20 21 5 12,1,30,,11768,5,0,20 21 5 12,1,70,,11755,5,0,20 21 5 12,1,30,,11771,5,0,20 21 5 12,1
6501,'9',1025,,11788,5,0,20 21 5 12,1,100,,11785,5,0,20 21 5 12,1,100,,11787,5,0,20 21 5 12,1,100,,11786,5,0,20 21 5 12,1,100,,11783,5,0,20 21 5 12,1,100,,11789,5,0,20 21 5 12,1,100,,11784,5,0,20 21 5 12,1,100,,11790,5,0,20 21 5 12,1
