5001,'1',733,,9571,8,0,20 21 23 24,1,100,,9580,8,0,20 21 23 24,1,100,,9577,8,0,20 21 23 24,1,100,,9572,8,0,20 21 23 24,1,100,,7887,8,0,20 21 23 24,1,100,,9567,8,0,20 21 23 24,1,100,,9569,8,0,20 21 23 24,1,100,,9568,8,0,20 21 23 24,1,100,,9570,8,0,20 21 23 24,1,100,,9578,8,0,20 21 23 24,1,100,,9576,8,0,20 21 23 24,1,100,,9581,8,0,20 21 23 24,1,100,,9575,8,0,20 21 23 24,1,100,,9573,8,0,20 21 23 24,1,100,,9574,8,0,20 21 23 24,1,100,,9579,8,0,20 21 23 24,1
5001,'11',733,,9587,8,0,20 21 23 24,1,100,,9596,8,0,20 21 23 24,1,100,,9593,8,0,20 21 23 24,1,100,,9588,8,0,20 21 23 24,1,100,,9586,8,0,20 21 23 24,1,100,,9582,8,0,20 21 23 24,1,100,,9584,8,0,20 21 23 24,1,100,,9583,8,0,20 21 23 24,1,100,,9585,8,0,20 21 23 24,1,100,,9594,8,0,20 21 23 24,1,100,,9592,8,0,20 21 23 24,1,100,,9597,8,0,20 21 23 24,1,100,,9591,8,0,20 21 23 24,1,100,,9589,8,0,20 21 23 24,1,100,,9590,8,0,20 21 23 24,1,100,,9595,8,0,20 21 23 24,1
5001,'12',733,,9602,8,0,11 2 23 24,1,100,,9613,8,0,11 2 23 24,1,100,,9608,8,0,11 2 23 24,1,100,,9610,8,0,11 2 23 24,1,100,,9612,8,0,11 2 23 24,1,100,,9604,8,0,11 2 23 24,1,100,,9599,8,0,11 2 23 24,1,100,,9603,8,0,11 2 23 24,1,100,,9607,8,0,11 2 23 24,1,100,,9598,8,0,11 2 23 24,1,100,,9609,8,0,11 2 23 24,1,100,,9601,8,0,20 21 23 24,1,100,,9600,8,0,20 21 23 24,1,100,,9605,8,0,20 21 23 24,1,100,,9606,8,0,20 21 23 24,1,100,,9611,8,0,20 21 23 24,1
5001,'13',733,,9617,8,0,11 2 23 24,1,100,,9628,8,0,11 2 23 24,1,100,,9623,8,0,11 2 23 24,1,100,,9625,8,0,11 2 23 24,1,100,,9627,8,0,11 2 23 24,1,100,,9619,8,0,11 2 23 24,1,100,,9615,8,0,11 2 23 24,1,100,,9618,8,0,11 2 23 24,1,100,,9622,8,0,11 2 23 24,1,100,,9614,8,0,11 2 23 24,1,100,,9624,8,0,11 2 23 24,1,100,,9616,8,0,20 21 23 24,1,100,,7470,8,0,20 21 23 24,1,100,,9620,8,0,20 21 23 24,1,100,,9621,8,0,20 21 23 24,1,100,,9626,8,0,20 21 23 24,1
5001,'16',733,,9633,8,0,20 21 23 24,1,100,,9642,8,0,20 21 23 24,1,100,,9639,8,0,20 21 23 24,1,100,,9634,8,0,20 21 23 24,1,100,,7954,8,0,20 21 23 24,1,100,,9629,8,0,20 21 23 24,1,100,,9631,8,0,20 21 23 24,1,100,,9630,8,0,20 21 23 24,1,100,,9632,8,0,20 21 23 24,1,100,,9640,8,0,20 21 23 24,1,100,,9638,8,0,20 21 23 24,1,100,,9643,8,0,20 21 23 24,1,100,,9637,8,0,20 21 23 24,1,100,,9635,8,0,20 21 23 24,1,100,,9636,8,0,20 21 23 24,1,100,,9641,8,0,20 21 23 24,1
5001,'3',733,,9647,8,0,11 2 23 24,1,100,,9658,8,0,11 2 23 24,1,100,,9653,8,0,11 2 23 24,1,100,,9655,8,0,11 2 23 24,1,100,,9657,8,0,11 2 23 24,1,100,,9649,8,0,11 2 23 24,1,100,,9645,8,0,11 2 23 24,1,100,,9648,8,0,11 2 23 24,1,100,,9652,8,0,11 2 23 24,1,100,,9644,8,0,11 2 23 24,1,100,,9654,8,0,11 2 23 24,1,100,,9646,8,0,20 21 23 24,1,100,,7566,8,0,20 21 23 24,1,100,,9650,8,0,20 21 23 24,1,100,,9651,8,0,20 21 23 24,1,100,,9656,8,0,20 21 23 24,1
5001,'6',733,,9663,8,0,11 2 23 24,1,100,,9674,8,0,11 2 23 24,1,100,,9669,8,0,11 2 23 24,1,100,,9671,8,0,11 2 23 24,1,100,,9673,8,0,11 2 23 24,1,100,,9665,8,0,11 2 23 24,1,100,,9660,8,0,11 2 23 24,1,100,,9664,8,0,11 2 23 24,1,100,,9668,8,0,11 2 23 24,1,100,,9659,8,0,11 2 23 24,1,100,,9670,8,0,11 2 23 24,1,100,,9662,8,0,20 21 23 24,1,100,,9661,8,0,20 21 23 24,1,100,,9666,8,0,20 21 23 24,1,100,,9667,8,0,20 21 23 24,1,100,,9672,8,0,20 21 23 24,1
5501,'1',720,,9680,4,0,20 21 5 12,1,100,,9690,4,0,20 21 5 12,1,100,,9685,4,0,20 21 5 12,1,100,,9678,4,0,20 21 5 12,1,100,,9689,4,0,20 21 5 12,1,100,,9682,4,0,20 21 5 12,1,100,,9676,4,0,20 21 5 12,1,100,,9684,4,0,20 21 5 12,1,100,,9686,4,0,20 21 5 12,1,100,,9683,4,0,20 21 5 12,1,100,,9681,4,0,20 21 5 12,1,100,,9675,4,0,20 21 5 12,1,100,,9677,4,0,20 21 5 12,1,100,,9679,4,0,20 21 5 12,1,100,,9687,4,0,20 21 5 12,1,100,,9688,4,0,20 21 5 12,1
5501,'11',720,,9696,4,0,20 21 5 12,1,100,,9706,4,0,20 21 5 12,1,100,,9701,4,0,20 21 5 12,1,100,,9694,4,0,20 21 5 12,1,100,,9705,4,0,20 21 5 12,1,100,,9698,4,0,20 21 5 12,1,100,,9692,4,0,20 21 5 12,1,100,,9700,4,0,20 21 5 12,1,100,,9702,4,0,20 21 5 12,1,100,,9699,4,0,20 21 5 12,1,100,,9697,4,0,20 21 5 12,1,100,,9691,4,0,20 21 5 12,1,100,,9693,4,0,20 21 5 12,1,100,,9695,4,0,20 21 5 12,1,100,,9703,4,0,20 21 5 12,1,100,,9704,4,0,20 21 5 12,1
5501,'12',717,,9714,3,0,11 2 5 12,1,100,,9715,3,0,11 2 5 12,1,100,,9717,3,0,11 2 5 12,1,100,,9713,3,0,11 2 5 12,1,100,,9718,3,0,11 2 5 12,1,100,,9720,3,0,11 2 5 12,1,100,,9710,3,0,11 2 5 12,1,100,,9708,3,0,11 2 5 12,1,100,,9722,3,0,11 2 5 12,1,100,,9716,3,0,11 2 5 12,1,100,,9721,3,0,11 2 5 12,1,103,,9711,4,0,20 21 5 12,1,100,,9719,4,0,20 21 5 12,1,100,,9712,4,0,20 21 5 12,1,100,,9709,4,0,20 21 5 12,1,100,,9707,4,0,20 21 5 12,1
5501,'13',717,,9729,3,0,11 2 5 12,1,100,,9730,3,0,11 2 5 12,1,100,,9732,3,0,11 2 5 12,1,100,,9728,3,0,11 2 5 12,1,100,,9733,3,0,11 2 5 12,1,100,,9735,3,0,11 2 5 12,1,100,,9726,3,0,11 2 5 12,1,100,,9724,3,0,11 2 5 12,1,100,,9737,3,0,11 2 5 12,1,100,,9731,3,0,11 2 5 12,1,100,,9736,3,0,11 2 5 12,1,103,,7648,4,0,20 21 5 12,1,100,,9734,4,0,20 21 5 12,1,100,,9727,4,0,20 21 5 12,1,100,,9725,4,0,20 21 5 12,1,100,,9723,4,0,20 21 5 12,1
5501,'16',720,,9743,4,0,20 21 5 12,1,100,,9753,4,0,20 21 5 12,1,100,,9748,4,0,20 21 5 12,1,100,,9741,4,0,20 21 5 12,1,100,,9752,4,0,20 21 5 12,1,100,,9745,4,0,20 21 5 12,1,100,,9739,4,0,20 21 5 12,1,100,,9747,4,0,20 21 5 12,1,100,,9749,4,0,20 21 5 12,1,100,,9746,4,0,20 21 5 12,1,100,,9744,4,0,20 21 5 12,1,100,,9738,4,0,20 21 5 12,1,100,,9740,4,0,20 21 5 12,1,100,,9742,4,0,20 21 5 12,1,100,,9750,4,0,20 21 5 12,1,100,,9751,4,0,20 21 5 12,1
5501,'3',717,,9760,3,0,11 2 5 12,1,100,,9761,3,0,11 2 5 12,1,100,,9763,3,0,11 2 5 12,1,100,,9759,3,0,11 2 5 12,1,100,,9764,3,0,11 2 5 12,1,100,,9766,3,0,11 2 5 12,1,100,,9757,3,0,11 2 5 12,1,100,,9755,3,0,11 2 5 12,1,100,,9768,3,0,11 2 5 12,1,100,,9762,3,0,11 2 5 12,1,100,,9767,3,0,11 2 5 12,1,103,,7679,4,0,20 21 5 12,1,100,,9765,4,0,20 21 5 12,1,100,,9758,4,0,20 21 5 12,1,100,,9756,4,0,20 21 5 12,1,100,,9754,4,0,20 21 5 12,1
5501,'6',717,,9776,3,0,11 2 5 12,1,100,,9777,3,0,11 2 5 12,1,100,,9779,3,0,11 2 5 12,1,100,,9775,3,0,11 2 5 12,1,100,,9780,3,0,11 2 5 12,1,100,,9782,3,0,11 2 5 12,1,100,,9772,3,0,11 2 5 12,1,100,,9770,3,0,11 2 5 12,1,100,,9784,3,0,11 2 5 12,1,100,,9778,3,0,11 2 5 12,1,100,,9783,3,0,11 2 5 12,1,103,,9773,4,0,20 21 5 12,1,100,,9781,4,0,20 21 5 12,1,100,,9774,4,0,20 21 5 12,1,100,,9771,4,0,20 21 5 12,1,100,,9769,4,0,20 21 5 12,1
7001,'1',717,,10301,4,0,22 2 6 2 7,1,100,,10303,4,0,22 2 6 2 7,1,100,,10298,4,0,22 2 6 2 7,1,100,,10309,4,0,22 2 6 2 7,1,100,,10305,4,0,22 2 6 2 7,1,100,,10297,4,0,22 2 6 2 7,1,100,,10300,4,0,22 2 6 2 7,1,100,,10307,4,0,22 2 6 2 7,1,100,,10306,4,0,22 2 6 2 7,1,100,,10296,4,0,22 2 6 2 7,1,100,,10294,4,0,22 2 6 2 7,1,100,,10295,4,0,22 2 6 2 7,1,100,,10299,4,0,22 2 6 2 7,1,100,,10302,4,0,22 2 6 2 7,1,100,,10304,4,0,22 2 6 2 7,1,100,,10308,4,0,22 2 6 2 7,1
7001,'11',717,,10317,4,0,22 2 6 2 7,1,100,,10319,4,0,22 2 6 2 7,1,100,,10314,4,0,22 2 6 2 7,1,100,,10325,4,0,22 2 6 2 7,1,100,,10321,4,0,22 2 6 2 7,1,100,,10313,4,0,22 2 6 2 7,1,100,,10316,4,0,22 2 6 2 7,1,100,,10323,4,0,22 2 6 2 7,1,100,,10322,4,0,22 2 6 2 7,1,100,,10312,4,0,22 2 6 2 7,1,100,,10310,4,0,22 2 6 2 7,1,100,,10311,4,0,22 2 6 2 7,1,100,,10315,4,0,22 2 6 2 7,1,100,,10318,4,0,22 2 6 2 7,1,100,,10320,4,0,22 2 6 2 7,1,100,,10324,4,0,22 2 6 2 7,1
7001,'12',717,,10329,3,0,11 2 7,1,30,,10342,3,0,11 2 7,1,70,,10352,3,0,11 2 7,1,30,,10349,3,0,11 2 7,1,70,,10344,3,0,11 2 7,1,30,,10334,3,0,11 2 7,1,70,,10354,3,0,11 2 7,1,30,,10330,3,0,11 2 7,1,70,,10343,3,0,11 2 7,1,30,,10347,3,0,11 2 7,1,70,,10337,3,0,11 2 7,1,30,,10345,3,0,11 2 7,1,70,,10357,3,0,11 2 7,1,30,,10340,3,0,11 2 7,1,70,,10350,3,0,11 2 7,1,30,,10327,3,0,11 2 7,1,70,,10351,3,0,11 2 7,1,30,,10341,3,0,11 2 7,1,70,,10332,3,0,11 2 7,1,30,,10331,3,0,11 2 7,1,70,,10338,3,0,11 2 7,1,30,,10326,3,0,11 2 7,1,70,,10355,4,0,22 2 6 2 7,1,30,,10328,4,0,22 2 6 2 7,1,70,,10356,4,0,22 2 6 2 7,1,30,,10353,4,0,22 2 6 2 7,1,70,,10346,4,0,22 2 6 2 7,1,30,,10335,4,0,22 2 6 2 7,1,70,,10339,4,0,22 2 6 2 7,1,30,,10348,4,0,22 2 6 2 7,1,70,,10333,4,0,22 2 6 2 7,1,30,,10336,4,0,22 2 6 2 7,1
7001,'13',717,,10361,3,0,11 2 7,1,30,,10383,3,0,11 2 7,1,70,,10379,3,0,11 2 7,1,30,,10377,3,0,11 2 7,1,70,,10375,3,0,11 2 7,1,30,,10380,3,0,11 2 7,1,70,,10382,3,0,11 2 7,1,30,,10362,3,0,11 2 7,1,70,,10374,3,0,11 2 7,1,30,,10365,3,0,11 2 7,1,70,,10369,3,0,11 2 7,1,30,,7293,3,0,11 2 7,1,70,,10386,3,0,11 2 7,1,30,,10371,3,0,11 2 7,1,70,,7309,3,0,11 2 7,1,30,,10359,3,0,11 2 7,1,70,,10378,3,0,11 2 7,1,30,,10373,3,0,11 2 7,1,70,,10364,3,0,11 2 7,1,30,,10363,3,0,11 2 7,1,70,,10370,3,0,11 2 7,1,30,,10358,3,0,11 2 7,1,70,,10384,4,0,22 2 6 2 7,1,30,,10360,4,0,22 2 6 2 7,1,70,,10385,4,0,22 2 6 2 7,1,30,,10381,4,0,22 2 6 2 7,1,70,,10376,4,0,22 2 6 2 7,1,30,,10367,4,0,22 2 6 2 7,1,70,,10372,4,0,22 2 6 2 7,1,30,,7653,4,0,22 2 6 2 7,1,70,,10366,4,0,22 2 6 2 7,1,30,,10368,4,0,22 2 6 2 7,1
7001,'16',717,,10394,4,0,22 2 6 2 7,1,100,,10396,4,0,22 2 6 2 7,1,100,,10391,4,0,22 2 6 2 7,1,100,,10402,4,0,22 2 6 2 7,1,100,,10398,4,0,22 2 6 2 7,1,100,,10390,4,0,22 2 6 2 7,1,100,,10393,4,0,22 2 6 2 7,1,100,,10400,4,0,22 2 6 2 7,1,100,,10399,4,0,22 2 6 2 7,1,100,,10389,4,0,22 2 6 2 7,1,100,,10387,4,0,22 2 6 2 7,1,100,,10388,4,0,22 2 6 2 7,1,100,,10392,4,0,22 2 6 2 7,1,100,,10395,4,0,22 2 6 2 7,1,100,,10397,4,0,22 2 6 2 7,1,100,,10401,4,0,22 2 6 2 7,1
7001,'3',717,,10406,3,0,11 2 7,1,30,,10419,3,0,11 2 7,1,70,,10426,3,0,11 2 7,1,30,,10424,3,0,11 2 7,1,70,,10421,3,0,11 2 7,1,30,,10411,3,0,11 2 7,1,70,,10428,3,0,11 2 7,1,30,,10407,3,0,11 2 7,1,70,,10420,3,0,11 2 7,1,30,,10423,3,0,11 2 7,1,70,,10414,3,0,11 2 7,1,30,,7390,3,0,11 2 7,1,70,,10431,3,0,11 2 7,1,30,,10417,3,0,11 2 7,1,70,,7406,3,0,11 2 7,1,30,,10404,3,0,11 2 7,1,70,,10425,3,0,11 2 7,1,30,,10418,3,0,11 2 7,1,70,,10409,3,0,11 2 7,1,30,,10408,3,0,11 2 7,1,70,,10415,3,0,11 2 7,1,30,,10403,3,0,11 2 7,1,70,,10429,4,0,22 2 6 2 7,1,30,,10405,4,0,22 2 6 2 7,1,70,,10430,4,0,22 2 6 2 7,1,30,,10427,4,0,22 2 6 2 7,1,70,,10422,4,0,22 2 6 2 7,1,30,,10412,4,0,22 2 6 2 7,1,70,,10416,4,0,22 2 6 2 7,1,30,,7684,4,0,22 2 6 2 7,1,70,,10410,4,0,22 2 6 2 7,1,30,,10413,4,0,22 2 6 2 7,1
7001,'6',717,,10435,3,0,11 2 7,1,30,,10460,3,0,11 2 7,1,70,,10456,3,0,11 2 7,1,30,,10453,3,0,11 2 7,1,70,,10449,3,0,11 2 7,1,30,,10457,3,0,11 2 7,1,70,,10459,3,0,11 2 7,1,30,,10436,3,0,11 2 7,1,70,,10448,3,0,11 2 7,1,30,,10439,3,0,11 2 7,1,70,,10443,3,0,11 2 7,1,30,,10450,3,0,11 2 7,1,70,,10463,3,0,11 2 7,1,30,,10445,3,0,11 2 7,1,70,,10454,3,0,11 2 7,1,30,,10433,3,0,11 2 7,1,70,,10455,3,0,11 2 7,1,30,,10447,3,0,11 2 7,1,70,,10438,3,0,11 2 7,1,30,,10437,3,0,11 2 7,1,70,,10444,3,0,11 2 7,1,30,,10432,3,0,11 2 7,1,70,,10461,4,0,22 2 6 2 7,1,30,,10434,4,0,22 2 6 2 7,1,70,,10462,4,0,22 2 6 2 7,1,30,,10458,4,0,22 2 6 2 7,1,70,,10451,4,0,22 2 6 2 7,1,30,,10441,4,0,22 2 6 2 7,1,70,,10446,4,0,22 2 6 2 7,1,30,,10452,4,0,22 2 6 2 7,1,70,,10440,4,0,22 2 6 2 7,1,30,,10442,4,0,22 2 6 2 7,1
7501,'1',734,,10474,6,0,25 24,1,100,,10465,6,0,25 24,1,100,,10467,6,0,25 24,1,100,,10478,6,0,25 24,1,100,,7765,6,0,25 24,1,100,,10477,6,0,25 24,1,100,,10468,6,0,25 24,1,100,,10472,6,0,25 24,1,100,,10473,6,0,25 24,1,100,,10466,6,0,25 24,1,100,,10470,6,0,25 24,1,100,,10471,6,0,25 24,1,100,,10464,6,0,25 24,1,100,,10469,6,0,25 24,1,100,,10476,6,0,25 24,1,100,,10475,6,0,25 24,1
7501,'11',734,,10489,6,0,25 24,1,100,,10480,6,0,25 24,1,100,,10482,6,0,25 24,1,100,,10494,6,0,25 24,1,100,,10493,6,0,25 24,1,100,,10492,6,0,25 24,1,100,,10483,6,0,25 24,1,100,,10487,6,0,25 24,1,100,,10488,6,0,25 24,1,100,,10481,6,0,25 24,1,100,,10485,6,0,25 24,1,100,,10486,6,0,25 24,1,100,,10479,6,0,25 24,1,100,,10484,6,0,25 24,1,100,,10491,6,0,25 24,1,100,,10490,6,0,25 24,1
7501,'12',734,,10500,5,0,11 2 23 24,1,70,,10522,5,0,11 2 23 24,1,30,,10505,5,0,11 2 23 24,1,70,,10502,5,0,11 2 23 24,1,30,,10518,5,0,11 2 23 24,1,70,,10497,5,0,11 2 23 24,1,30,,10498,5,0,11 2 23 24,1,70,,10513,5,0,11 2 23 24,1,30,,10499,5,0,11 2 23 24,1,70,,10521,5,0,11 2 23 24,1,30,,10503,5,0,11 2 23 24,1,70,,10517,5,0,11 2 23 24,1,30,,10506,5,0,11 2 23 24,1,70,,10509,5,0,11 2 23 24,1,30,,10512,5,0,11 2 23 24,1,70,,10524,5,0,11 2 23 24,1,30,,10507,5,0,11 2 23 24,1,70,,10514,5,0,11 2 23 24,1,30,,10508,5,0,11 2 23 24,1,70,,10504,5,0,11 2 23 24,1,30,,10495,5,0,11 2 23 24,1,70,,10501,5,0,11 2 23 24,1,30,,10515,6,0,25 24,1,70,,10523,6,0,25 24,1,30,,10526,6,0,25 24,1,70,,10525,6,0,25 24,1,30,,10511,6,0,25 24,1,70,,10516,6,0,25 24,1,30,,10510,6,0,25 24,1,70,,10519,6,0,25 24,1,30,,10520,6,0,25 24,1,70,,10496,6,0,25 24,1
7501,'13',734,,10532,5,0,11 2 23 24,1,70,,10553,5,0,11 2 23 24,1,30,,10537,5,0,11 2 23 24,1,70,,10548,5,0,11 2 23 24,1,30,,10549,5,0,11 2 23 24,1,70,,8039,5,0,11 2 23 24,1,30,,10530,5,0,11 2 23 24,1,70,,10555,5,0,11 2 23 24,1,30,,10531,5,0,11 2 23 24,1,70,,10552,5,0,11 2 23 24,1,30,,10535,5,0,11 2 23 24,1,70,,10527,5,0,11 2 23 24,1,30,,10538,5,0,11 2 23 24,1,70,,10541,5,0,11 2 23 24,1,30,,10544,5,0,11 2 23 24,1,70,,10533,5,0,11 2 23 24,1,30,,10539,5,0,11 2 23 24,1,70,,10545,5,0,11 2 23 24,1,30,,10540,5,0,11 2 23 24,1,70,,10536,5,0,11 2 23 24,1,30,,10528,5,0,11 2 23 24,1,70,,10534,5,0,11 2 23 24,1,30,,10546,6,0,25 24,1,70,,10554,6,0,25 24,1,30,,10557,6,0,25 24,1,70,,10556,6,0,25 24,1,30,,10543,6,0,25 24,1,70,,10547,6,0,25 24,1,30,,10542,6,0,25 24,1,70,,10550,6,0,25 24,1,30,,10551,6,0,25 24,1,70,,10529,6,0,25 24,1
7501,'16',734,,10568,6,0,25 24,1,100,,10559,6,0,25 24,1,100,,10561,6,0,25 24,1,100,,10572,6,0,25 24,1,100,,7831,6,0,25 24,1,100,,10571,6,0,25 24,1,100,,10562,6,0,25 24,1,100,,10566,6,0,25 24,1,100,,10567,6,0,25 24,1,100,,10560,6,0,25 24,1,100,,10564,6,0,25 24,1,100,,10565,6,0,25 24,1,100,,10558,6,0,25 24,1,100,,10563,6,0,25 24,1,100,,10570,6,0,25 24,1,100,,10569,6,0,25 24,1
7501,'3',734,,10578,5,0,11 2 23 24,1,70,,10600,5,0,11 2 23 24,1,30,,10583,5,0,11 2 23 24,1,70,,10580,5,0,11 2 23 24,1,30,,10596,5,0,11 2 23 24,1,70,,10575,5,0,11 2 23 24,1,30,,10576,5,0,11 2 23 24,1,70,,10591,5,0,11 2 23 24,1,30,,10577,5,0,11 2 23 24,1,70,,10599,5,0,11 2 23 24,1,30,,10581,5,0,11 2 23 24,1,70,,10595,5,0,11 2 23 24,1,30,,10584,5,0,11 2 23 24,1,70,,10587,5,0,11 2 23 24,1,30,,10590,5,0,11 2 23 24,1,70,,10602,5,0,11 2 23 24,1,30,,10585,5,0,11 2 23 24,1,70,,10592,5,0,11 2 23 24,1,30,,10586,5,0,11 2 23 24,1,70,,10582,5,0,11 2 23 24,1,30,,10573,5,0,11 2 23 24,1,70,,10579,5,0,11 2 23 24,1,30,,10593,6,0,25 24,1,70,,10601,6,0,25 24,1,30,,10604,6,0,25 24,1,70,,10603,6,0,25 24,1,30,,10589,6,0,25 24,1,70,,10594,6,0,25 24,1,30,,10588,6,0,25 24,1,70,,10597,6,0,25 24,1,30,,10598,6,0,25 24,1,70,,10574,6,0,25 24,1
7501,'6',734,,10611,5,0,11 2 23 24,1,70,,10632,5,0,11 2 23 24,1,30,,10616,5,0,11 2 23 24,1,70,,10627,5,0,11 2 23 24,1,30,,10628,5,0,11 2 23 24,1,70,,10608,5,0,11 2 23 24,1,30,,10609,5,0,11 2 23 24,1,70,,10634,5,0,11 2 23 24,1,30,,10610,5,0,11 2 23 24,1,70,,10631,5,0,11 2 23 24,1,30,,10614,5,0,11 2 23 24,1,70,,10605,5,0,11 2 23 24,1,30,,10617,5,0,11 2 23 24,1,70,,10620,5,0,11 2 23 24,1,30,,10623,5,0,11 2 23 24,1,70,,10612,5,0,11 2 23 24,1,30,,10618,5,0,11 2 23 24,1,70,,10624,5,0,11 2 23 24,1,30,,10619,5,0,11 2 23 24,1,70,,10615,5,0,11 2 23 24,1,30,,10606,5,0,11 2 23 24,1,70,,10613,5,0,11 2 23 24,1,30,,10625,6,0,25 24,1,70,,10633,6,0,25 24,1,30,,10636,6,0,25 24,1,70,,10635,6,0,25 24,1,30,,10622,6,0,25 24,1,70,,10626,6,0,25 24,1,30,,10621,6,0,25 24,1,70,,10629,6,0,25 24,1,30,,10630,6,0,25 24,1,70,,10607,6,0,25 24,1
