2200,'11',630,,10647,1,,,1,100,,10641,1,,,1,100,,8292,1,,,1,100,,10638,1,,,1,100,,10646,1,,,1,100,,10650,1,,,1,100,,10648,1,,,1,100,,10644,1,,,1,100,,10640,1,,,1,100,,10637,1,,,1,100,,10639,1,,,1,100,,10645,1,,,1,100,,10649,1,,,1,100,,10643,1,,,1,100,,10652,1,,,1,100,,10642,1,,,1,100,,10651,1,,,1
2200,'2',630,,10667,1,,,1,100,,10657,1,,,1,100,,10655,1,,,1,100,,10653,1,,,1,100,,10664,1,,,1,100,,8419,1,,,1,100,,10662,1,,,1,100,,10666,1,,,1,100,,10660,1,,,1,100,,10663,1,,,1,100,,10661,1,,,1,100,,10656,1,,,1,100,,10665,1,,,1,100,,10654,1,,,1,100,,10668,1,,,1,100,,10658,1,,,1,100,,10659,1,,,1
2200,'6',930,,10671,1,,,1,100,,10676,1,,,1,100,,10675,1,,,1,100,,10673,1,,,1,100,,10670,1,,,1,100,,10669,1,,,1,100,,10674,1,,,1,100,,10672,1,,,1
2200,'8',630,,10691,1,,,1,100,,10681,1,,,1,100,,10679,1,,,1,100,,10677,1,,,1,100,,10688,1,,,1,100,,8385,1,,,1,100,,10686,1,,,1,100,,10690,1,,,1,100,,10684,1,,,1,100,,10687,1,,,1,100,,10685,1,,,1,100,,10680,1,,,1,100,,10689,1,,,1,100,,10678,1,,,1,100,,10692,1,,,1,100,,10682,1,,,1,100,,10683,1,,,1
2200,'9',930,,10696,1,,,1,100,,10698,1,,,1,100,,10694,1,,,1,100,,10699,1,,,1,100,,10693,1,,,1,100,,10697,1,,,1,100,,10695,1,,,1,100,,10700,1,,,1
2201,'11',721,,10715,3,4,,1,100,,10702,3,4,,1,100,,10705,3,4,,1,100,,10708,3,4,,1,100,,10709,3,4,,1,100,,10710,3,4,,1,100,,10701,3,4,,1,100,,10717,3,4,,1,100,,10712,3,4,,1,100,,10714,3,4,,1,100,,10713,3,4,,1,100,,10707,3,4,,1,100,,10706,3,4,,1,100,,10716,3,4,,1,100,,10703,3,4,,1,100,,10704,3,4,,1,100,,10711,3,4,,1
2201,'2',721,,10732,3,4,,1,100,,10724,3,4,,1,100,,10731,3,4,,1,100,,10730,3,4,,1,100,,10722,3,4,,1,100,,10720,3,4,,1,100,,10733,3,4,,1,100,,10719,3,4,,1,100,,10726,3,4,,1,100,,10728,3,4,,1,100,,10721,3,4,,1,100,,8978,3,4,,1,100,,10718,3,4,,1,100,,10725,3,4,,1,100,,10723,3,4,,1,100,,10729,3,4,,1,100,,10727,3,4,,1
2201,'6',1021,,10741,3,4,,1,100,,10736,3,4,,1,100,,10742,3,4,,1,100,,10737,3,4,,1,100,,10735,3,4,,1,100,,10739,3,4,,1,100,,10740,3,4,,1,100,,10738,3,4,,1,100,,10734,3,4,,1
2201,'8',721,,10757,3,4,,1,100,,10749,3,4,,1,100,,10756,3,4,,1,100,,10755,3,4,,1,100,,10747,3,4,,1,100,,10745,3,4,,1,100,,10758,3,4,,1,100,,10744,3,4,,1,100,,10751,3,4,,1,100,,10753,3,4,,1,100,,10746,3,4,,1,100,,8879,3,4,,1,100,,10743,3,4,,1,100,,10750,3,4,,1,100,,10748,3,4,,1,100,,10754,3,4,,1,100,,10752,3,4,,1
2201,'9',1021,,10766,3,4,,1,100,,10764,3,4,,1,100,,10762,3,4,,1,100,,10767,3,4,,1,100,,10759,3,4,,1,100,,10765,3,4,,1,100,,10761,3,4,,1,100,,10760,3,4,,1,100,,10763,3,4,,1
6001,'11',716,,11529,4,0,20 21 7,1,100,,11530,4,0,20 21 7,1,100,,11523,4,0,20 21 7,1,100,,11525,4,0,20 21 7,1,100,,11527,4,0,20 21 7,1,100,,11531,4,0,20 21 7,1,100,,11533,4,0,20 21 7,1,100,,9747,4,0,20 21 7,1,100,,11535,4,0,20 21 7,1,100,,11528,4,0,20 21 7,1,100,,11524,4,0,20 21 7,1,100,,11534,4,0,20 21 7,1,100,,11536,4,0,20 21 7,1,100,,11526,4,0,20 21 7,1,100,,11532,4,0,20 21 7,1,100,,8626,4,0,20 21 7,1
6001,'2',715,,11546,3,0,13 2 7 8 17,1,1,,11542,2,0,11 2 7,1,29,,11555,3,0,13 2 7 8 17,1,1,,11544,2,0,11 2 7,1,69,,11562,3,0,13 2 7 8 17,1,1,,11570,2,0,11 2 7,1,29,,11584,3,0,13 2 7 8 17,1,1,,11538,2,0,11 2 7,1,69,,11583,1,0,13 2 7 8 17,1,1,,11569,2,0,11 2 7,1,30,,11572,2,0,11 2 7,1,70,,11539,2,0,11 2 7,1,30,,11558,2,0,11 2 7,1,70,,11581,2,0,11 2 7,1,30,,11548,2,0,11 2 7,1,70,,11552,2,0,11 2 7,1,30,,11550,2,0,11 2 7,1,70,,11571,2,0,11 2 7,1,30,,11576,2,0,11 2 7,1,70,,11541,2,0,11 2 7,1,30,,11549,2,0,11 2 7,1,54,,8303,1,0,13 2 7 8 17,1,16,,11578,2,0,11 2 7,1,14,,11554,1,0,13 2 7 8 17,1,16,,11547,2,0,11 2 7,1,54,,11561,1,0,13 2 7 8 17,1,16,,11551,2,0,11 2 7,1,14,,8528,1,0,13 2 7 8 17,1,16,,11575,2,0,11 2 7,1,54,,11553,1,0,13 2 7 8 17,1,16,,11565,2,0,11 2 7,1,14,,11563,1,0,13 2 7 8 17,1,16,,11540,2,0,11 2 7,1,70,,11577,4,0,20 21 7,1,30,,11545,4,0,20 21 7,1,70,,11579,4,0,20 21 7,1,30,,11585,4,0,20 21 7,1,70,,11556,4,0,20 21 7,1,30,,11559,4,0,20 21 7,1,70,,11560,4,0,20 21 7,1,30,,11543,4,0,20 21 7,1,70,,11580,4,0,20 21 7,1,30,,9759,4,0,20 21 7,1
6001,'6',1016,,11593,4,0,20 21 7,1,100,,11587,4,0,20 21 7,1,100,,11588,4,0,20 21 7,1,100,,11586,4,0,20 21 7,1,100,,11591,4,0,20 21 7,1,100,,11592,4,0,20 21 7,1,100,,11590,4,0,20 21 7,1,100,,11589,4,0,20 21 7,1
6001,'8',715,,11603,3,0,13 2 7 8 17,1,1,,11599,2,0,11 2 7,1,29,,11612,3,0,13 2 7 8 17,1,1,,11601,2,0,11 2 7,1,69,,11619,3,0,13 2 7 8 17,1,1,,11627,2,0,11 2 7,1,29,,11641,3,0,13 2 7 8 17,1,1,,11595,2,0,11 2 7,1,69,,11640,1,0,13 2 7 8 17,1,1,,11626,2,0,11 2 7,1,30,,11629,2,0,11 2 7,1,70,,11596,2,0,11 2 7,1,30,,11615,2,0,11 2 7,1,70,,11638,2,0,11 2 7,1,30,,11605,2,0,11 2 7,1,70,,11609,2,0,11 2 7,1,30,,11607,2,0,11 2 7,1,70,,11628,2,0,11 2 7,1,30,,11633,2,0,11 2 7,1,70,,11598,2,0,11 2 7,1,30,,11606,2,0,11 2 7,1,54,,8269,1,0,13 2 7 8 17,1,16,,11635,2,0,11 2 7,1,14,,11611,1,0,13 2 7 8 17,1,16,,11604,2,0,11 2 7,1,54,,11618,1,0,13 2 7 8 17,1,16,,11608,2,0,11 2 7,1,14,,8496,1,0,13 2 7 8 17,1,16,,11632,2,0,11 2 7,1,54,,11610,1,0,13 2 7 8 17,1,16,,11622,2,0,11 2 7,1,14,,11620,1,0,13 2 7 8 17,1,16,,11597,2,0,11 2 7,1,70,,11634,4,0,20 21 7,1,30,,11602,4,0,20 21 7,1,70,,11636,4,0,20 21 7,1,30,,11642,4,0,20 21 7,1,70,,11613,4,0,20 21 7,1,30,,11616,4,0,20 21 7,1,70,,11617,4,0,20 21 7,1,30,,11600,4,0,20 21 7,1,70,,11637,4,0,20 21 7,1,30,,9728,4,0,20 21 7,1
6001,'9',1016,,11648,4,0,20 21 7,1,100,,11643,4,0,20 21 7,1,100,,11644,4,0,20 21 7,1,100,,11647,4,0,20 21 7,1,100,,11650,4,0,20 21 7,1,100,,11649,4,0,20 21 7,1,100,,11646,4,0,20 21 7,1,100,,11645,4,0,20 21 7,1
6501,'11',730,,11665,6,0,20 21 5 12,1,100,,11663,6,0,20 21 5 12,1,100,,11659,6,0,20 21 5 12,1,100,,11655,6,0,20 21 5 12,1,100,,11664,6,0,20 21 5 12,1,100,,11656,6,0,20 21 5 12,1,100,,11657,6,0,20 21 5 12,1,100,,11662,6,0,20 21 5 12,1,100,,11653,6,0,20 21 5 12,1,100,,11651,6,0,20 21 5 12,1,100,,11658,6,0,20 21 5 12,1,100,,11661,6,0,20 21 5 12,1,100,,11666,6,0,20 21 5 12,1,100,,11660,6,0,20 21 5 12,1,100,,11654,6,0,20 21 5 12,1,100,,11652,6,0,20 21 5 12,1
6501,'2',730,,11707,6,0,11 2 5 12,1,70,,11687,6,0,11 2 5 12,1,30,,11701,6,0,11 2 5 12,1,70,,8950,2,4,,1,30,,11699,6,0,11 2 5 12,1,1,,11677,2,4,,1,69,,11703,2,4,,1,30,,11678,6,0,11 2 5 12,1,70,,11680,6,0,11 2 5 12,1,30,,11708,6,0,11 2 5 12,1,70,,11671,6,0,11 2 5 12,1,30,,11713,6,0,11 2 5 12,1,70,,11692,6,0,11 2 5 12,1,30,,11685,6,0,11 2 5 12,1,70,,11698,6,0,11 2 5 12,1,30,,11688,6,0,11 2 5 12,1,70,,11691,6,0,11 2 5 12,1,22,,11716,2,4,,1,8,,11689,6,0,11 2 5 12,1,20,,11673,2,4,,1,50,,11704,6,0,11 2 5 12,1,22,,11696,2,4,,1,8,,11686,6,0,11 2 5 12,1,20,,11676,2,4,,1,50,,11705,6,0,11 2 5 12,1,22,,11697,2,4,,1,8,,11667,6,0,11 2 5 12,1,20,,11672,2,4,,1,50,,11710,6,0,11 2 5 12,1,22,,11675,2,4,,1,8,,11690,6,0,20 21 5 12,1,70,,11670,6,0,20 21 5 12,1,30,,11683,6,0,20 21 5 12,1,70,,11715,6,0,20 21 5 12,1,30,,11679,6,0,20 21 5 12,1,70,,11720,6,0,20 21 5 12,1,30,,11712,6,0,20 21 5 12,1,70,,11706,6,0,20 21 5 12,1,30,,11693,6,0,20 21 5 12,1,70,,11709,6,0,20 21 5 12,1
6501,'6',1030,,11727,6,0,20 21 5 12,1,100,,11723,6,0,20 21 5 12,1,100,,11726,6,0,20 21 5 12,1,100,,11724,6,0,20 21 5 12,1,100,,11725,6,0,20 21 5 12,1,100,,11721,6,0,20 21 5 12,1,100,,11728,6,0,20 21 5 12,1,100,,11722,6,0,20 21 5 12,1
6501,'8',730,,11769,6,0,11 2 5 12,1,70,,11748,6,0,11 2 5 12,1,30,,11763,6,0,11 2 5 12,1,70,,8851,2,4,,1,30,,11761,6,0,11 2 5 12,1,1,,11738,2,4,,1,69,,11765,2,4,,1,30,,11739,6,0,11 2 5 12,1,70,,11741,6,0,11 2 5 12,1,30,,11770,6,0,11 2 5 12,1,70,,11733,6,0,11 2 5 12,1,30,,11775,6,0,11 2 5 12,1,70,,11754,6,0,11 2 5 12,1,30,,11746,6,0,11 2 5 12,1,70,,11760,6,0,11 2 5 12,1,30,,11749,6,0,11 2 5 12,1,70,,11753,6,0,11 2 5 12,1,22,,11778,2,4,,1,8,,11750,6,0,11 2 5 12,1,20,,11734,2,4,,1,50,,11766,6,0,11 2 5 12,1,22,,11758,2,4,,1,8,,11747,6,0,11 2 5 12,1,20,,11737,2,4,,1,50,,11767,6,0,11 2 5 12,1,22,,11759,2,4,,1,8,,11729,6,0,11 2 5 12,1,20,,11752,2,4,,1,50,,11772,6,0,11 2 5 12,1,22,,11736,2,4,,1,8,,11751,6,0,20 21 5 12,1,70,,11732,6,0,20 21 5 12,1,30,,11744,6,0,20 21 5 12,1,70,,11777,6,0,20 21 5 12,1,30,,11740,6,0,20 21 5 12,1,70,,11782,6,0,20 21 5 12,1,30,,11774,6,0,20 21 5 12,1,70,,11768,6,0,20 21 5 12,1,30,,11755,6,0,20 21 5 12,1,70,,11771,6,0,20 21 5 12,1
6501,'9',1030,,11788,6,0,20 21 5 12,1,100,,11785,6,0,20 21 5 12,1,100,,11787,6,0,20 21 5 12,1,100,,11786,6,0,20 21 5 12,1,100,,11783,6,0,20 21 5 12,1,100,,11789,6,0,20 21 5 12,1,100,,11784,6,0,20 21 5 12,1,100,,11790,6,0,20 21 5 12,1
