2200,'1',632,,8220,2,,,1,100,,8217,2,,,1,100,,8209,2,,,1,100,,8213,2,,,1,100,,8223,2,,,1,100,,8214,2,,,1,100,,8219,2,,,1,100,,8212,2,,,1,100,,8208,2,,,1,100,,8218,2,,,1,100,,8222,2,,,1,100,,8215,2,,,1,100,,8216,2,,,1,100,,8221,2,,,1,100,,8211,2,,,1,100,,8210,2,,,1,100,,8224,2,,,1
2200,'11',632,,8237,2,,,1,100,,8234,2,,,1,100,,8226,2,,,1,100,,8230,2,,,1,100,,8240,2,,,1,100,,8231,2,,,1,100,,8236,2,,,1,100,,8229,2,,,1,100,,8225,2,,,1,100,,8235,2,,,1,100,,8239,2,,,1,100,,8232,2,,,1,100,,8233,2,,,1,100,,8238,2,,,1,100,,8228,2,,,1,100,,8227,2,,,1,100,,8241,2,,,1
2200,'12',632,,8249,2,,,1,100,,8247,2,,,1,100,,8252,2,,,1,100,,8254,2,,,1,100,,8257,2,,,1,100,,8246,2,,,1,100,,8245,2,,,1,100,,8251,2,,,1,100,,8253,2,,,1,100,,8248,2,,,1,100,,8243,2,,,1,100,,8255,2,,,1,100,,8256,2,,,1,100,,8244,2,,,1,100,,8250,2,,,1,100,,8258,2,,,1,100,,8242,2,,,1
2200,'13',632,,8266,2,,,1,100,,8264,2,,,1,100,,8269,2,,,1,100,,8271,2,,,1,100,,8274,2,,,1,100,,8263,2,,,1,100,,8262,2,,,1,100,,8268,2,,,1,100,,8270,2,,,1,100,,8265,2,,,1,100,,8260,2,,,1,100,,8272,2,,,1,100,,8273,2,,,1,100,,8261,2,,,1,100,,8267,2,,,1,100,,8275,2,,,1,100,,8259,2,,,1
2200,'16',632,,8288,2,,,1,100,,8285,2,,,1,100,,8277,2,,,1,100,,8281,2,,,1,100,,8291,2,,,1,100,,8282,2,,,1,100,,8287,2,,,1,100,,8280,2,,,1,100,,8276,2,,,1,100,,8286,2,,,1,100,,8290,2,,,1,100,,8283,2,,,1,100,,8284,2,,,1,100,,8289,2,,,1,100,,8279,2,,,1,100,,8278,2,,,1,100,,8292,2,,,1
2200,'3',632,,8300,2,,,1,100,,8298,2,,,1,100,,8303,2,,,1,100,,8305,2,,,1,100,,8308,2,,,1,100,,8297,2,,,1,100,,8296,2,,,1,100,,8302,2,,,1,100,,8304,2,,,1,100,,8299,2,,,1,100,,8294,2,,,1,100,,8306,2,,,1,100,,8307,2,,,1,100,,8295,2,,,1,100,,8301,2,,,1,100,,8309,2,,,1,100,,8293,2,,,1
2200,'6',632,,8317,2,,,1,100,,8315,2,,,1,100,,8320,2,,,1,100,,8322,2,,,1,100,,8325,2,,,1,100,,8314,2,,,1,100,,8313,2,,,1,100,,8319,2,,,1,100,,8321,2,,,1,100,,8316,2,,,1,100,,8311,2,,,1,100,,8323,2,,,1,100,,8324,2,,,1,100,,8312,2,,,1,100,,8318,2,,,1,100,,8326,2,,,1,100,,8310,2,,,1
6001,'1',720,,9785,5,0,20 21 7,1,100,,9799,5,0,20 21 7,1,100,,9800,5,0,20 21 7,1,100,,9792,5,0,20 21 7,1,100,,9798,5,0,20 21 7,1,100,,9790,5,0,20 21 7,1,100,,9789,5,0,20 21 7,1,100,,9793,5,0,20 21 7,1,100,,9795,5,0,20 21 7,1,100,,9791,5,0,20 21 7,1,100,,9788,5,0,20 21 7,1,100,,9797,5,0,20 21 7,1,100,,9794,5,0,20 21 7,1,100,,9786,5,0,20 21 7,1,100,,9787,5,0,20 21 7,1,100,,9796,5,0,20 21 7,1
6001,'11',720,,9801,5,0,20 21 7,1,100,,9815,5,0,20 21 7,1,100,,9816,5,0,20 21 7,1,100,,9808,5,0,20 21 7,1,100,,9814,5,0,20 21 7,1,100,,9806,5,0,20 21 7,1,100,,9805,5,0,20 21 7,1,100,,9809,5,0,20 21 7,1,100,,9811,5,0,20 21 7,1,100,,9807,5,0,20 21 7,1,100,,9804,5,0,20 21 7,1,100,,9813,5,0,20 21 7,1,100,,9810,5,0,20 21 7,1,100,,9802,5,0,20 21 7,1,100,,9803,5,0,20 21 7,1,100,,9812,5,0,20 21 7,1
6001,'12',720,,9854,3,0,11 2 7,1,30,,9819,3,0,11 2 7,1,70,,9827,3,0,11 2 7,1,30,,9859,3,0,11 2 7,1,70,,9840,3,0,11 2 7,1,30,,9844,3,0,11 2 7,1,70,,9823,3,0,11 2 7,1,30,,9866,3,0,11 2 7,1,70,,9863,3,0,11 2 7,1,30,,9832,3,0,11 2 7,1,70,,9817,3,0,11 2 7,1,30,,9818,3,0,11 2 7,1,70,,9824,3,0,11 2 7,1,30,,9867,3,0,11 2 7,1,70,,9830,3,0,11 2 7,1,30,,9841,3,0,11 2 7,1,70,,9869,3,0,11 2 7,1,30,,9834,3,0,11 2 7,1,70,,9825,3,0,11 2 7,1,30,,9839,3,0,11 2 7,1,70,,9835,3,0,11 2 7,1,30,,9842,3,0,11 2 7,1,70,,9861,5,0,20 21 7,1,30,,9826,5,0,20 21 7,1,70,,9821,5,0,20 21 7,1,30,,9851,5,0,20 21 7,1,70,,9831,5,0,20 21 7,1,30,,9845,5,0,20 21 7,1,70,,9850,5,0,20 21 7,1,30,,9822,5,0,20 21 7,1,70,,9829,5,0,20 21 7,1,30,,9837,5,0,20 21 7,1
6001,'13',720,,9907,3,0,11 2 7,1,30,,9872,3,0,11 2 7,1,70,,9880,3,0,11 2 7,1,30,,9912,3,0,11 2 7,1,70,,9893,3,0,11 2 7,1,30,,9897,3,0,11 2 7,1,70,,9876,3,0,11 2 7,1,30,,9919,3,0,11 2 7,1,70,,9916,3,0,11 2 7,1,30,,9885,3,0,11 2 7,1,70,,9870,3,0,11 2 7,1,30,,9871,3,0,11 2 7,1,70,,9877,3,0,11 2 7,1,30,,9920,3,0,11 2 7,1,70,,9883,3,0,11 2 7,1,30,,9894,3,0,11 2 7,1,70,,9922,3,0,11 2 7,1,30,,9887,3,0,11 2 7,1,70,,9878,3,0,11 2 7,1,30,,9892,3,0,11 2 7,1,70,,9888,3,0,11 2 7,1,30,,9895,3,0,11 2 7,1,70,,9914,5,0,20 21 7,1,30,,9879,5,0,20 21 7,1,70,,9874,5,0,20 21 7,1,30,,9904,5,0,20 21 7,1,70,,9884,5,0,20 21 7,1,30,,9898,5,0,20 21 7,1,70,,9903,5,0,20 21 7,1,30,,9875,5,0,20 21 7,1,70,,9882,5,0,20 21 7,1,30,,9890,5,0,20 21 7,1
6001,'16',720,,9923,5,0,20 21 7,1,100,,9937,5,0,20 21 7,1,100,,9938,5,0,20 21 7,1,100,,9930,5,0,20 21 7,1,100,,9936,5,0,20 21 7,1,100,,9928,5,0,20 21 7,1,100,,9927,5,0,20 21 7,1,100,,9931,5,0,20 21 7,1,100,,9933,5,0,20 21 7,1,100,,9929,5,0,20 21 7,1,100,,9926,5,0,20 21 7,1,100,,9935,5,0,20 21 7,1,100,,9932,5,0,20 21 7,1,100,,9924,5,0,20 21 7,1,100,,9925,5,0,20 21 7,1,100,,9934,5,0,20 21 7,1
6001,'3',720,,9976,3,0,11 2 7,1,30,,9941,3,0,11 2 7,1,70,,9949,3,0,11 2 7,1,30,,9981,3,0,11 2 7,1,70,,9962,3,0,11 2 7,1,30,,9966,3,0,11 2 7,1,70,,9945,3,0,11 2 7,1,30,,9988,3,0,11 2 7,1,70,,9985,3,0,11 2 7,1,30,,9954,3,0,11 2 7,1,70,,9939,3,0,11 2 7,1,30,,9940,3,0,11 2 7,1,70,,9946,3,0,11 2 7,1,30,,9989,3,0,11 2 7,1,70,,9952,3,0,11 2 7,1,30,,9963,3,0,11 2 7,1,70,,9991,3,0,11 2 7,1,30,,9956,3,0,11 2 7,1,70,,9947,3,0,11 2 7,1,30,,9961,3,0,11 2 7,1,70,,9957,3,0,11 2 7,1,30,,9964,3,0,11 2 7,1,70,,9983,5,0,20 21 7,1,30,,9948,5,0,20 21 7,1,70,,9943,5,0,20 21 7,1,30,,9973,5,0,20 21 7,1,70,,9953,5,0,20 21 7,1,30,,9967,5,0,20 21 7,1,70,,9972,5,0,20 21 7,1,30,,9944,5,0,20 21 7,1,70,,9951,5,0,20 21 7,1,30,,9959,5,0,20 21 7,1
6001,'6',720,,10026,3,0,11 2 7,1,30,,9994,3,0,11 2 7,1,70,,10002,3,0,11 2 7,1,30,,10030,3,0,11 2 7,1,70,,10014,3,0,11 2 7,1,30,,10018,3,0,11 2 7,1,70,,9998,3,0,11 2 7,1,30,,10037,3,0,11 2 7,1,70,,10034,3,0,11 2 7,1,30,,10007,3,0,11 2 7,1,70,,9992,3,0,11 2 7,1,30,,9993,3,0,11 2 7,1,70,,9999,3,0,11 2 7,1,30,,10038,3,0,11 2 7,1,70,,10005,3,0,11 2 7,1,30,,10015,3,0,11 2 7,1,70,,10039,3,0,11 2 7,1,30,,10009,3,0,11 2 7,1,70,,10000,3,0,11 2 7,1,30,,10013,3,0,11 2 7,1,70,,10010,3,0,11 2 7,1,30,,10016,3,0,11 2 7,1,70,,10032,5,0,20 21 7,1,30,,10001,5,0,20 21 7,1,70,,9996,5,0,20 21 7,1,30,,10024,5,0,20 21 7,1,70,,10006,5,0,20 21 7,1,30,,10019,5,0,20 21 7,1,70,,10023,5,0,20 21 7,1,30,,9997,5,0,20 21 7,1,70,,10004,5,0,20 21 7,1,30,,10012,5,0,20 21 7,1
