4001,'11',706,,10936,2,0,20 21 29 24,1,100,,10931,2,0,20 21 29 24,1,100,,10945,2,0,20 21 29 24,1,100,,10943,2,0,20 21 29 24,1,100,,10937,2,0,20 21 29 24,1,100,,10941,2,0,20 21 29 24,1,100,,10930,2,0,20 21 29 24,1,100,,10934,2,0,20 21 29 24,1,100,,10940,2,0,20 21 29 24,1,100,,10938,2,0,20 21 29 24,1,100,,10942,2,0,20 21 29 24,1,100,,10932,2,0,20 21 29 24,1,100,,10939,2,0,20 21 29 24,1,100,,10933,2,0,20 21 29 24,1,100,,10944,2,0,20 21 29 24,1,100,,10935,2,0,20 21 29 24,1
4001,'2',706,,10957,2,0,11 2 23 24,1,100,,10958,2,0,11 2 23 24,1,100,,10988,2,0,11 2 23 24,1,100,,11018,2,0,11 2 23 24,1,100,,11042,2,0,11 2 23 24,1,100,,10963,2,0,11 2 23 24,1,100,,10985,2,0,11 2 23 24,1,100,,10956,2,0,11 2 23 24,1,100,,10947,2,0,11 2 23 24,1,100,,10981,2,0,11 2 23 24,1,100,,10979,2,0,11 2 23 24,1,100,,8414,2,0,20 21 29 24,1,100,,11016,2,0,20 21 29 24,1,100,,10954,2,0,20 21 29 24,1,100,,10970,2,0,20 21 29 24,1,100,,11011,2,0,20 21 29 24,1
4001,'6',1006,,11049,2,0,20 21 29 24,1,100,,11047,2,0,20 21 29 24,1,100,,11046,2,0,20 21 29 24,1,100,,11048,2,0,20 21 29 24,1,100,,11045,2,0,20 21 29 24,1,100,,11044,2,0,20 21 29 24,1,100,,11050,2,0,20 21 29 24,1,100,,11051,2,0,20 21 29 24,1
4001,'8',706,,11062,2,0,11 2 23 24,1,100,,11131,2,0,11 2 23 24,1,100,,11092,2,0,11 2 23 24,1,100,,11109,2,0,11 2 23 24,1,100,,11149,2,0,11 2 23 24,1,100,,11142,2,0,11 2 23 24,1,100,,11089,2,0,11 2 23 24,1,100,,11070,2,0,11 2 23 24,1,100,,11053,2,0,11 2 23 24,1,100,,11085,2,0,11 2 23 24,1,100,,11083,2,0,11 2 23 24,1,100,,8380,2,0,20 21 29 24,1,100,,11121,2,0,20 21 29 24,1,100,,11060,2,0,20 21 29 24,1,100,,11074,2,0,20 21 29 24,1,100,,11116,2,0,20 21 29 24,1
4001,'9',1006,,11152,2,0,20 21 29 24,1,100,,11156,2,0,20 21 29 24,1,100,,11154,2,0,20 21 29 24,1,100,,11153,2,0,20 21 29 24,1,100,,11155,2,0,20 21 29 24,1,100,,11151,2,0,20 21 29 24,1,100,,11158,2,0,20 21 29 24,1,100,,11157,2,0,20 21 29 24,1
5001,'11',709,,11398,2,0,20 21 23 24,1,100,,9928,2,0,20 21 23 24,1,100,,11403,2,0,20 21 23 24,1,100,,11404,2,0,20 21 23 24,1,100,,11408,2,0,20 21 23 24,1,100,,11409,2,0,20 21 23 24,1,100,,11407,2,0,20 21 23 24,1,100,,11397,2,0,20 21 23 24,1,100,,11399,2,0,20 21 23 24,1,100,,11402,2,0,20 21 23 24,1,100,,11401,2,0,20 21 23 24,1,100,,11406,2,0,20 21 23 24,1,100,,11396,2,0,20 21 23 24,1,100,,11400,2,0,20 21 23 24,1,100,,11410,2,0,20 21 23 24,1,100,,11405,2,0,20 21 23 24,1
5001,'2',709,,11426,2,0,11 2 23 24,1,100,,11421,2,0,11 2 23 24,1,100,,11415,2,0,11 2 23 24,1,100,,11414,2,0,11 2 23 24,1,100,,11420,2,0,11 2 23 24,1,100,,11413,2,0,11 2 23 24,1,100,,11417,2,0,11 2 23 24,1,100,,11424,2,0,11 2 23 24,1,100,,11423,2,0,11 2 23 24,1,100,,11416,2,0,11 2 23 24,1,100,,11411,2,0,11 2 23 24,1,100,,11418,2,0,20 21 23 24,1,100,,11425,2,0,20 21 23 24,1,100,,11422,2,0,20 21 23 24,1,100,,11412,2,0,20 21 23 24,1,100,,11419,2,0,20 21 23 24,1
5001,'6',1009,,11429,2,0,20 21 23 24,1,100,,11431,2,0,20 21 23 24,1,100,,11434,2,0,20 21 23 24,1,100,,11427,2,0,20 21 23 24,1,100,,11430,2,0,20 21 23 24,1,100,,11432,2,0,20 21 23 24,1,100,,11428,2,0,20 21 23 24,1,100,,11433,2,0,20 21 23 24,1
5001,'8',709,,11450,2,0,11 2 23 24,1,100,,11445,2,0,11 2 23 24,1,100,,11439,2,0,11 2 23 24,1,100,,11438,2,0,11 2 23 24,1,100,,11444,2,0,11 2 23 24,1,100,,11437,2,0,11 2 23 24,1,100,,11441,2,0,11 2 23 24,1,100,,11448,2,0,11 2 23 24,1,100,,11447,2,0,11 2 23 24,1,100,,11440,2,0,11 2 23 24,1,100,,11435,2,0,11 2 23 24,1,100,,11442,2,0,20 21 23 24,1,100,,11449,2,0,20 21 23 24,1,100,,11446,2,0,20 21 23 24,1,100,,11436,2,0,20 21 23 24,1,100,,11443,2,0,20 21 23 24,1
5001,'9',1009,,11452,2,0,20 21 23 24,1,100,,11458,2,0,20 21 23 24,1,100,,11457,2,0,20 21 23 24,1,100,,11455,2,0,20 21 23 24,1,100,,11451,2,0,20 21 23 24,1,100,,11453,2,0,20 21 23 24,1,100,,11456,2,0,20 21 23 24,1,100,,11454,2,0,20 21 23 24,1
6001,'11',702,,11529,2,0,20 21 7,1,100,,11530,2,0,20 21 7,1,100,,11523,2,0,20 21 7,1,100,,11525,2,0,20 21 7,1,100,,11527,2,0,20 21 7,1,100,,11531,2,0,20 21 7,1,100,,11533,2,0,20 21 7,1,100,,9747,2,0,20 21 7,1,100,,11535,2,0,20 21 7,1,100,,11528,2,0,20 21 7,1,100,,11524,2,0,20 21 7,1,100,,11534,2,0,20 21 7,1,100,,11536,2,0,20 21 7,1,100,,11526,2,0,20 21 7,1,100,,11532,2,0,20 21 7,1,100,,8626,2,0,20 21 7,1
6001,'2',1802,,11577,2,0,20 21 7,1,30,,11545,2,0,20 21 7,1,70,,11579,2,0,20 21 7,1,30,,11585,2,0,20 21 7,1,70,,11556,2,0,20 21 7,1,30,,11559,2,0,20 21 7,1,70,,11560,2,0,20 21 7,1,30,,11543,2,0,20 21 7,1,70,,11580,2,0,20 21 7,1,30,,9759,2,0,20 21 7,1
6001,'6',1002,,11593,2,0,20 21 7,1,100,,11587,2,0,20 21 7,1,100,,11588,2,0,20 21 7,1,100,,11586,2,0,20 21 7,1,100,,11591,2,0,20 21 7,1,100,,11592,2,0,20 21 7,1,100,,11590,2,0,20 21 7,1,100,,11589,2,0,20 21 7,1
6001,'8',1802,,11634,2,0,20 21 7,1,30,,11602,2,0,20 21 7,1,70,,11636,2,0,20 21 7,1,30,,11642,2,0,20 21 7,1,70,,11613,2,0,20 21 7,1,30,,11616,2,0,20 21 7,1,70,,11617,2,0,20 21 7,1,30,,11600,2,0,20 21 7,1,70,,11637,2,0,20 21 7,1,30,,9728,2,0,20 21 7,1
6001,'9',1002,,11648,2,0,20 21 7,1,100,,11643,2,0,20 21 7,1,100,,11644,2,0,20 21 7,1,100,,11647,2,0,20 21 7,1,100,,11650,2,0,20 21 7,1,100,,11649,2,0,20 21 7,1,100,,11646,2,0,20 21 7,1,100,,11645,2,0,20 21 7,1
