3400,'2',736,,10898,5,4,,1,170,,10900,5,4,,1,130,,10894,5,4,,1,170,,10901,5,4,,1,130,,10577,5,4,,1,170,,10896,5,4,,1,130,,9432,5,4,,1,170,,10895,5,4,,1,130,,10897,5,4,,1,170,,10899,5,4,,1
3400,'8',736,,10906,5,4,,1,170,,10908,5,4,,1,130,,10902,5,4,,1,170,,10909,5,4,,1,130,,10531,5,4,,1,170,,10904,5,4,,1,130,,9333,5,4,,1,170,,10903,5,4,,1,130,,10905,5,4,,1,170,,10907,5,4,,1
3401,'2',745,,10910,1,0,5 6 7 8 2 7 10,1,170,,10913,1,0,5 6 7 8 2 7 10,1,130,,10919,1,0,5 6 7 8 2 7 10,1,170,,10915,1,0,5 6 7 8 2 7 10,1,130,,10916,1,0,5 6 7 8 2 7 10,1,170,,10917,1,0,5 6 7 8 2 7 10,1,130,,10912,1,0,5 6 7 8 2 7 10,1,170,,10914,1,0,5 6 7 8 2 7 10,1,130,,10918,1,0,5 6 7 8 2 7 10,1,170,,10911,1,0,5 6 7 8 2 7 10,1
3401,'8',745,,10920,1,0,5 6 7 8 2 7 10,1,170,,10923,1,0,5 6 7 8 2 7 10,1,130,,10929,1,0,5 6 7 8 2 7 10,1,170,,10925,1,0,5 6 7 8 2 7 10,1,130,,10926,1,0,5 6 7 8 2 7 10,1,170,,10927,1,0,5 6 7 8 2 7 10,1,130,,10922,1,0,5 6 7 8 2 7 10,1,170,,10924,1,0,5 6 7 8 2 7 10,1,130,,10928,1,0,5 6 7 8 2 7 10,1,170,,10921,1,0,5 6 7 8 2 7 10,1
4001,'11',719,,10936,3,0,20 21 29 24,1,100,,10931,3,0,20 21 29 24,1,100,,10945,3,0,20 21 29 24,1,100,,10943,3,0,20 21 29 24,1,100,,10937,3,0,20 21 29 24,1,100,,10941,3,0,20 21 29 24,1,100,,10930,3,0,20 21 29 24,1,100,,10934,3,0,20 21 29 24,1,100,,10940,3,0,20 21 29 24,1,100,,10938,3,0,20 21 29 24,1,100,,10942,3,0,20 21 29 24,1,100,,10932,3,0,20 21 29 24,1,100,,10939,3,0,20 21 29 24,1,100,,10933,3,0,20 21 29 24,1,100,,10944,3,0,20 21 29 24,1,100,,10935,3,0,20 21 29 24,1
4001,'2',719,,11029,3,4,,1,1,,11025,1,,,1,19,,10997,3,4,,1,1,,10977,1,,,1,19,,10992,3,4,,1,41,,11012,1,,,1,19,,10999,3,4,,1,1,,11040,1,,,1,19,,10961,3,4,,1,1,,11007,1,,,1,19,,10965,3,4,,1,41,,10987,1,,,1,19,,10989,3,4,,1,1,,11010,1,,,1,19,,9024,3,4,,1,1,,11038,1,,,1,19,,10205,3,4,,1,41,,10975,1,,,1,19,,10991,3,4,,1,1,,10949,1,,,1,19,,8424,3,4,,1,1,,11041,1,,,1,19,,8416,3,4,,1,41,,11039,1,,,1,19,,10969,3,4,,1,1,,9000,1,,,1,19,,11017,3,4,,1,1,,11008,1,,,1,19,,10967,3,4,,1,41,,10953,1,,,1,19,,10996,3,4,,1,1,,11013,1,,,1,19,,10201,3,4,,1,1,,11036,1,,,1,19,,9428,3,4,,1,41,,10995,1,,,1,19,,10994,3,4,,1,1,,11009,1,,,1,19,,11032,3,4,,1,1,,11034,1,,,1,19,,11031,3,4,,1,41,,10978,1,,,1,19,,11015,3,4,,1,1,,10990,1,,,1,19,,10952,3,4,,1,1,,8425,1,,,1,19,,11003,3,4,,1,41,,11028,1,,,1,19,,10971,3,4,,1,1,,10951,1,,,1,19,,10966,3,4,,1,1,,10960,1,,,1,19,,11043,3,4,,1,41,,11037,1,,,1,19,,10948,3,4,,1,1,,10955,1,,,1,19,,10973,3,4,,1,1,,11033,1,,,1,19,,11021,3,4,,1,41,,9394,1,,,1,19,,11006,3,4,,1,1,,8645,1,,,1,19,,11024,3,4,,1,1,,11001,1,,,1,19,,10962,3,4,,1,41,,10984,1,,,1,19,,10964,3,4,,1,1,,10946,1,,,1,19,,11030,3,4,,1,1,,10993,1,,,1,19,,11023,3,4,,1,41,,10986,1,,,1,19,,10972,3,4,,1,1,,10968,1,,,1,19,,11035,3,4,,1,1,,11002,1,,,1,19,,10983,3,4,,1,41,,10998,1,,,1,19,,11019,3,4,,1,1,,11026,1,,,1,19,,11014,3,4,,1,1,,10974,1,,,1,19,,10950,3,4,,1,41,,10959,1,,,1,19,,10982,3,4,,1,1,,11005,1,,,1,19,,11020,3,4,,1,1,,10976,1,,,1,19,,9425,3,4,,1,41,,11004,1,,,1,19,,10980,3,4,,1,1,,11022,1,,,1,19,,11027,3,4,,1,1,,11000,1,,,1
4001,'6',1018,,11049,3,0,20 21 29 24,1,100,,11047,3,0,20 21 29 24,1,100,,11046,3,0,20 21 29 24,1,100,,11048,3,0,20 21 29 24,1,100,,11045,3,0,20 21 29 24,1,100,,11044,3,0,20 21 29 24,1,100,,11050,3,0,20 21 29 24,1,100,,11051,3,0,20 21 29 24,1
4001,'8',719,,11135,3,4,,1,1,,11130,1,,,1,19,,11101,3,4,,1,1,,11081,1,,,1,19,,11096,3,4,,1,41,,11117,1,,,1,19,,11103,3,4,,1,1,,11147,1,,,1,19,,11065,3,4,,1,1,,11112,1,,,1,19,,11068,3,4,,1,41,,11091,1,,,1,19,,11093,3,4,,1,1,,11115,1,,,1,19,,8926,3,4,,1,1,,11145,1,,,1,19,,10138,3,4,,1,41,,11079,1,,,1,19,,11095,3,4,,1,1,,11055,1,,,1,19,,8390,3,4,,1,1,,11148,1,,,1,19,,8382,3,4,,1,41,,11146,1,,,1,19,,11073,3,4,,1,1,,11122,1,,,1,19,,11123,3,4,,1,1,,11113,1,,,1,19,,11071,3,4,,1,41,,11059,1,,,1,19,,11100,3,4,,1,1,,11118,1,,,1,19,,10134,3,4,,1,1,,11143,1,,,1,19,,9329,3,4,,1,41,,11099,1,,,1,19,,11098,3,4,,1,1,,11114,1,,,1,19,,11138,3,4,,1,1,,11140,1,,,1,19,,11137,3,4,,1,41,,11082,1,,,1,19,,11120,3,4,,1,1,,11094,1,,,1,19,,11058,3,4,,1,1,,8391,1,,,1,19,,11107,3,4,,1,41,,11134,1,,,1,19,,11075,3,4,,1,1,,11057,1,,,1,19,,11069,3,4,,1,1,,11064,1,,,1,19,,11150,3,4,,1,41,,11144,1,,,1,19,,11054,3,4,,1,1,,11061,1,,,1,19,,11077,3,4,,1,1,,11139,1,,,1,19,,11126,3,4,,1,41,,9295,1,,,1,19,,11111,3,4,,1,1,,8614,1,,,1,19,,11129,3,4,,1,1,,11105,1,,,1,19,,11066,3,4,,1,41,,11088,1,,,1,19,,11067,3,4,,1,1,,11052,1,,,1,19,,11136,3,4,,1,1,,11097,1,,,1,19,,11128,3,4,,1,41,,11090,1,,,1,19,,11076,3,4,,1,1,,11072,1,,,1,19,,11141,3,4,,1,1,,11106,1,,,1,19,,11087,3,4,,1,41,,11102,1,,,1,19,,11124,3,4,,1,1,,11132,1,,,1,19,,11119,3,4,,1,1,,11078,1,,,1,19,,11056,3,4,,1,41,,11063,1,,,1,19,,11086,3,4,,1,1,,11110,1,,,1,19,,11125,3,4,,1,1,,11080,1,,,1,19,,9326,3,4,,1,41,,11108,1,,,1,19,,11084,3,4,,1,1,,11127,1,,,1,19,,11133,3,4,,1,1,,11104,1,,,1
4001,'9',1018,,11152,3,0,20 21 29 24,1,100,,11156,3,0,20 21 29 24,1,100,,11154,3,0,20 21 29 24,1,100,,11153,3,0,20 21 29 24,1,100,,11155,3,0,20 21 29 24,1,100,,11151,3,0,20 21 29 24,1,100,,11158,3,0,20 21 29 24,1,100,,11157,3,0,20 21 29 24,1
4501,'11',732,,11167,5,0,20 21 30 12,1,100,,11168,5,0,20 21 30 12,1,100,,11159,5,0,20 21 30 12,1,100,,11169,5,0,20 21 30 12,1,100,,11170,5,0,20 21 30 12,1,100,,11164,5,0,20 21 30 12,1,100,,11165,5,0,20 21 30 12,1,100,,11161,5,0,20 21 30 12,1,100,,11173,5,0,20 21 30 12,1,100,,11162,5,0,20 21 30 12,1,100,,10388,5,0,20 21 30 12,1,100,,11160,5,0,20 21 30 12,1,100,,11166,5,0,20 21 30 12,1,100,,11172,5,0,20 21 30 12,1,100,,11163,5,0,20 21 30 12,1,100,,11171,5,0,20 21 30 12,1
4501,'2',711,,11244,2,4,,1,14,,11271,1,0,18 19 16 17,1,6,,11203,2,4,,1,1,,11227,3,0,11 2 5 12,1,13,,11204,1,0,18 19 16 17,1,6,,11226,2,4,,1,54,,11229,1,0,18 19 16 17,1,6,,11206,2,4,,1,14,,9961,1,0,18 19 16 17,1,6,,11242,2,4,,1,1,,11265,3,0,11 2 5 12,1,13,,11200,1,0,18 19 16 17,1,6,,11231,2,4,,1,54,,11269,1,0,18 19 16 17,1,6,,11199,2,4,,1,14,,11205,1,0,18 19 16 17,1,6,,11177,2,4,,1,1,,11249,3,0,11 2 5 12,1,13,,11275,1,0,18 19 16 17,1,6,,11239,2,4,,1,54,,8976,1,0,18 19 16 17,1,6,,11196,2,4,,1,14,,11274,1,0,18 19 16 17,1,6,,11193,2,4,,1,1,,11201,3,0,11 2 5 12,1,13,,11230,1,0,18 19 16 17,1,6,,11214,2,4,,1,54,,11243,1,0,18 19 16 17,1,6,,11192,2,4,,1,14,,11262,1,0,18 19 16 17,1,6,,11237,2,4,,1,1,,11209,3,0,11 2 5 12,1,13,,11221,1,0,18 19 16 17,1,6,,11180,2,4,,1,54,,11212,1,0,18 19 16 17,1,6,,11186,2,4,,1,14,,11267,1,0,18 19 16 17,1,6,,11175,2,4,,1,1,,11211,3,0,11 2 5 12,1,13,,11266,1,0,18 19 16 17,1,6,,11238,2,4,,1,54,,11245,1,0,18 19 16 17,1,6,,11228,2,4,,1,14,,11273,1,0,18 19 16 17,1,6,,11213,2,4,,1,1,,11235,3,0,11 2 5 12,1,13,,10410,1,0,18 19 16 17,1,6,,11272,2,4,,1,54,,11254,1,0,18 19 16 17,1,6,,11247,2,4,,1,14,,11217,1,0,18 19 16 17,1,6,,11257,2,4,,1,1,,11215,3,0,11 2 5 12,1,13,,11183,1,0,18 19 16 17,1,6,,11240,2,4,,1,54,,11218,1,0,18 19 16 17,1,6,,11248,2,4,,1,14,,11181,1,0,18 19 16 17,1,6,,11232,2,4,,1,1,,11222,3,0,11 2 5 12,1,13,,11208,1,0,18 19 16 17,1,6,,11270,2,4,,1,54,,11185,1,0,18 19 16 17,1,6,,11179,2,4,,1,14,,11224,1,0,18 19 16 17,1,6,,11197,2,4,,1,1,,11225,3,0,11 2 5 12,1,13,,11176,1,0,18 19 16 17,1,6,,11246,2,4,,1,54,,11207,1,0,18 19 16 17,1,6,,11189,2,4,,1,14,,11276,1,0,18 19 16 17,1,6,,11182,2,4,,1,1,,11195,3,0,11 2 5 12,1,13,,11194,1,0,18 19 16 17,1,6,,11255,2,4,,1,54,,11190,1,0,18 19 16 17,1,6,,11198,2,4,,1,14,,11250,1,0,18 19 16 17,1,6,,11234,2,4,,1,1,,11260,5,0,20 21 30 12,1,13,,11184,1,0,18 19 16 17,1,6,,11202,2,4,,1,54,,8299,1,0,18 19 16 17,1,6,,9008,2,4,,1,14,,11236,1,0,18 19 16 17,1,6,,11219,2,4,,1,1,,11216,5,0,20 21 30 12,1,13,,11210,1,0,18 19 16 17,1,6,,9986,2,4,,1,54,,11263,1,0,18 19 16 17,1,6,,11264,2,4,,1,14,,11191,1,0,18 19 16 17,1,6,,11256,2,4,,1,1,,11252,5,0,20 21 30 12,1,13,,11258,1,0,18 19 16 17,1,6,,11253,2,4,,1,54,,9655,1,0,18 19 16 17,1,6,,11261,2,4,,1,14,,11241,1,0,18 19 16 17,1,6,,11233,2,4,,1,1,,11223,5,0,20 21 30 12,1,13,,11187,1,0,18 19 16 17,1,6,,11259,2,4,,1,54,,11268,1,0,18 19 16 17,1,6,,11251,2,4,,1,14,,11174,1,0,18 19 16 17,1,6,,11178,2,4,,1,1,,11188,5,0,20 21 30 12,1,13,,11220,1,0,18 19 16 17,1
4501,'6',1027,,11280,5,0,20 21 30 12,1,100,,11277,5,0,20 21 30 12,1,100,,11284,5,0,20 21 30 12,1,100,,11282,5,0,20 21 30 12,1,100,,11279,5,0,20 21 30 12,1,100,,11278,5,0,20 21 30 12,1,100,,11283,5,0,20 21 30 12,1,100,,11281,5,0,20 21 30 12,1
4501,'8',711,,11356,2,4,,1,14,,11382,1,0,18 19 16 17,1,6,,11317,2,4,,1,1,,11295,3,0,11 2 5 12,1,13,,11318,1,0,18 19 16 17,1,6,,11339,2,4,,1,54,,11341,1,0,18 19 16 17,1,6,,11320,2,4,,1,14,,9892,1,0,18 19 16 17,1,6,,11354,2,4,,1,1,,11376,3,0,11 2 5 12,1,13,,11313,1,0,18 19 16 17,1,6,,11343,2,4,,1,54,,11380,1,0,18 19 16 17,1,6,,11312,2,4,,1,14,,11319,1,0,18 19 16 17,1,6,,11288,2,4,,1,1,,11316,3,0,11 2 5 12,1,13,,11386,1,0,18 19 16 17,1,6,,11351,2,4,,1,54,,8877,1,0,18 19 16 17,1,6,,11309,2,4,,1,14,,11385,1,0,18 19 16 17,1,6,,11306,2,4,,1,1,,11314,3,0,11 2 5 12,1,13,,11342,1,0,18 19 16 17,1,6,,11327,2,4,,1,54,,11355,1,0,18 19 16 17,1,6,,11305,2,4,,1,14,,11373,1,0,18 19 16 17,1,6,,11349,2,4,,1,1,,11301,3,0,11 2 5 12,1,13,,11334,1,0,18 19 16 17,1,6,,11291,2,4,,1,54,,11325,1,0,18 19 16 17,1,6,,11298,2,4,,1,14,,11378,1,0,18 19 16 17,1,6,,11286,2,4,,1,1,,11324,3,0,11 2 5 12,1,13,,11377,1,0,18 19 16 17,1,6,,11350,2,4,,1,54,,11357,1,0,18 19 16 17,1,6,,11340,2,4,,1,14,,11384,1,0,18 19 16 17,1,6,,11326,2,4,,1,1,,11347,3,0,11 2 5 12,1,13,,10366,1,0,18 19 16 17,1,6,,11383,2,4,,1,54,,11365,1,0,18 19 16 17,1,6,,11359,2,4,,1,14,,11330,1,0,18 19 16 17,1,6,,11368,2,4,,1,1,,11328,3,0,11 2 5 12,1,13,,11294,1,0,18 19 16 17,1,6,,11352,2,4,,1,54,,11331,1,0,18 19 16 17,1,6,,11360,2,4,,1,14,,11292,1,0,18 19 16 17,1,6,,11344,2,4,,1,1,,11335,3,0,11 2 5 12,1,13,,11322,1,0,18 19 16 17,1,6,,11381,2,4,,1,54,,11297,1,0,18 19 16 17,1,6,,11290,2,4,,1,14,,11337,1,0,18 19 16 17,1,6,,11310,2,4,,1,1,,11338,3,0,11 2 5 12,1,13,,11287,1,0,18 19 16 17,1,6,,11358,2,4,,1,54,,11321,1,0,18 19 16 17,1,6,,11302,2,4,,1,14,,11387,1,0,18 19 16 17,1,6,,11293,2,4,,1,1,,11308,3,0,11 2 5 12,1,13,,11307,1,0,18 19 16 17,1,6,,11366,2,4,,1,54,,11303,1,0,18 19 16 17,1,6,,11311,2,4,,1,14,,11361,1,0,18 19 16 17,1,6,,11346,2,4,,1,1,,11371,5,0,20 21 30 12,1,13,,11296,1,0,18 19 16 17,1,6,,11315,2,4,,1,54,,8265,1,0,18 19 16 17,1,6,,8909,2,4,,1,14,,11348,1,0,18 19 16 17,1,6,,11332,2,4,,1,1,,11329,5,0,20 21 30 12,1,13,,11323,1,0,18 19 16 17,1,6,,9917,2,4,,1,54,,11374,1,0,18 19 16 17,1,6,,11375,2,4,,1,14,,11304,1,0,18 19 16 17,1,6,,11367,2,4,,1,1,,11363,5,0,20 21 30 12,1,13,,11369,1,0,18 19 16 17,1,6,,11364,2,4,,1,54,,9625,1,0,18 19 16 17,1,6,,11372,2,4,,1,14,,11353,1,0,18 19 16 17,1,6,,11345,2,4,,1,1,,11336,5,0,20 21 30 12,1,13,,11299,1,0,18 19 16 17,1,6,,11370,2,4,,1,54,,11379,1,0,18 19 16 17,1,6,,11362,2,4,,1,14,,11285,1,0,18 19 16 17,1,6,,11289,2,4,,1,1,,11300,5,0,20 21 30 12,1,13,,11333,1,0,18 19 16 17,1
4501,'9',1027,,11395,5,0,20 21 30 12,1,100,,11393,5,0,20 21 30 12,1,100,,11394,5,0,20 21 30 12,1,100,,11391,5,0,20 21 30 12,1,100,,11388,5,0,20 21 30 12,1,100,,11390,5,0,20 21 30 12,1,100,,11389,5,0,20 21 30 12,1,100,,11392,5,0,20 21 30 12,1
