5001,'1',740,,9571,11,0,20 21 23 24,1,100,,9580,11,0,20 21 23 24,1,100,,9577,11,0,20 21 23 24,1,100,,9572,11,0,20 21 23 24,1,100,,7887,11,0,20 21 23 24,1,100,,9567,11,0,20 21 23 24,1,100,,9569,11,0,20 21 23 24,1,100,,9568,11,0,20 21 23 24,1,100,,9570,11,0,20 21 23 24,1,100,,9578,11,0,20 21 23 24,1,100,,9576,11,0,20 21 23 24,1,100,,9581,11,0,20 21 23 24,1,100,,9575,11,0,20 21 23 24,1,100,,9573,11,0,20 21 23 24,1,100,,9574,11,0,20 21 23 24,1,100,,9579,11,0,20 21 23 24,1
5001,'11',740,,9587,11,0,20 21 23 24,1,100,,9596,11,0,20 21 23 24,1,100,,9593,11,0,20 21 23 24,1,100,,9588,11,0,20 21 23 24,1,100,,9586,11,0,20 21 23 24,1,100,,9582,11,0,20 21 23 24,1,100,,9584,11,0,20 21 23 24,1,100,,9583,11,0,20 21 23 24,1,100,,9585,11,0,20 21 23 24,1,100,,9594,11,0,20 21 23 24,1,100,,9592,11,0,20 21 23 24,1,100,,9597,11,0,20 21 23 24,1,100,,9591,11,0,20 21 23 24,1,100,,9589,11,0,20 21 23 24,1,100,,9590,11,0,20 21 23 24,1,100,,9595,11,0,20 21 23 24,1
5001,'12',1840,,9601,11,0,20 21 23 24,1,100,,9600,11,0,20 21 23 24,1,100,,9605,11,0,20 21 23 24,1,100,,9606,11,0,20 21 23 24,1,100,,9611,11,0,20 21 23 24,1
5001,'13',1840,,9616,11,0,20 21 23 24,1,100,,7470,11,0,20 21 23 24,1,100,,9620,11,0,20 21 23 24,1,100,,9621,11,0,20 21 23 24,1,100,,9626,11,0,20 21 23 24,1
5001,'16',740,,9633,11,0,20 21 23 24,1,100,,9642,11,0,20 21 23 24,1,100,,9639,11,0,20 21 23 24,1,100,,9634,11,0,20 21 23 24,1,100,,7954,11,0,20 21 23 24,1,100,,9629,11,0,20 21 23 24,1,100,,9631,11,0,20 21 23 24,1,100,,9630,11,0,20 21 23 24,1,100,,9632,11,0,20 21 23 24,1,100,,9640,11,0,20 21 23 24,1,100,,9638,11,0,20 21 23 24,1,100,,9643,11,0,20 21 23 24,1,100,,9637,11,0,20 21 23 24,1,100,,9635,11,0,20 21 23 24,1,100,,9636,11,0,20 21 23 24,1,100,,9641,11,0,20 21 23 24,1
5001,'3',1840,,9646,11,0,20 21 23 24,1,100,,7566,11,0,20 21 23 24,1,100,,9650,11,0,20 21 23 24,1,100,,9651,11,0,20 21 23 24,1,100,,9656,11,0,20 21 23 24,1
5001,'6',1840,,9662,11,0,20 21 23 24,1,100,,9661,11,0,20 21 23 24,1,100,,9666,11,0,20 21 23 24,1,100,,9667,11,0,20 21 23 24,1,100,,9672,11,0,20 21 23 24,1
5501,'1',712,,9680,2,0,20 21 5 12,1,100,,9690,2,0,20 21 5 12,1,100,,9685,2,0,20 21 5 12,1,100,,9678,2,0,20 21 5 12,1,100,,9689,2,0,20 21 5 12,1,100,,9682,2,0,20 21 5 12,1,100,,9676,2,0,20 21 5 12,1,100,,9684,2,0,20 21 5 12,1,100,,9686,2,0,20 21 5 12,1,100,,9683,2,0,20 21 5 12,1,100,,9681,2,0,20 21 5 12,1,100,,9675,2,0,20 21 5 12,1,100,,9677,2,0,20 21 5 12,1,100,,9679,2,0,20 21 5 12,1,100,,9687,2,0,20 21 5 12,1,100,,9688,2,0,20 21 5 12,1
5501,'11',712,,9696,2,0,20 21 5 12,1,100,,9706,2,0,20 21 5 12,1,100,,9701,2,0,20 21 5 12,1,100,,9694,2,0,20 21 5 12,1,100,,9705,2,0,20 21 5 12,1,100,,9698,2,0,20 21 5 12,1,100,,9692,2,0,20 21 5 12,1,100,,9700,2,0,20 21 5 12,1,100,,9702,2,0,20 21 5 12,1,100,,9699,2,0,20 21 5 12,1,100,,9697,2,0,20 21 5 12,1,100,,9691,2,0,20 21 5 12,1,100,,9693,2,0,20 21 5 12,1,100,,9695,2,0,20 21 5 12,1,100,,9703,2,0,20 21 5 12,1,100,,9704,2,0,20 21 5 12,1
5501,'12',1812,,9711,2,0,20 21 5 12,1,100,,9719,2,0,20 21 5 12,1,100,,9712,2,0,20 21 5 12,1,100,,9709,2,0,20 21 5 12,1,100,,9707,2,0,20 21 5 12,1
5501,'13',1812,,7648,2,0,20 21 5 12,1,100,,9734,2,0,20 21 5 12,1,100,,9727,2,0,20 21 5 12,1,100,,9725,2,0,20 21 5 12,1,100,,9723,2,0,20 21 5 12,1
5501,'16',712,,9743,2,0,20 21 5 12,1,100,,9753,2,0,20 21 5 12,1,100,,9748,2,0,20 21 5 12,1,100,,9741,2,0,20 21 5 12,1,100,,9752,2,0,20 21 5 12,1,100,,9745,2,0,20 21 5 12,1,100,,9739,2,0,20 21 5 12,1,100,,9747,2,0,20 21 5 12,1,100,,9749,2,0,20 21 5 12,1,100,,9746,2,0,20 21 5 12,1,100,,9744,2,0,20 21 5 12,1,100,,9738,2,0,20 21 5 12,1,100,,9740,2,0,20 21 5 12,1,100,,9742,2,0,20 21 5 12,1,100,,9750,2,0,20 21 5 12,1,100,,9751,2,0,20 21 5 12,1
5501,'3',1812,,7679,2,0,20 21 5 12,1,100,,9765,2,0,20 21 5 12,1,100,,9758,2,0,20 21 5 12,1,100,,9756,2,0,20 21 5 12,1,100,,9754,2,0,20 21 5 12,1
5501,'6',1812,,9773,2,0,20 21 5 12,1,100,,9781,2,0,20 21 5 12,1,100,,9774,2,0,20 21 5 12,1,100,,9771,2,0,20 21 5 12,1,100,,9769,2,0,20 21 5 12,1
7001,'1',709,,10301,2,0,20 21 7,1,100,,10303,2,0,20 21 7,1,100,,10298,2,0,20 21 7,1,100,,10309,2,0,20 21 7,1,100,,10305,2,0,20 21 7,1,100,,10297,2,0,20 21 7,1,100,,10300,2,0,20 21 7,1,100,,10307,2,0,20 21 7,1,100,,10306,2,0,20 21 7,1,100,,10296,2,0,20 21 7,1,100,,10294,2,0,20 21 7,1,100,,10295,2,0,20 21 7,1,100,,10299,2,0,20 21 7,1,100,,10302,2,0,20 21 7,1,100,,10304,2,0,20 21 7,1,100,,10308,2,0,20 21 7,1
7001,'11',709,,10317,2,0,20 21 7,1,100,,10319,2,0,20 21 7,1,100,,10314,2,0,20 21 7,1,100,,10325,2,0,20 21 7,1,100,,10321,2,0,20 21 7,1,100,,10313,2,0,20 21 7,1,100,,10316,2,0,20 21 7,1,100,,10323,2,0,20 21 7,1,100,,10322,2,0,20 21 7,1,100,,10312,2,0,20 21 7,1,100,,10310,2,0,20 21 7,1,100,,10311,2,0,20 21 7,1,100,,10315,2,0,20 21 7,1,100,,10318,2,0,20 21 7,1,100,,10320,2,0,20 21 7,1,100,,10324,2,0,20 21 7,1
7001,'12',1809,,10355,2,0,20 21 7,1,30,,10328,2,0,20 21 7,1,70,,10356,2,0,20 21 7,1,30,,10353,2,0,20 21 7,1,70,,10346,2,0,20 21 7,1,30,,10335,2,0,20 21 7,1,70,,10339,2,0,20 21 7,1,30,,10348,2,0,20 21 7,1,70,,10333,2,0,20 21 7,1,30,,10336,2,0,20 21 7,1
7001,'13',1809,,10384,2,0,20 21 7,1,30,,10360,2,0,20 21 7,1,70,,10385,2,0,20 21 7,1,30,,10381,2,0,20 21 7,1,70,,10376,2,0,20 21 7,1,30,,10367,2,0,20 21 7,1,70,,10372,2,0,20 21 7,1,30,,7653,2,0,20 21 7,1,70,,10366,2,0,20 21 7,1,30,,10368,2,0,20 21 7,1
7001,'16',709,,10394,2,0,20 21 7,1,100,,10396,2,0,20 21 7,1,100,,10391,2,0,20 21 7,1,100,,10402,2,0,20 21 7,1,100,,10398,2,0,20 21 7,1,100,,10390,2,0,20 21 7,1,100,,10393,2,0,20 21 7,1,100,,10400,2,0,20 21 7,1,100,,10399,2,0,20 21 7,1,100,,10389,2,0,20 21 7,1,100,,10387,2,0,20 21 7,1,100,,10388,2,0,20 21 7,1,100,,10392,2,0,20 21 7,1,100,,10395,2,0,20 21 7,1,100,,10397,2,0,20 21 7,1,100,,10401,2,0,20 21 7,1
7001,'3',1809,,10429,2,0,20 21 7,1,30,,10405,2,0,20 21 7,1,70,,10430,2,0,20 21 7,1,30,,10427,2,0,20 21 7,1,70,,10422,2,0,20 21 7,1,30,,10412,2,0,20 21 7,1,70,,10416,2,0,20 21 7,1,30,,7684,2,0,20 21 7,1,70,,10410,2,0,20 21 7,1,30,,10413,2,0,20 21 7,1
7001,'6',1809,,10461,2,0,20 21 7,1,30,,10434,2,0,20 21 7,1,70,,10462,2,0,20 21 7,1,30,,10458,2,0,20 21 7,1,70,,10451,2,0,20 21 7,1,30,,10441,2,0,20 21 7,1,70,,10446,2,0,20 21 7,1,30,,10452,2,0,20 21 7,1,70,,10440,2,0,20 21 7,1,30,,10442,2,0,20 21 7,1
7501,'1',743,,10474,9,0,25 24,1,100,,10465,9,0,25 24,1,100,,10467,9,0,25 24,1,100,,10478,9,0,25 24,1,100,,7765,9,0,25 24,1,100,,10477,9,0,25 24,1,100,,10468,9,0,25 24,1,100,,10472,9,0,25 24,1,100,,10473,9,0,25 24,1,100,,10466,9,0,25 24,1,100,,10470,9,0,25 24,1,100,,10471,9,0,25 24,1,100,,10464,9,0,25 24,1,100,,10469,9,0,25 24,1,100,,10476,9,0,25 24,1,100,,10475,9,0,25 24,1
7501,'11',743,,10489,9,0,25 24,1,100,,10480,9,0,25 24,1,100,,10482,9,0,25 24,1,100,,10494,9,0,25 24,1,100,,10493,9,0,25 24,1,100,,10492,9,0,25 24,1,100,,10483,9,0,25 24,1,100,,10487,9,0,25 24,1,100,,10488,9,0,25 24,1,100,,10481,9,0,25 24,1,100,,10485,9,0,25 24,1,100,,10486,9,0,25 24,1,100,,10479,9,0,25 24,1,100,,10484,9,0,25 24,1,100,,10491,9,0,25 24,1,100,,10490,9,0,25 24,1
7501,'12',1843,,10515,9,0,25 24,1,70,,10523,9,0,25 24,1,30,,10526,9,0,25 24,1,70,,10525,9,0,25 24,1,30,,10511,9,0,25 24,1,70,,10516,9,0,25 24,1,30,,10510,9,0,25 24,1,70,,10519,9,0,25 24,1,30,,10520,9,0,25 24,1,70,,10496,9,0,25 24,1
7501,'13',1843,,10546,9,0,25 24,1,70,,10554,9,0,25 24,1,30,,10557,9,0,25 24,1,70,,10556,9,0,25 24,1,30,,10543,9,0,25 24,1,70,,10547,9,0,25 24,1,30,,10542,9,0,25 24,1,70,,10550,9,0,25 24,1,30,,10551,9,0,25 24,1,70,,10529,9,0,25 24,1
7501,'16',743,,10568,9,0,25 24,1,100,,10559,9,0,25 24,1,100,,10561,9,0,25 24,1,100,,10572,9,0,25 24,1,100,,7831,9,0,25 24,1,100,,10571,9,0,25 24,1,100,,10562,9,0,25 24,1,100,,10566,9,0,25 24,1,100,,10567,9,0,25 24,1,100,,10560,9,0,25 24,1,100,,10564,9,0,25 24,1,100,,10565,9,0,25 24,1,100,,10558,9,0,25 24,1,100,,10563,9,0,25 24,1,100,,10570,9,0,25 24,1,100,,10569,9,0,25 24,1
7501,'3',1843,,10593,9,0,25 24,1,70,,10601,9,0,25 24,1,30,,10604,9,0,25 24,1,70,,10603,9,0,25 24,1,30,,10589,9,0,25 24,1,70,,10594,9,0,25 24,1,30,,10588,9,0,25 24,1,70,,10597,9,0,25 24,1,30,,10598,9,0,25 24,1,70,,10574,9,0,25 24,1
7501,'6',1843,,10625,9,0,25 24,1,70,,10633,9,0,25 24,1,30,,10636,9,0,25 24,1,70,,10635,9,0,25 24,1,30,,10622,9,0,25 24,1,70,,10626,9,0,25 24,1,30,,10621,9,0,25 24,1,70,,10629,9,0,25 24,1,30,,10630,9,0,25 24,1,70,,10607,9,0,25 24,1
