5001,'11',721,,11398,5,0,20 21 23 24,1,100,,9928,5,0,20 21 23 24,1,100,,11403,5,0,20 21 23 24,1,100,,11404,5,0,20 21 23 24,1,100,,11408,5,0,20 21 23 24,1,100,,11409,5,0,20 21 23 24,1,100,,11407,5,0,20 21 23 24,1,100,,11397,5,0,20 21 23 24,1,100,,11399,5,0,20 21 23 24,1,100,,11402,5,0,20 21 23 24,1,100,,11401,5,0,20 21 23 24,1,100,,11406,5,0,20 21 23 24,1,100,,11396,5,0,20 21 23 24,1,100,,11400,5,0,20 21 23 24,1,100,,11410,5,0,20 21 23 24,1,100,,11405,5,0,20 21 23 24,1
5001,'2',721,,11426,5,0,11 2 23 24,1,100,,11421,5,0,11 2 23 24,1,100,,11415,5,0,11 2 23 24,1,100,,11414,5,0,11 2 23 24,1,100,,11420,5,0,11 2 23 24,1,100,,11413,5,0,11 2 23 24,1,100,,11417,5,0,11 2 23 24,1,100,,11424,5,0,11 2 23 24,1,100,,11423,5,0,11 2 23 24,1,100,,11416,5,0,11 2 23 24,1,100,,11411,5,0,11 2 23 24,1,100,,11418,5,0,20 21 23 24,1,100,,11425,5,0,20 21 23 24,1,100,,11422,5,0,20 21 23 24,1,100,,11412,5,0,20 21 23 24,1,100,,11419,5,0,20 21 23 24,1
5001,'6',1019,,11429,5,0,20 21 23 24,1,100,,11431,5,0,20 21 23 24,1,100,,11434,5,0,20 21 23 24,1,100,,11427,5,0,20 21 23 24,1,100,,11430,5,0,20 21 23 24,1,100,,11432,5,0,20 21 23 24,1,100,,11428,5,0,20 21 23 24,1,100,,11433,5,0,20 21 23 24,1
5001,'8',721,,11450,5,0,11 2 23 24,1,100,,11445,5,0,11 2 23 24,1,100,,11439,5,0,11 2 23 24,1,100,,11438,5,0,11 2 23 24,1,100,,11444,5,0,11 2 23 24,1,100,,11437,5,0,11 2 23 24,1,100,,11441,5,0,11 2 23 24,1,100,,11448,5,0,11 2 23 24,1,100,,11447,5,0,11 2 23 24,1,100,,11440,5,0,11 2 23 24,1,100,,11435,5,0,11 2 23 24,1,100,,11442,5,0,20 21 23 24,1,100,,11449,5,0,20 21 23 24,1,100,,11446,5,0,20 21 23 24,1,100,,11436,5,0,20 21 23 24,1,100,,11443,5,0,20 21 23 24,1
5001,'9',1019,,11452,5,0,20 21 23 24,1,100,,11458,5,0,20 21 23 24,1,100,,11457,5,0,20 21 23 24,1,100,,11455,5,0,20 21 23 24,1,100,,11451,5,0,20 21 23 24,1,100,,11453,5,0,20 21 23 24,1,100,,11456,5,0,20 21 23 24,1,100,,11454,5,0,20 21 23 24,1
5501,'11',728,,11465,7,0,20 21 5 12,1,100,,11473,7,0,20 21 5 12,1,100,,11467,7,0,20 21 5 12,1,100,,11466,7,0,20 21 5 12,1,100,,11472,7,0,20 21 5 12,1,100,,11460,7,0,20 21 5 12,1,100,,11464,7,0,20 21 5 12,1,100,,11461,7,0,20 21 5 12,1,100,,11469,7,0,20 21 5 12,1,100,,11470,7,0,20 21 5 12,1,100,,11474,7,0,20 21 5 12,1,100,,11462,7,0,20 21 5 12,1,100,,11471,7,0,20 21 5 12,1,100,,11459,7,0,20 21 5 12,1,100,,11463,7,0,20 21 5 12,1,100,,11468,7,0,20 21 5 12,1
5501,'2',725,,11479,6,0,11 2 5 12,1,100,,11486,6,0,11 2 5 12,1,100,,11489,6,0,11 2 5 12,1,100,,11487,6,0,11 2 5 12,1,100,,11484,6,0,11 2 5 12,1,100,,11477,6,0,11 2 5 12,1,100,,11483,6,0,11 2 5 12,1,100,,11481,6,0,11 2 5 12,1,100,,11480,6,0,11 2 5 12,1,100,,11478,6,0,11 2 5 12,1,100,,11475,6,0,11 2 5 12,1,103,,11476,7,0,20 21 5 12,1,100,,11490,7,0,20 21 5 12,1,100,,11488,7,0,20 21 5 12,1,100,,11485,7,0,20 21 5 12,1,100,,11482,7,0,20 21 5 12,1
5501,'6',1024,,11495,7,0,20 21 5 12,1,100,,11498,7,0,20 21 5 12,1,100,,11494,7,0,20 21 5 12,1,100,,11497,7,0,20 21 5 12,1,100,,11496,7,0,20 21 5 12,1,100,,11491,7,0,20 21 5 12,1,100,,11492,7,0,20 21 5 12,1,100,,11493,7,0,20 21 5 12,1
5501,'8',725,,11503,6,0,11 2 5 12,1,100,,11510,6,0,11 2 5 12,1,100,,11513,6,0,11 2 5 12,1,100,,11511,6,0,11 2 5 12,1,100,,11508,6,0,11 2 5 12,1,100,,11501,6,0,11 2 5 12,1,100,,11507,6,0,11 2 5 12,1,100,,11505,6,0,11 2 5 12,1,100,,11504,6,0,11 2 5 12,1,100,,11502,6,0,11 2 5 12,1,100,,11499,6,0,11 2 5 12,1,103,,11500,7,0,20 21 5 12,1,100,,11514,7,0,20 21 5 12,1,100,,11512,7,0,20 21 5 12,1,100,,11509,7,0,20 21 5 12,1,100,,11506,7,0,20 21 5 12,1
5501,'9',1024,,11520,7,0,20 21 5 12,1,100,,11518,7,0,20 21 5 12,1,100,,11515,7,0,20 21 5 12,1,100,,11522,7,0,20 21 5 12,1,100,,11516,7,0,20 21 5 12,1,100,,11517,7,0,20 21 5 12,1,100,,11519,7,0,20 21 5 12,1,100,,11521,7,0,20 21 5 12,1
