22,2200,'11',10637,10638,10639,10640,10641,10642,10643,10644,10645,10646,10647,10648,10649,10650,8292,10651,10652
22,2200,'2',10653,10654,10655,10656,10657,10658,10659,10660,10661,10662,10663,8419,10664,10665,10666,10667,10668
22,2200,'6',10669,10670,10671,10672,10673,10674,10675,10676
22,2200,'8',10677,10678,10679,10680,10681,10682,10683,10684,10685,10686,10687,8385,10688,10689,10690,10691,10692
22,2200,'9',10693,10694,10695,10696,10697,10698,10699,10700
22,2201,'11',10701,10702,10703,10704,10705,10706,10707,10708,10709,10710,10711,10712,10713,10714,10715,10716,10717
22,2201,'2',10718,10719,10720,10721,10722,10723,10724,10725,10726,10727,10728,8978,10729,10730,10731,10732,10733
22,2201,'6',10734,10735,10736,10737,10738,10739,10740,10741,10742
22,2201,'8',10743,10744,10745,10746,10747,10748,10749,10750,10751,10752,10753,8879,10754,10755,10756,10757,10758
22,2201,'9',10759,10760,10761,10762,10763,10764,10765,10766,10767
25,2500,'11',10768,10769,10770,10771,10772,10773,10774,10775,10776,10777,10778,10779,10780,10781,10782,10783
25,2500,'2',10784,10785,10786,10787,10788,10789,10790,10791,9438,10792,10793,10794,10795,10796,10797,10798
25,2500,'6',10799,10800,10801,10802,10803,10804,10805,10806
25,2500,'8',10807,10808,10809,10810,10811,10812,10813,10814,9340,10815,10816,10817,10818,10819,10820,10821
25,2500,'9',10822,10823,10824,10825,10826,10827,10828,10829
25,2501,'11',10830,10831,10832,10833,10834,10835,10836,10837,10838,10839,10840,10841,10842,10843,10844,10845
25,2501,'2',10846,10847,10848,10849,10850,10851,10852,10853,10854,10855,10856,10857,10858,10859,10860,10861
25,2501,'6',10862,10863,10864,10865,10866,10867,10868,10869
25,2501,'8',10870,10871,10872,10873,10874,10875,10876,10877,10878,10879,10880,10881,10882,10883,10884,10885
25,2501,'9',10886,10887,10888,10889,10890,10891,10892,10893
34,3400,'2',10894,10895,10577,10896,10897,10898,9432,10899,10900,10901
34,3400,'8',10902,10903,10531,10904,10905,10906,9333,10907,10908,10909
34,3401,'2',10910,10911,10912,10913,10914,10915,10916,10917,10918,10919
34,3401,'8',10920,10921,10922,10923,10924,10925,10926,10927,10928,10929
40,4001,'11',10930,10931,10932,10933,10934,10935,10936,10937,10938,10939,10940,10941,10942,10943,10944,10945
40,4001,'2',10946,10947,10948,10949,10950,10951,10952,10953,10954,10955,10956,10957,10958,10959,8414,9394,10201,10960,10961,10962,10963,10964,10965,8645,10966,10205,8416,10967,10968,10969,10970,10971,10972,10973,10974,10975,10976,10977,10978,10979,10980,10981,10982,10983,10984,10985,10986,10987,10988,10989,10990,10991,9425,10992,10993,10994,9428,10995,10996,10997,10998,10999,11000,11001,11002,11003,11004,11005,11006,11007,11008,11009,11010,11011,11012,11013,11014,11015,11016,9000,11017,11018,11019,11020,11021,11022,11023,11024,11025,11026,11027,11028,8424,11029,8425,11030,11031,11032,11033,11034,11035,11036,11037,11038,11039,9024,11040,11041,11042,11043
40,4001,'6',11044,11045,11046,11047,11048,11049,11050,11051
40,4001,'8',11052,11053,11054,11055,11056,11057,11058,11059,11060,11061,11062,11063,8380,9295,10134,11064,11065,11066,11067,11068,8614,11069,10138,11070,8382,11071,11072,11073,11074,11075,11076,11077,11078,11079,11080,11081,11082,11083,11084,11085,11086,11087,11088,11089,11090,11091,11092,11093,11094,11095,9326,11096,11097,11098,9329,11099,11100,11101,11102,11103,11104,11105,11106,11107,11108,11109,11110,11111,11112,11113,11114,11115,11116,11117,11118,11119,11120,11121,11122,11123,11124,11125,11126,11127,11128,11129,11130,11131,11132,11133,11134,8390,11135,8391,11136,11137,11138,11139,11140,11141,11142,11143,11144,11145,11146,8926,11147,11148,11149,11150
40,4001,'9',11151,11152,11153,11154,11155,11156,11157,11158
45,4501,'11',11159,11160,10388,11161,11162,11163,11164,11165,11166,11167,11168,11169,11170,11171,11172,11173
45,4501,'2',11174,11175,11176,11177,11178,11179,11180,11181,11182,11183,11184,11185,11186,11187,11188,10410,11189,11190,11191,11192,11193,11194,11195,11196,11197,11198,11199,11200,11201,11202,11203,11204,11205,11206,8299,11207,11208,11209,11210,11211,11212,11213,9961,8976,11214,11215,11216,11217,11218,11219,11220,11221,11222,11223,11224,11225,11226,11227,11228,11229,11230,11231,11232,11233,11234,11235,11236,11237,11238,11239,11240,11241,11242,11243,11244,11245,11246,11247,11248,9008,11249,11250,11251,11252,11253,11254,11255,11256,11257,11258,9655,11259,9986,11260,11261,11262,11263,11264,11265,11266,11267,11268,11269,11270,11271,11272,11273,11274,11275,11276
45,4501,'6',11277,11278,11279,11280,11281,11282,11283,11284
45,4501,'8',11285,11286,11287,11288,11289,11290,11291,11292,11293,11294,11295,11296,11297,11298,11299,11300,11301,10366,11302,11303,11304,11305,11306,11307,11308,11309,11310,11311,11312,11313,11314,11315,11316,11317,11318,11319,11320,8265,11321,11322,11323,11324,11325,9892,11326,8877,11327,11328,11329,11330,11331,11332,11333,11334,11335,11336,11337,11338,11339,11340,11341,11342,11343,11344,11345,11346,11347,11348,11349,11350,11351,11352,11353,11354,11355,11356,11357,11358,11359,11360,8909,11361,11362,11363,11364,11365,11366,11367,11368,11369,9625,11370,9917,11371,11372,11373,11374,11375,11376,11377,11378,11379,11380,11381,11382,11383,11384,11385,11386,11387
45,4501,'9',11388,11389,11390,11391,11392,11393,11394,11395
50,5001,'11',11396,11397,11398,11399,11400,11401,11402,9928,11403,11404,11405,11406,11407,11408,11409,11410
50,5001,'2',11411,11412,11413,11414,11415,11416,11417,11418,11419,11420,11421,11422,11423,11424,11425,11426
50,5001,'6',11427,11428,11429,11430,11431,11432,11433,11434
50,5001,'8',11435,11436,11437,11438,11439,11440,11441,11442,11443,11444,11445,11446,11447,11448,11449,11450
50,5001,'9',11451,11452,11453,11454,11455,11456,11457,11458
55,5501,'11',11459,11460,11461,11462,11463,11464,11465,11466,11467,11468,11469,11470,11471,11472,11473,11474
55,5501,'2',11475,11476,11477,11478,11479,11480,11481,11482,11483,11484,11485,11486,11487,11488,11489,11490
55,5501,'6',11491,11492,11493,11494,11495,11496,11497,11498
55,5501,'8',11499,11500,11501,11502,11503,11504,11505,11506,11507,11508,11509,11510,11511,11512,11513,11514
55,5501,'9',11515,11516,11517,11518,11519,11520,11521,11522
60,6001,'11',11523,11524,11525,11526,11527,11528,11529,8626,11530,11531,11532,9747,11533,11534,11535,11536
60,6001,'2',11537,11538,11539,11540,11541,11542,11543,11544,8528,11545,11546,11547,11548,11549,11550,11551,11552,11553,9759,11554,11555,11556,11557,8977,11558,11559,11560,11561,11562,8303,11563,11564,11565,11566,11567,11568,11569,11570,11571,11572,11573,11574,11575,11576,11577,11578,11579,11580,11581,11582,11583,11584,11585
60,6001,'6',11586,11587,11588,11589,11590,11591,11592,11593
60,6001,'8',11594,11595,11596,11597,11598,11599,11600,11601,8496,11602,11603,11604,11605,11606,11607,11608,11609,11610,9728,11611,11612,11613,11614,8878,11615,11616,11617,11618,11619,8269,11620,11621,11622,11623,11624,11625,11626,11627,11628,11629,11630,11631,11632,11633,11634,11635,11636,11637,11638,11639,11640,11641,11642
60,6001,'9',11643,11644,11645,11646,11647,11648,11649,11650
65,6501,'11',11651,11652,11653,11654,11655,11656,11657,11658,11659,11660,11661,11662,11663,11664,11665,11666
65,6501,'2',11667,11668,11669,11670,11671,11672,11673,8950,11674,11675,11676,11677,11678,11679,11680,11681,11682,11683,11684,11685,11686,11687,11688,11689,11690,11691,11692,11693,11694,11695,11696,11697,11698,11699,11700,11701,11702,11703,11704,11705,11706,11707,11708,11709,11710,11711,11712,11713,11714,11715,11716,11717,11718,11719,11720
65,6501,'6',11721,11722,11723,11724,11725,11726,11727,11728
65,6501,'8',11729,11730,11731,11732,11733,11734,8851,11735,11736,11737,11738,11739,11740,11741,11742,11743,11744,11745,11746,11747,11748,11749,11750,11751,11752,11753,11754,11755,11756,11757,11758,11759,11760,11761,11762,11763,11764,11765,11766,11767,11768,11769,11770,11771,11772,11773,11774,11775,11776,11777,11778,11779,11780,11781,11782
65,6501,'9',11783,11784,11785,11786,11787,11788,11789,11790
70,7001,'11',11791,11792,11793,11794,8932,11795,11796,11797,11798,11799,11800,11801,11802,9369,11803,11804
70,7001,'2',11805,11806,11807,11808,11809,11810,11811,11812,11813,11814,11815,11816,11817,11818,11819,11820,11821,11822,11823,11824,11825,11826,11827,11828,11829,11830,11831,11832,11833,11834,11835,11836
70,7001,'6',11837,11838,11839,11840,11841,11842,11843,11844
70,7001,'8',11845,11846,11847,9875,11848,11849,11850,11851,11852,11853,11854,11855,11856,11857,11858,11859,11860,11861,11862,11863,11864,11865,11866,11867,11868,8887,11869,11870,11871,11872,11873,11874
70,7001,'9',11875,11876,11877,11878,11879,11880,11881,11882
75,7501,'11',11883,11884,11885,11886,11887,11888,11889,11890,11891,11892,11893,11894,11895,11896,11897,11898
75,7501,'2',11899,11900,11901,11902,9948,11903,11904,11905,11906,11907,11908,11909,8971,11910,11911,11912,11913,11914,11915,11916,11917,11918,11919,11920,11921,11922,11923,11924,11925,11926,11927,11928
75,7501,'6',11929,11930,11931,11932,11933,11934,11935,11936
75,7501,'8',11937,11938,11939,11940,9879,11941,11942,11943,11944,11945,11946,11947,8871,11948,11949,11950,11951,11952,11953,11954,11955,11956,11957,11958,11959,11960,11961,11962,11963,11964,11965,11966
75,7501,'9',11967,11968,11969,11970,11971,11972,11973,11974
